   1  32   1   0  0.1850611E+02  0.1000000E-03
  CAR 
 unknown system                          
   0   0   0
   1   1
 256 256 256
 256
  0.1000000E-09
  0.6250000E-11
   0
  0.5000000E-15  0.8397597E-09  0.8397597E-09  0.8397597E-09
  0.0000000E+00  0.0000000E+00
  0.000
  0.000
  0.000
  0.000
  0.000
  0.000
  0.000
  0.000
  0.000
  0.000
  0.000
  0.000
  0.000
  0.000
  0.000
  0.000
  0.000
  0.000
  0.000
  0.000
  0.000
  0.000
  0.000
  0.000
  0.000
  0.000
  0.000
  0.000
  0.000
  0.000
  0.000
  0.000
  0.000
  0.000
  0.000
  0.000
  0.000
  0.000
  0.000
  0.000
  0.000
  0.000
  0.000
  0.000
  0.000
  0.000
  0.000
 32.081
  0.000
  0.000
  0.000
  0.000
  0.000
  0.000
  0.000
  0.000
  0.000
  0.000
  0.000
  0.000
  0.000
  0.000
  0.000
  0.000
  0.000
  0.000
  0.000
  7.943
  0.000
  0.000
  0.000
  0.000
  0.000
  0.000
  0.000
  0.000
  0.000
  0.000
  0.000
  0.000
  0.000
  0.000
 21.270
  0.000
  0.000
  0.000
  0.000
  0.000
  0.000
  0.000
  0.000
  0.000
  0.000
  0.000
  0.169
  7.771
  0.000
  0.000
  0.000
  0.000
  0.000
  0.000
  0.000
  0.000
  0.000
  0.000
 12.764
  0.000
  0.000
  0.000
  0.000
  0.000
  0.000
  0.000
  0.000
  0.000
  3.556
  0.000
  0.000
  0.000
  0.000
  0.000
  0.000
  0.000
  0.000
 18.383
  0.000
  0.000
  0.000
  0.000
  0.000
  0.000
  0.000
  0.000
  0.000
  0.000
  0.000
  0.000
  0.000
  0.000
  0.000
  0.000
 10.694
  0.000
  0.000
  0.000
  0.000
  0.000
  0.000
  0.000
  6.391
  0.000
  0.000
  0.000
  0.000
  0.000
  0.000
  5.836
  0.000
  0.000
  0.000
  0.000
  0.000
  0.000
  5.350
  0.000
  0.000
  0.000
  0.000
  0.000
  0.000
 14.766
  0.000
  0.000
  0.000
  0.000
  0.000
  0.000
  0.000
  0.000
  0.000
  0.000
  0.000
  8.330
  0.266
  0.000
  0.000
  0.000
  0.000
  0.000
  0.000
  0.000
  0.000
  0.000
  0.000
  7.536
  0.039
  0.000
  0.000
  0.000
  0.000
  4.457
  0.000
  0.000
  0.000
  0.000
  0.177
  9.912
  0.000
  0.000
  0.000
  0.000
  3.206
  0.000
  0.000
  0.000
  0.000
  6.121
  0.000
  0.000
  0.000
  0.000
  2.924
  0.000
  0.000
  0.000
  0.000
  5.594
  0.000
  0.000
  0.000
  0.000
  0.000
  0.000
  0.000
  0.000
  0.000
  8.983
  0.000
  0.000
  0.000
  0.000
  2.462
  0.000
  0.000
  0.000
  9.530
  0.000
  0.000
  0.000
  0.000
  4.578
  0.000
  0.000
  0.000
  2.218
