   1   2   1   0  0.1728916E+02  0.1000000E-03
  CAR 
 unknown system                          
   0   0   0
   1   1
 256 256 256
 256
  0.1000000E-09
  0.6250000E-11
   0
  0.5000000E-15  0.2940234E-09  0.2940234E-09  0.4603737E-09
  0.0000000E+00  0.0000000E+00
  0.000
  0.000
  0.000
  0.000
  0.000
  0.000
  0.000
  0.000
  0.000
  0.000
  0.000
  0.000
  0.000
  0.000
  0.000
  0.000
  0.000
  0.000
  0.000
  0.000
  0.000
  0.000
  0.000
  0.000
  0.000
  0.000
  0.000
  0.000
  0.000
  0.000
  0.000
  0.000
  0.000
  0.000
  0.000
  0.000
  0.000
  0.000
  0.000
  0.000
  0.000
  0.000
  0.000
  0.000
  0.000
 16.332
  0.000
  0.000
  0.000
  0.000
  0.000
  0.000
  0.000
  0.000
  0.000
  0.000
  0.000
  0.000
  0.000
  0.000
  0.000
  0.000
  0.000
  0.000
  0.000
  7.881
  0.000
  0.000
  0.000
  0.000
  0.000
  0.000
  0.000
  0.000
  0.000
  0.000
  0.000
  0.000
  0.000
  0.000
  6.957
  3.394
  0.000
  0.000
  0.000
  0.000
  0.000
  0.000
  0.000
  0.000
  0.000
  0.000
  0.000
  0.000
  0.000
  0.000
  0.000
  0.000
  0.000
  0.000
  0.000
  0.000
  0.000
  0.000
  4.128
  2.025
  0.000
  0.000
  0.000
  0.000
  0.000
  0.000
  0.000
  2.625
  2.579
  0.000
  0.000
  0.000
  0.000
  0.000
  0.000
  0.000
  0.000
  3.695
  2.909
  0.000
  0.000
  0.000
  0.000
  0.000
  0.000
  3.911
  0.000
  0.000
  0.000
  0.000
  0.000
  0.000
  0.000
  0.000
  0.571
  1.126
  0.000
  0.000
  0.000
  0.000
  0.000
  3.108
  2.044
  1.009
  0.000
  0.000
  0.000
  0.000
  0.472
  2.797
  0.920
  0.000
  0.000
  0.000
  0.000
  0.864
  1.707
  0.000
  0.000
  0.000
  0.000
  0.000
  0.000
  1.569
  0.775
  0.000
  0.000
  0.000
  0.370
  0.732
  0.000
  0.000
  0.000
  0.000
  0.000
  2.737
  1.354
  0.000
  0.000
  0.000
  0.972
  1.924
  0.000
  0.000
  0.000
  0.307
  0.608
  1.505
  1.192
  0.000
  0.000
  1.734
  1.144
  1.699
  0.561
  0.000
  0.000
  0.000
  0.000
  0.000
  0.000
  0.000
  1.556
  0.514
  1.017
  0.000
  0.000
  0.742
  0.000
  0.971
  0.481
  0.000
  0.944
  1.404
  1.391
  0.459
  0.000
  0.000
  0.895
  1.330
  0.439
  0.000
  0.216
  0.428
  0.000
  0.000
  0.000
  0.827
  0.820
  0.813
  0.000
  0.000
  1.189
  1.572
  0.779
  0.000
  0.000
  0.190
  1.131
  0.374
  0.000
  1.472
  0.365
  0.362
  0.000
  0.000
  0.000
  0.000
  0.000
  0.345
