   1  32   1   0  0.1984955E+02  0.1000000E-03
  CAR 
 unknown system                          
   0   0   0
   1   1
 256 256 256
 256
  0.1000000E-09
  0.6250000E-11
   0
  0.5000000E-15  0.8596075E-09  0.8596075E-09  0.8596075E-09
  0.0000000E+00  0.0000000E+00
  0.000
  0.000
  0.000
  0.000
  0.000
  0.000
  0.000
  0.000
  0.000
  0.000
  0.000
  0.000
  0.000
  0.000
  0.000
  0.000
  0.000
  0.000
  0.000
  0.000
  0.000
  0.000
  0.000
  0.000
  0.000
  0.000
  0.000
  0.000
  0.000
  0.000
  0.000
  0.000
  0.000
  0.000
  0.000
  0.000
  0.000
  0.000
  0.000
  0.000
  0.000
  0.000
  0.000
  0.000
  0.000
  0.000
  0.000
  0.000
 33.005
  0.000
  0.000
  0.000
  0.000
  0.000
  0.000
  0.000
  0.000
  0.000
  0.000
  0.000
  0.000
  0.000
  0.000
  0.000
  0.000
  0.000
  0.000
  0.000
  8.273
  0.000
  0.000
  0.000
  0.000
  0.000
  0.000
  0.000
  0.000
  0.000
  0.000
  0.000
  0.000
  0.000
  0.000
  0.000
 21.747
  0.000
  0.000
  0.000
  0.000
  0.000
  0.000
  0.000
  0.000
  0.000
  0.000
  0.000
  0.000
  8.167
  0.000
  0.000
  0.000
  0.000
  0.000
  0.000
  0.000
  0.000
  0.000
  0.000
 13.190
  0.000
  0.000
  0.000
  0.000
  0.000
  0.000
  0.000
  0.000
  0.000
  0.000
  3.625
  0.000
  0.000
  0.000
  0.000
  0.000
  0.000
  0.000
  0.000
 18.808
  0.000
  0.000
  0.000
  0.000
  0.000
  0.000
  0.000
  0.000
  0.000
  0.000
  0.000
  0.000
  0.000
  0.000
  0.000
  0.000
 10.926
  0.075
  0.000
  0.000
  0.000
  0.000
  0.000
  0.000
  6.590
  0.000
  0.000
  0.000
  0.000
  0.000
  0.000
  0.000
  5.953
  0.000
  0.000
  0.000
  0.000
  0.000
  0.000
  5.469
  0.000
  0.000
  0.000
  0.000
  0.000
  0.000
 15.124
  0.000
  0.000
  0.000
  0.000
  0.000
  0.000
  0.000
  0.000
  0.000
  0.000
  0.000
  0.000
  8.740
  0.000
  0.000
  0.000
  0.000
  0.000
  0.000
  0.000
  0.000
  0.000
  0.000
  0.000
  7.725
  0.000
  0.000
  0.000
  0.000
  0.000
  4.552
  0.000
  0.000
  0.000
  0.000
 10.161
  0.251
  0.000
  0.000
  0.000
  0.000
  3.282
  0.000
  0.000
  0.000
  0.000
  6.273
  0.000
  0.000
  0.000
  0.000
  0.031
  2.943
  0.000
  0.000
  0.000
  0.000
  5.696
  0.000
  0.000
  0.000
  0.000
  0.000
  0.000
  0.000
  0.000
  0.028
  9.139
  0.000
  0.000
  0.000
  2.482
  0.052
  0.000
  0.000
  0.000
  9.742
  0.000
  0.000
  0.000
