   1  36   1   0  0.1780783E+02  0.1000000E-03
  CAR 
 unknown system                          
   0   0   0
   1   1
 256 256 256
 256
  0.1000000E-09
  0.6250000E-11
   0
  0.5000000E-15  0.8820702E-09  0.8820702E-09  0.9483699E-09
  0.0000000E+00  0.0000000E+00
  0.000
  0.000
  0.000
  0.000
  0.000
  0.000
  0.000
  0.000
  0.000
  0.000
  0.000
  0.000
  0.000
  0.000
  0.000
  0.000
  0.000
  0.000
  0.000
  0.000
  0.000
  0.000
  0.000
  0.000
  0.000
  0.000
  0.000
  0.000
  0.000
  0.000
  0.000
  0.000
  0.000
  0.000
  0.000
  0.000
  0.000
  0.000
  0.000
  0.000
  0.000
  0.000
  0.000
  0.000
  0.000
  0.000
 16.404
 15.149
  0.000
  0.000
  0.000
  0.000
  0.000
  0.000
  0.000
  0.000
  0.000
  0.000
  0.000
  0.000
  0.000
  0.000
  0.000
  0.000
  0.000
  0.075
  7.802
  0.000
  0.000
  0.000
  0.000
  0.000
  0.000
  0.000
  0.000
  2.037
  0.000
  0.000
  0.000
  0.000
  0.000
 15.729
  0.000
  0.000
  0.000
  0.000
  0.000
  0.000
  0.000
  8.695
  0.000
  0.000
  0.000
  0.037
  3.864
  0.000
  0.000
  0.000
  0.000
  0.000
  0.000
  0.000
  0.000
  0.000
  2.126
  4.172
  0.000
  0.000
  0.000
  0.000
  0.000
  5.603
  0.000
  0.000
  0.000
  2.611
  0.071
  2.452
  0.000
  0.000
  3.176
  1.595
  0.000
  0.000
  8.946
  0.758
  1.471
  0.000
  0.000
  0.000
  0.000
  0.000
  0.000
  0.000
  3.850
  0.000
  0.000
  0.000
  0.000
  0.000
  0.588
  1.160
  0.000
  0.000
  0.000
  4.326
  2.224
  0.000
  2.076
  2.106
  2.050
  0.000
  0.000
  0.000
  0.000
  0.960
  1.896
  1.404
  2.734
  0.038
  2.704
  0.000
  0.440
  0.869
  2.574
  0.000
  0.000
  0.000
  0.000
  3.233
  1.597
  0.000
  2.341
  0.000
  0.000
  0.000
  0.373
  0.737
  2.186
  0.721
  1.425
  0.705
  1.414
  2.049
  0.000
  1.378
  2.642
  0.000
  0.653
  2.263
  0.000
  0.950
  0.000
  0.930
  1.841
  0.008
  3.599
  0.893
  0.000
  1.167
  1.733
  0.572
  2.792
  0.600
  0.555
  1.100
  0.000
  0.000
  0.000
  0.000
  0.524
  0.526
  0.507
  1.528
  0.000
  2.000
  0.991
  0.000
  1.702
  1.941
  0.226
  1.669
  1.413
  2.298
  0.026
  0.438
  1.810
  2.467
  2.668
  0.882
  0.000
  0.000
  1.294
  0.633
  0.399
  1.279
  0.208
  0.412
  0.816
  0.405
  1.600
  2.394
  1.574
  0.005
  0.971
  0.754
  1.162
  0.758
  0.752
  1.114
  0.745
  0.744
  0.354
  0.000
  0.717
  1.778
