   0.000000000000000        87.341156027027409
  10.000000000000000        87.339656742071867
  20.000000000000000        87.303095480240131
  30.000000000000000        87.174452821443765
  40.000000000000000        86.955649759506343
  50.000000000000000        86.673434145931594
  60.000000000000000        86.350461107090524
  70.000000000000000        86.001410213325556
  80.000000000000000        85.635173070550536
  90.000000000000000        85.257108515847847
 100.000000000000000        84.870505825773719
 110.000000000000000        84.477439224277774
 120.000000000000000        84.079255427799040
 130.000000000000000        83.676854216231817
 140.000000000000000        83.270852509391361
 150.000000000000000        82.861683780795204
 160.000000000000000        82.449659746458963
 170.000000000000000        82.035007311975335
 180.000000000000000        81.617896404224609
 190.000000000000000        81.198454629530048
 200.000000000000000        80.776779169113397
 210.000000000000000        80.352945170435447
 220.000000000000000        79.927011085248822
 230.000000000000000        79.499021989680045
 240.000000000000000        79.069013806501843
 250.000000000000000        78.637014210371561
 260.000000000000000        78.203044805046432
 270.000000000000000        77.767122462852157
 280.000000000000000        77.329259541411034
 290.000000000000000        76.889466078768464
 300.000000000000000        76.447748923119391
 310.000000000000000        76.004112357631968
 320.000000000000000        75.558559734423142
 330.000000000000000        75.111092119666424
 340.000000000000000        74.661709570184783
 350.000000000000000        74.210410743183985
 360.000000000000000        73.757194338084389
 370.000000000000000        73.302056133590014
 380.000000000000000        72.844993480929134
 390.000000000000000        72.386001756337095
 400.000000000000000        71.925077021676017
 410.000000000000000        71.462212759413319
 420.000000000000000        70.997404241043341
 430.000000000000000        70.530644787102048
 440.000000000000000        70.061928595710938
 450.000000000000000        69.591248972703340
 460.000000000000000        69.118598085421368
 470.000000000000000        68.643969469495445
 480.000000000000000        68.167355934296125
 490.000000000000000        67.688750118063695
 500.000000000000000        67.208143339889872
 510.000000000000000        66.725528902308312
 520.000000000000000        66.240897430927376
 530.000000000000000        65.754241907681063
 540.000000000000000        65.265553863731043
 550.000000000000000        64.774824992306691
 560.000000000000000        64.282046691446311
 570.000000000000000        63.787209545432653
 580.000000000000000        63.290307358965720
 590.000000000000000        62.791330397236216
 600.000000000000000        62.290269906294895
 610.000000000000000        61.787117067328921
 620.000000000000000        61.281864086659070
 630.000000000000000        60.774502330592135
 640.000000000000000        60.265022046465198
 650.000000000000000        59.753416225101070
 660.000000000000000        59.239674961339709
 670.000000000000000        58.723789983114379
 680.000000000000000        58.205752628457546
 690.000000000000000        57.685554881364752
 700.000000000000000        57.163189751318548
 710.000000000000000        56.638646683125849
 720.000000000000000        56.111918114720382
 730.000000000000000        55.582998046049696
 740.000000000000000        55.051876039299415
 750.000000000000000        54.518544252813832
 760.000000000000000        53.982997917820917
 770.000000000000000        53.445226872360010
 780.000000000000000        52.905224125001794
 790.000000000000000        52.362985020692669
 800.000000000000000        51.818497865602239
 810.000000000000000        51.271762861326074
 820.000000000000000        50.722766809712105
 830.000000000000000        50.171509889548574
 840.000000000000000        49.617982388870779
 850.000000000000000        49.062179073947213
 860.000000000000000        48.504099378969926
 870.000000000000000        47.943731713137097
 880.000000000000000        47.381076908735359
 890.000000000000000        46.816132464984541
 900.000000000000000        46.248889792531436
 910.000000000000000        45.679352737774536
 920.000000000000000        45.107512646645652
 930.000000000000000        44.533373974016698
 940.000000000000000        43.956931495671014
 950.000000000000000        43.378189191135824
 960.000000000000000        42.797145548154433
 970.000000000000000        42.213802990210489
 980.000000000000000        41.628158893908335
 990.000000000000000        41.040225845649672
1000.000000000000000        40.450004160932977
