# temperature   10.000000000000000
#    0.000004601695166   -0.001255133753658    0.128958102371342   -5.899407909777703  101.287170933591412
  61.891461437911268    0.305810300000000
  63.866574167350187    0.368058100000000
  65.883266697679289    0.431315300000000
  67.941972151824558    0.524072200000000
  70.043123652711898    0.646322900000000
  72.187154323267265    0.795888600000000
  74.374497286416585    0.994152500000000
  76.605585665085812    1.280684400000000
  78.880852582200887    1.653375700000000
  81.200731160687738    2.194113800000000
  83.565654523472290    3.031183100000000


# temperature   20.000000000000000
#    0.000024751973100   -0.006532386834623    0.654251644043011  -29.317185806568325  494.765533699450827
  61.891461437911268    3.058021900000000
  63.866574167350187    3.753796000000000
  65.883266697679289    4.590856200000000
  67.941972151824558    5.660786600000000
  70.043123652711898    6.978450400000000
  72.187154323267265    8.553650700000000
  74.374497286416585   10.575882000000000
  76.605585665085812   13.046993000000001
  78.880852582200887   16.050059200000000
  81.200731160687738   19.852080999999998
  83.565654523472290   24.573938099999999


# temperature   30.000000000000000
#    0.000028599566648   -0.007349421590724    0.727617323615141  -32.419417346454985  545.477521533925596
  61.891461437911268   10.479935800000000
  63.866574167350187   12.443337400000001
  65.883266697679289   14.700981700000000
  67.941972151824558   17.326884600000000
  70.043123652711898   20.316341200000000
  72.187154323267265   23.638913100000000
  74.374497286416585   27.552977500000001
  76.605585665085812   31.872758800000000
  78.880852582200887   36.692339699999998
  81.200731160687738   42.173290500000000
  83.565654523472290   48.171570799999998


# temperature   40.000000000000000
#    0.000026189844519   -0.006684779864741    0.668200038675882  -30.064803167413810  509.536442009930113
  61.891461437911268   20.906404500000001
  63.866574167350187   23.984883600000000
  65.883266697679289   27.365180200000001
  67.941972151824558   31.059359900000000
  70.043123652711898   35.031789300000000
  72.187154323267265   39.213208399999999
  74.374497286416585   43.835737100000003
  76.605585665085812   48.606341999999998
  78.880852582200887   53.615913300000003
  81.200731160687738   58.932012999999998
  83.565654523472290   64.329546899999997


# temperature   50.000000000000000
#    0.000025538344742   -0.006602696269207    0.673074532575048  -30.614049778692610  520.808303033809693
  61.891461437911268   31.901463499999998
  63.866574167350187   35.624792499999998
  65.883266697679289   39.560147700000002
  67.941972151824558   43.666330400000000
  70.043123652711898   47.894662400000001
  72.187154323267265   52.166976599999998
  74.374497286416585   56.678683300000003
  76.605585665085812   61.126788599999998
  78.880852582200887   65.609031900000005
  81.200731160687738   70.159663199999997
  83.565654523472290   74.574657999999999


# temperature   60.000000000000000
#    0.000026242926665   -0.006879915700189    0.709770901748325  -32.282867479461729  545.642728714250779
  61.891461437911268   42.067377700000002
  63.866574167350187   46.007730000000002
  65.883266697679289   50.045530300000003
  67.941972151824558   54.112954799999997
  70.043123652711898   58.166679299999998
  72.187154323267265   62.140111400000002
  74.374497286416585   66.201599200000004
  76.605585665085812   70.081904499999993
  78.880852582200887   73.884034299999996
  81.200731160687738   77.634232699999998
  83.565654523472290   81.169635200000002


# temperature   70.000000000000000
#    0.000027082668816   -0.007151433888720    0.739648319435878  -33.346083779923553  556.212200443103370
  61.891461437911268   50.870041899999997
  63.866574167350187   54.743108900000003
  65.883266697679289   58.615334599999997
  67.941972151824558   62.413010600000000
  70.043123652711898   66.106110500000000
  72.187154323267265   69.645760400000000
  74.374497286416585   73.180249500000002
  76.605585665085812   76.483532100000005
  78.880852582200887   79.658125799999993
  81.200731160687738   82.728869200000005
  83.565654523472290   85.569297199999994


# temperature   80.000000000000000
#    0.000027587359695   -0.007294858750047    0.751994085110636  -33.442285942307102  548.761156100601738
  61.891461437911268   58.246670399999999
  63.866574167350187   61.897594200000000
  65.883266697679289   65.477417900000006
  67.941972151824558   68.917345900000001
  70.043123652711898   72.201146600000001
  72.187154323267265   75.296342999999993
  74.374497286416585   78.334800400000006
  76.605585665085812   81.130017400000000
  78.880852582200887   83.779584600000007
  81.200731160687738   86.307780500000007
  83.565654523472290   88.615972299999996


# temperature   90.000000000000000
#    0.000027724041340   -0.007314625057725    0.749246993239840  -32.787239728754905  528.645690289332947
  61.891461437911268   64.337177800000006
  63.866574167350187   67.698452000000003
  65.883266697679289   70.944067500000003
  67.941972151824558   74.014162999999996
  70.043123652711898   76.903784299999998
  72.187154323267265   79.593275000000006
  74.374497286416585   82.200220700000003
  76.605585665085812   84.570808200000002
  78.880852582200887   86.795393300000001
  81.200731160687738   88.897311099999996
  83.565654523472290   90.798484999999999


# temperature  100.000000000000000
#    0.000027591196695   -0.007248615847449    0.736678338924287  -31.684915714141180  501.911496399691941
  61.891461437911268   69.341902099999999
  63.866574167350187   72.396949300000003
  65.883266697679289   75.311162699999997
  67.941972151824558   78.034178100000005
  70.043123652711898   80.569258300000001
  72.187154323267265   82.906014700000000
  74.374497286416585   85.149388099999996
  76.605585665085812   87.171648200000007
  78.880852582200887   89.055141100000000
  81.200731160687738   90.821849099999994
  83.565654523472290   92.408879299999995


# temperature  110.000000000000000
#    0.000027294018802   -0.007132700200026    0.718785768258175  -30.372834169419384  472.930463771896939
  61.891461437911268   73.458257599999996
  63.866574167350187   76.217167799999999
  65.883266697679289   78.823366699999994
  67.941972151824558   81.235112999999998
  70.043123652711898   83.461233199999995
  72.187154323267265   85.497756800000005
  74.374497286416585   87.438426600000000
  76.605585665085812   89.176139899999995
  78.880852582200887   90.785330200000004
  81.200731160687738   92.286405599999995
  83.565654523472290   93.627830399999993


# temperature  120.000000000000000
#    0.000026911514362   -0.006992605163096    0.698641053597460  -29.004502258355863  444.348432041826300
  61.891461437911268   76.857852199999996
  63.866574167350187   79.343025400000002
  65.883266697679289   81.672219200000001
  67.941972151824558   83.811006500000005
  70.043123652711898   85.771752699999993
  72.187154323267265   87.554806600000006
  74.374497286416585   89.244041499999994
  76.605585665085812   90.748709199999993
  78.880852582200887   92.135854199999997
  81.200731160687738   93.424252100000004
  83.565654523472290   94.571004400000007


# temperature  130.000000000000000
#    0.000026495490888   -0.006844691862197    0.678124080310122  -27.668744228584981  417.571534052677066
  61.891461437911268   79.681787900000003
  63.866574167350187   81.920029499999998
  65.883266697679289   84.004345499999999
  67.941972151824558   85.906317500000000
  70.043123652711898   87.640397699999994
  72.187154323267265   89.209770300000002
  74.374497286416585   90.689647500000007
  76.605585665085812   92.002347900000004
  78.880852582200887   93.208219600000007
  81.200731160687738   94.324448799999999
  83.565654523472290   95.314821300000006


# temperature  140.000000000000000
#    0.000026077358879   -0.006698595810573    0.658295794462716  -26.411928229949037  393.231442116210133
  61.891461437911268   82.043072100000003
  63.866574167350187   84.061503000000002
  65.883266697679289   85.931189099999997
  67.941972151824558   87.628576699999996
  70.043123652711898   89.169200799999999
  72.187154323267265   90.558054400000003
  74.374497286416585   91.862767399999996
  76.605585665085812   93.016202100000001
  78.880852582200887   94.072734900000000
  81.200731160687738   95.048060399999997
  83.565654523472290   95.911224500000003


# temperature  150.000000000000000
#    0.000025674824405   -0.006559553583414    0.639697776597759  -25.254514262228263  371.510464330077411
  61.891461437911268   84.031162600000002
  63.866574167350187   85.855266700000001
  65.883266697679289   87.537511400000000
  67.941972151824558   89.058260099999998
  70.043123652711898   90.433455300000006
  72.187154323267265   91.669195099999996
  74.374497286416585   92.826477900000000
  76.605585665085812   93.846762699999999
  78.880852582200887   94.779144900000006
  81.200731160687738   95.637949800000001
  83.565654523472290   96.396427299999999


# temperature  160.000000000000000
#    0.000025297013295   -0.006430104486850    0.622561744308158  -24.202134696256262  352.350017609362851
  61.891461437911268   85.716614300000003
  63.866574167350187   87.369439099999994
  65.883266697679289   88.888091799999998
  67.941972151824558   90.256090400000005
  70.043123652711898   91.489340400000003
  72.187154323267265   92.594567200000000
  74.374497286416585   93.626965100000007
  76.605585665085812   94.535075699999993
  78.880852582200887   95.363342399999993
  81.200731160687738   96.124848900000003
  83.565654523472290   96.796253199999995


# temperature  170.000000000000000
#    0.000024947802993   -0.006311173134809    0.606939565816904  -23.252266454455206  335.571465905507864
  61.891461437911268   87.155120100000005
  63.866574167350187   88.657074499999993
  65.883266697679289   90.032786099999996
  67.941972151824558   91.268320700000004
  70.043123652711898   92.379262499999996
  72.187154323267265   93.372641500000000
  74.374497286416585   94.298563999999999
  76.605585665085812   95.111465300000006
  78.880852582200887   95.851694600000002
  81.200731160687738   96.531218300000006
  83.565654523472290   97.129492700000000


# temperature  180.000000000000000
#    0.000024628065053   -0.006202781498182    0.592786585446207  -22.398374063532589  320.948149597273130
  61.891461437911268   88.390794600000007
  63.866574167350187   89.759740300000004
  65.883266697679289   91.010275300000004
  67.941972151824558   92.130533799999995
  70.043123652711898   93.135603500000002
  72.187154323267265   94.032602400000002
  74.374497286416585   94.867166699999999
  76.605585665085812   95.598681400000004
  78.880852582200887   96.263890700000005
  81.200731160687738   96.873759199999995
  83.565654523472290   97.410067699999999


# temperature  190.000000000000000
#    0.000024336939155   -0.006104449758153    0.580007766336852  -21.632131447721505  308.241828442018971
  61.891461437911268   89.458755900000000
  63.866574167350187   90.710227500000002
  65.883266697679289   91.850826900000001
  67.941972151824558   92.870377300000001
  70.043123652711898   93.783368100000004
  72.187154323267265   94.596862900000005
  74.374497286416585   95.352558900000005
  76.605585665085812   96.014034899999999
  78.880852582200887   96.614854899999997
  81.200731160687738   97.165086700000003
  83.565654523472290   97.648462199999997


# temperature  200.000000000000000
#    0.000024072687265   -0.006015458717818    0.568487036783504  -20.944777990743233  297.223507612136132
  61.891461437911268   90.387123299999999
  63.866574167350187   91.534592700000005
  65.883266697679289   92.578328700000000
  67.941972151824558   93.509541900000002
  70.043123652711898   94.342072400000006
  72.187154323267265   95.082835500000002
  74.374497286416585   95.770048099999997
  76.605585665085812   96.370870499999995
  78.880852582200887   96.916054299999999
  81.200731160687738   97.414865000000006
  83.565654523472290   97.852687700000004


# temperature  210.000000000000000
#    0.000023833194635   -0.005935001228838    0.558103762715622  -20.327837717487053  287.683205622793537
  61.891461437911268   91.198552699999993
  63.866574167350187   92.253694800000005
  65.883266697679289   93.211792799999998
  67.941972151824558   94.065204899999998
  70.043123652711898   94.827102499999995
  72.187154323267265   95.504195100000004
  74.374497286416585   96.131613200000004
  76.605585665085812   96.679598999999996
  78.880852582200887   97.176410599999997
  81.200731160687738   97.630594400000007
  83.565654523472290   98.028948499999998


# temperature  220.000000000000000
#    0.000023616229908   -0.005862258948292    0.548740703497519  -19.773426486230683  279.432787530342353
  61.891461437911268   91.911415599999998
  63.866574167350187   92.884354700000003
  65.883266697679289   93.766474700000003
  67.941972151824558   94.551089899999994
  70.043123652711898   95.250705199999999
  72.187154323267265   95.871789199999995
  74.374497286416585   96.446727899999999
  76.605585665085812   96.948432800000006
  78.880852582200887   97.402944199999993
  81.200731160687738   97.818164100000004
  83.565654523472290   98.182107200000004


# temperature  230.000000000000000
#    0.000023419584500   -0.005796441577887    0.540287726707159  -19.274360562402510  272.305692482123163
  61.891461437911268   92.540704300000002
  63.866574167350187   93.440233599999999
  65.883266697679289   94.254711700000001
  67.941972151824558   94.978253899999999
  70.043123652711898   95.622715099999994
  72.187154323267265   96.194304200000005
  74.374497286416585   96.722958199999994
  76.605585665085812   97.183915600000006
  78.880852582200887   97.601238300000006
  81.200731160687738   97.982248999999996
  83.565654523472290   98.316017799999997


# temperature  240.000000000000000
#    0.000023241192713   -0.005736820633861    0.532645016446063  -18.824254741445916  266.156978980952942
  61.891461437911268   93.098730300000000
  63.866574167350187   93.932503699999998
  65.883266697679289   94.686555499999997
  67.941972151824558   95.355676799999998
  70.043123652711898   95.951096500000006
  72.187154323267265   96.478756899999993
  74.374497286416585   96.966402000000002
  76.605585665085812   97.391311099999996
  78.880852582200887   97.775775600000003
  81.200731160687738   98.126596399999997
  83.565654523472290   98.433765100000002


# temperature  250.000000000000000
#    0.000023079150953   -0.005682731954853    0.525722748479359  -18.417451976769801  260.860566157555297
  61.891461437911268   93.595665600000004
  63.866574167350187   94.370362099999994
  65.883266697679289   95.070254000000006
  67.941972151824558   95.690705899999998
  70.043123652711898   96.242349899999994
  72.187154323267265   96.730861300000001
  74.374497286416585   97.182015300000003
  76.605585665085812   97.574889900000002
  78.880852582200887   97.930187399999994
  81.200731160687738   98.254237799999999
  83.565654523472290   98.537841900000004


# temperature  260.000000000000000
#    0.000022931721761   -0.005633574980908    0.519440592686036  -18.048958771834396  256.306961393548420
  61.891461437911268   94.039963999999998
  63.866574167350187   94.761427999999995
  65.883266697679289   95.412620300000000
  67.941972151824558   95.989395200000004
  70.043123652711898   96.501819699999999
  72.187154323267265   96.955306699999994
  74.374497286416585   97.373857999999998
  76.605585665085812   97.738145299999999
  78.880852582200887   98.067440099999999
  81.200731160687738   98.367646500000006
  83.565654523472290   98.630279700000003


# temperature  270.000000000000000
#    0.000022797390517   -0.005588827091299    0.513728868448470  -17.714465529994420  252.402716673159830
  61.891461437911268   94.438690699999995
  63.866574167350187   95.112051100000002
  65.883266697679289   95.719318200000004
  67.941972151824558   96.256766400000004
  70.043123652711898   96.733930400000006
  72.187154323267265   97.155968299999998
  74.374497286416585   97.545280099999999
  76.605585665085812   97.883955799999995
  78.880852582200887   98.189975000000004
  81.200731160687738   98.468855700000006
  83.565654523472290   98.712746899999999


# temperature  280.000000000000000
#    0.000022674757282   -0.005548010290481    0.508524587604485  -17.410127430035544  249.065769101489678
  61.891461437911268   94.797782900000001
  63.866574167350187   95.427554000000001
  65.883266697679289   95.995084199999994
  67.941972151824558   96.497011200000003
  70.043123652711898   96.942368599999995
  72.187154323267265   97.336070399999997
  74.374497286416585   97.699064899999996
  76.605585665085812   98.014710199999996
  78.880852582200887   98.299816000000007
  81.200731160687738   98.559549200000006
  83.565654523472290   98.786624200000006


# temperature  290.000000000000000
#    0.000022562589747   -0.005510704895008    0.503772644395799  -17.132597349785421  246.225442283005350
  61.891461437911268   95.122255199999998
  63.866574167350187   95.712422000000004
  65.883266697679289   96.243902199999994
  67.941972151824558   96.713648399999997
  70.043123652711898   97.130224900000002
  72.187154323267265   97.498311900000004
  74.374497286416585   97.837539599999999
  76.605585665085812   98.132403699999998
  78.880852582200887   98.398651799999996
  81.200731160687738   98.641131099999996
  83.565654523472290   98.853061900000000


# temperature  300.000000000000000
#    0.000022459818069   -0.005476546757329    0.499425291260888  -16.878982220613103  243.821222597009807
  61.891461437911268   95.416364299999998
  63.866574167350187   95.970454899999993
  65.883266697679289   96.469140800000005
  67.941972151824558   96.909649299999998
  70.043123652711898   97.300104899999994
  72.187154323267265   97.644965900000003
  74.374497286416585   97.962661499999996
  76.605585665085812   98.238712800000002
  78.880852582200887   98.487900199999999
  81.200731160687738   98.714778999999993
  83.565654523472290   98.913024300000004


# temperature  310.000000000000000
#    0.000022365477736   -0.005445209385331    0.495439982693265  -16.646722488852415  241.800204436183662
  61.891461437911268   95.683740200000003
  63.866574167350187   96.204887200000002
  65.883266697679289   96.673662800000002
  67.941972151824558   97.087535099999997
  70.043123652711898   97.454217099999994
  72.187154323267265   97.777956599999996
  74.374497286416585   98.076086500000002
  76.605585665085812   98.335054600000007
  78.880852582200887   98.568758700000004
  81.200731160687738   98.781486900000004
  83.565654523472290   98.967324700000006


# temperature  320.000000000000000
#    0.000022278708002   -0.005416402251189    0.491779002750097  -16.433560183394153  240.116206846239152
  61.891461437911268   95.927492500000000
  63.866574167350187   96.418485099999998
  65.883266697679289   96.859913100000000
  67.941972151824558   97.249456300000006
  70.043123652711898   97.594442999999998
  72.187154323267265   97.898921799999997
  74.374497286416585   98.179222400000000
  76.605585665085812   98.422633000000005
  78.880852582200887   98.642243899999997
  81.200731160687738   98.842098199999995
  83.565654523472290   99.016652899999997


# temperature  330.000000000000000
#    0.000022198770881   -0.005389875967463    0.488409942555827  -16.237553664361243  238.729845968346723
  61.891461437911268   96.150296299999994
  63.866574167350187   96.613624999999999
  65.883266697679289   97.029989099999995
  67.941972151824558   97.397255700000002
  70.043123652711898   97.722393100000005
  72.187154323267265   98.009262300000003
  74.374497286416585   98.273272399999996
  76.605585665085812   98.502476099999996
  78.880852582200887   98.709223300000005
  81.200731160687738   98.897332100000000
  83.565654523472290   99.061596899999998


# temperature  340.000000000000000
#    0.000022125007464   -0.005365408247687    0.485303988585312  -16.056982891821544  237.606577430121490
  61.891461437911268   96.354462200000000
  63.866574167350187   96.792356400000003
  65.883266697679289   97.185697700000006
  67.941972151824558   97.532519100000002
  70.043123652711898   97.839452499999993
  72.187154323267265   98.110181600000004
  74.374497286416585   98.359269299999994
  76.605585665085812   98.575466000000006
  78.880852582200887   98.770441000000005
  81.200731160687738   98.947805299999999
  83.565654523472290   99.102660499999999


# temperature  350.000000000000000
#    0.000022056791832   -0.005342790198757    0.482434369417896  -15.890268888298721  236.715121004961986
  61.891461437911268   96.541994099999997
  63.866574167350187   96.956454699999995
  65.883266697679289   97.328602099999998
  67.941972151824558   97.656617299999994
  70.043123652711898   97.946816999999996
  72.187154323267265   98.202718099999998
  74.374497286416585   98.438103900000002
  76.605585665085812   98.642362899999995
  78.880852582200887   98.826537900000005
  81.200731160687738   98.994048399999997
  83.565654523472290   99.140276999999998


# temperature  360.000000000000000
#    0.000021993598734   -0.005321845527307    0.479778366225106  -15.736064624606424  236.028974912616803
  61.891461437911268   96.714635799999996
  63.866574167350187   97.107463199999998
  65.883266697679289   97.460059999999999
  67.941972151824558   97.770739599999999
  70.043123652711898   98.045523599999996
  72.187154323267265   98.287771599999999
  74.374497286416585   98.510547399999993
  76.605585665085812   98.703824699999998
  78.880852582200887   98.878068200000001
  81.200731160687738   99.036520400000001
  83.565654523472290   99.174821399999999


# temperature  370.000000000000000
#    0.000021934997386   -0.005302428419400    0.477317023736746  -15.593236335828944  235.525981565974888
  61.891461437911268   96.873910400000000
  63.866574167350187   97.246728399999995
  65.883266697679289   97.581254999999999
  67.941972151824558   97.875921899999994
  70.043123652711898   98.136474699999994
  72.187154323267265   98.366124799999994
  74.374497286416585   98.577270299999995
  76.605585665085812   98.760423299999999
  78.880852582200887   98.925513400000000
  81.200731160687738   99.075619900000007
  83.565654523472290   99.206618700000007


# temperature  380.000000000000000
#    0.000021880529186   -0.005284386860652    0.475031025996239  -15.460656904819682  235.184460207825651
  61.891461437911268   97.021152599999994
  63.866574167350187   97.375429299999993
  65.883266697679289   97.693222100000000
  67.941972151824558   97.973069800000005
  70.043123652711898   98.220458800000003
  72.187154323267265   98.438461000000004
  74.374497286416585   98.638857799999997
  76.605585665085812   98.812657099999996
  78.880852582200887   98.969293399999998
  81.200731160687738   99.111694000000000
  83.565654523472290   99.235952400000002


# temperature  390.000000000000000
#    0.000021829860779   -0.005267607774531    0.472905653523933  -15.337445604073526  234.987534053148721
  61.891461437911268   97.157535999999993
  63.866574167350187   97.494601299999999
  65.883266697679289   97.796870100000007
  67.941972151824558   98.062977500000002
  70.043123652711898   98.298166899999998
  72.187154323267265   98.505378800000003
  74.374497286416585   98.695822100000001
  76.605585665085812   98.860962799999996
  78.880852582200887   99.009775500000003
  81.200731160687738   99.145046500000007
  83.565654523472290   99.263070200000001


# temperature  400.000000000000000
#    0.000021782640090   -0.005251974415547    0.470926061105458  -15.222735374715665  234.918846088476528
  61.891461437911268   97.284095399999998
  63.866574167350187   97.605157000000005
  65.883266697679289   97.892999000000003
  67.941972151824558   98.146343900000005
  70.043123652711898   98.370206999999994
  72.187154323267265   98.567404600000003
  74.374497286416585   98.748613599999999
  76.605585665085812   98.905723600000002
  78.880852582200887   99.047282199999998
  81.200731160687738   99.175944200000004
  83.565654523472290   99.288189500000001


# temperature  410.000000000000000
#    0.000021738575506   -0.005237389185497    0.469079722196104  -15.115787827892106  234.964578632532294
  61.891461437911268   97.401746000000003
  63.866574167350187   97.707902700000005
  65.883266697679289   97.982315499999999
  67.941972151824558   98.223786000000004
  70.043123652711898   98.437115100000000
  72.187154323267265   98.625002400000000
  74.374497286416585   98.797629000000001
  76.605585665085812   98.947277499999998
  78.880852582200887   99.082097500000003
  81.200731160687738   99.204621700000004
  83.565654523472290   99.311501800000002


# temperature  420.000000000000000
#    0.000021697360776   -0.005223751339020    0.467353948968551  -15.015870419639063  235.111183373970107
  61.891461437911268   97.511299699999995
  63.866574167350187   97.803553300000004
  65.883266697679289   98.065445400000002
  67.941972151824558   98.295849799999999
  70.043123652711898   98.499365800000007
  72.187154323267265   98.678582700000007
  74.374497286416585   98.843219099999999
  76.605585665085812   98.985922900000006
  78.880852582200887   99.114472599999999
  81.200731160687738   99.231286600000004
  83.565654523472290   99.333176199999997


# temperature  430.000000000000000
#    0.000021658828249   -0.005211002053261    0.465740835943586  -14.922495885512866  235.349715201773563
  61.891461437911268   97.613478400000005
  63.866574167350187   97.892743999999993
  65.883266697679289   98.142944700000001
  67.941972151824558   98.363020300000002
  70.043123652711898   98.557380199999997
  72.187154323267265   98.728509700000004
  74.374497286416585   98.885695200000001
  76.605585665085812   99.021924600000006
  78.880852582200887   99.144629899999998
  81.200731160687738   99.256122500000004
  83.565654523472290   99.353362399999995


# temperature  440.000000000000000
#    0.000021622686869   -0.005199047413851    0.464228796324627  -14.835009862504313  235.668328556768870
  61.891461437911268   97.708925800000003
  63.866574167350187   97.976040900000001
  65.883266697679289   98.215308600000000
  67.941972151824558   98.425729099999998
  70.043123652711898   98.611532999999994
  72.187154323267265   98.775107100000000
  74.374497286416585   98.925334000000007
  76.605585665085812   99.055518000000006
  78.880852582200887   99.172767100000002
  81.200731160687738   99.279292900000002
  83.565654523472290   99.372193499999995


# temperature  450.000000000000000
#    0.000021588786056   -0.005187835538460    0.462810978475477  -14.752997134593178  236.059605546342169
  61.891461437911268   97.798217300000005
  63.866574167350187   98.053949599999996
  65.883266697679289   98.282979200000000
  67.941972151824558   98.484361500000006
  70.043123652711898   98.662158399999996
  72.187154323267265   98.818663900000004
  74.374497286416585   98.962382000000005
  76.605585665085812   99.086912699999999
  78.880852582200887   99.199060500000002
  81.200731160687738   99.300943300000000
  83.565654523472290   99.389787999999996


# temperature  460.000000000000000
#    0.000021556940300   -0.005177304887547    0.461479569575307  -14.676003300648967  236.515479707265200
  61.891461437911268   97.881868400000002
  63.866574167350187   98.126923000000005
  65.883266697679289   98.346352199999998
  67.941972151824558   98.539262100000002
  70.043123652711898   98.709555399999999
  72.187154323267265   98.859438400000002
  74.374497286416585   98.997059800000002
  76.605585665085812   99.116296300000002
  78.880852582200887   99.223667500000005
  81.200731160687738   99.321203499999996
  83.565654523472290   99.406251699999999


# temperature  470.000000000000000
#    0.000021526990066   -0.005167402480977    0.460227827094023  -14.603634675864432  237.029072319969941
  61.891461437911268   97.960341900000003
  63.866574167350187   98.195367700000006
  65.883266697679289   98.405782599999995
  67.941972151824558   98.590739999999997
  70.043123652711898   98.753992100000005
  72.187154323267265   98.897661999999997
  74.374497286416585   99.029565000000005
  76.605585665085812   99.143836600000000
  78.880852582200887   99.246729099999996
  81.200731160687738   99.340189899999999
  83.565654523472290   99.421679499999996


# temperature  480.000000000000000
#    0.000021498798420   -0.005158082380651    0.459049852737527  -14.535544270127854  237.594389388525485
  61.891461437911268   98.034054600000005
  63.866574167350187   98.259648999999996
  65.883266697679289   98.461589799999999
  67.941972151824558   98.639073100000005
  70.043123652711898   98.795709400000007
  72.187154323267265   98.933542799999998
  74.374497286416585   99.060074999999998
  76.605585665085812   99.169684399999994
  78.880852582200887   99.268371900000005
  81.200731160687738   99.358007099999995
  83.565654523472290   99.436156400000002


# temperature  490.000000000000000
#    0.000021472219647   -0.005149296864020    0.457939660661730  -14.471387864589238  238.205548119396326
  61.891461437911268   98.103382100000005
  63.866574167350187   98.320096800000002
  65.883266697679289   98.514061200000000
  67.941972151824558   98.684511700000002
  70.043123652711898   98.834924099999995
  72.187154323267265   98.967267899999996
  74.374497286416585   99.088749500000006
  76.605585665085812   99.193975300000005
  78.880852582200887   99.288709699999998
  81.200731160687738   99.374749100000002
  83.565654523472290   99.449758799999998


# temperature  500.000000000000000
#    0.000021447131541   -0.005141005365208    0.456892096686527  -14.410865482091982  238.857475903625158
  61.891461437911268   98.168664100000001
  63.866574167350187   98.377008799999999
  65.883266697679289   98.563456900000006
  67.941972151824558   98.727281700000006
  70.043123652711898   98.871832100000006
  72.187154323267265   98.999006300000005
  74.374497286416585   99.115732600000001
  76.605585665085812   99.216831900000003
  78.880852582200887   99.307845400000005
  81.200731160687738   99.390500500000002
  83.565654523472290   99.462555899999998


# temperature  510.000000000000000
#    0.000021423429558   -0.005133173132934    0.455902734713377  -14.353718514285513  239.545904157597334
  61.891461437911268   98.230207899999996
  63.866574167350187   98.430654399999995
  65.883266697679289   98.610011700000001
  67.941972151824558   98.767587599999999
  70.043123652711898   98.906610299999997
  72.187154323267265   99.028910800000006
  74.374497286416585   99.141154599999993
  76.605585665085812   99.238364700000005
  78.880852582200887   99.325871699999993
  81.200731160687738   99.405337900000006
  83.565654523472290   99.474609799999996


# temperature  520.000000000000000
#    0.000021401009368   -0.005125765413534    0.454967154594564  -14.299690134567843  240.266566701057883
  61.891461437911268   98.288292499999997
  63.866574167350187   98.481278000000003
  65.883266697679289   98.653938800000006
  67.941972151824558   98.805614599999998
  70.043123652711898   98.939419099999995
  72.187154323267265   99.057119599999993
  74.374497286416585   99.165133400000002
  76.605585665085812   99.258673700000003
  78.880852582200887   99.342872600000007
  81.200731160687738   99.419330599999995
  83.565654523472290   99.485977000000005


# temperature  530.000000000000000
#    0.000021379818024   -0.005118763395721    0.454082792838529  -14.248620045163934  241.017010275790255
  61.891461437911268   98.343171299999995
  63.866574167350187   98.529101800000007
  65.883266697679289   98.695431700000000
  67.941972151824558   98.841530899999995
  70.043123652711898   98.970404299999998
  72.187154323267265   99.083758399999994
  74.374497286416585   99.187776099999994
  76.605585665085812   99.277850000000001
  78.880852582200887   99.358924400000006
  81.200731160687738   99.432541499999999
  83.565654523472290   99.496708600000005


# temperature  540.000000000000000
#    0.000021359713799   -0.005112122327163    0.453244267578507  -14.200213490670633  241.792338126582706
  61.891461437911268   98.395075100000000
  63.866574167350187   98.574327699999998
  65.883266697679289   98.734666599999997
  67.941972151824558   98.875489500000000
  70.043123652711898   98.999698100000003
  72.187154323267265   99.108941400000006
  74.374497286416585   99.209179899999995
  76.605585665085812   99.295976199999998
  78.880852582200887   99.374096399999999
  81.200731160687738   99.445027699999997
  83.565654523472290   99.506851200000000


# temperature  550.000000000000000
#    0.000021340671198   -0.005105831641206    0.452449964898014  -14.154360499484396  242.590990562540583
  61.891461437911268   98.444214299999999
  63.866574167350187   98.617139899999998
  65.883266697679289   98.771803899999995
  67.941972151824558   98.907629799999995
  70.043123652711898   99.027421399999994
  72.187154323267265   99.132772500000002
  74.374497286416585   99.229433599999993
  76.605585665085812   99.313127300000005
  78.880852582200887   99.388451599999996
  81.200731160687738   99.456841299999994
  83.565654523472290   99.516446999999999


# temperature  560.000000000000000
#    0.000021322586103   -0.005099858288084    0.451695880275435  -14.110839477010339  243.409419143649501
  61.891461437911268   98.490781299999995
  63.866574167350187   98.657706800000000
  65.883266697679289   98.806989999999999
  67.941972151824558   98.938079000000002
  70.043123652711898   99.053684000000004
  72.187154323267265   99.155346800000004
  74.374497286416585   99.248617800000005
  76.605585665085812   99.329372100000001
  78.880852582200887   99.402047600000003
  81.200731160687738   99.468029599999994
  83.565654523472290   99.525534600000000


# temperature  570.000000000000000
#    0.000021305400765   -0.005094182847275    0.450979514687624  -14.069503187529481  244.245404574120016
  61.891461437911268   98.534951800000002
  63.866574167350187   98.696182100000001
  65.883266697679289   98.840359100000001
  67.941972151824558   98.966953500000002
  70.043123652711898   99.078586799999997
  72.187154323267265   99.176750799999994
  74.374497286416585   99.266806700000004
  76.605585665085812   99.344773300000000
  78.880852582200887   99.414936999999995
  81.200731160687738   99.478635900000000
  83.565654523472290   99.534149299999996


# temperature  580.000000000000000
#    0.000021289087733   -0.005088794922038    0.450299381585290  -14.030255362317378  245.097645102856262
  61.891461437911268   98.576886900000005
  63.866574167350187   98.732706899999997
  65.883266697679289   98.872033799999997
  67.941972151824558   98.994359900000006
  70.043123652711898   99.102221799999995
  72.187154323267265   99.197063999999997
  74.374497286416585   99.284067600000000
  76.605585665085812   99.359388100000004
  78.880852582200887   99.427167800000007
  81.200731160687738   99.488699999999994
  83.565654523472290   99.542323300000007


# temperature  590.000000000000000
#    0.000021273547616   -0.005083663467601    0.449651788683593  -13.992896049176917  245.962981478649510
  61.891461437911268   98.616734600000001
  63.866574167350187   98.767410400000003
  65.883266697679289   98.902126699999997
  67.941972151824558   99.020395699999995
  70.043123652711898   99.124673500000000
  72.187154323267265   99.216359100000005
  74.374497286416585   99.300462699999997
  76.605585665085812   99.373269199999996
  78.880852582200887   99.438784100000007
  81.200731160687738   99.498258199999995
  83.565654523472290   99.550086100000001


# temperature  600.000000000000000
#    0.000021258752123   -0.005078778088676    0.449035291130699  -13.957334174896637  246.840189786438714
  61.891461437911268   98.654630600000004
  63.866574167350187   98.800411499999996
  65.883266697679289   98.930741100000006
  67.941972151824558   99.045150699999994
  70.043123652711898   99.146019499999994
  72.187154323267265   99.234702999999996
  74.374497286416585   99.316048800000004
  76.605585665085812   99.386464899999993
  78.880852582200887   99.449826400000006
  81.200731160687738   99.507343700000007
  83.565654523472290   99.557464800000005


# temperature  610.000000000000000
#    0.000021244651505   -0.005074122592061    0.448447868380111  -13.923454077321660  247.727626032609948
  61.891461437911268   98.690700100000001
  63.866574167350187   98.831819300000006
  65.883266697679289   98.957971999999998
  67.941972151824558   99.068707399999994
  70.043123652711898   99.166331099999994
  72.187154323267265   99.252157199999999
  74.374497286416585   99.330878200000001
  76.605585665085812   99.399019400000000
  78.880852582200887   99.460331800000006
  81.200731160687738   99.515987199999998
  83.565654523472290   99.564484399999998


# temperature  620.000000000000000
#    0.000021231215986   -0.005069686649806    0.447888149392091  -13.891172407818702  248.624214501950405
  61.891461437911268   98.725058200000007
  63.866574167350187   98.861734700000000
  65.883266697679289   98.983907200000004
  67.941972151824558   99.091141699999994
  70.043123652711898   99.185673899999998
  72.187154323267265   99.268778100000006
  74.374497286416585   99.344999099999995
  76.605585665085812   99.410973700000000
  78.880852582200887   99.470334600000001
  81.200731160687738   99.524216899999999
  83.565654523472290   99.571167700000004


# temperature  630.000000000000000
#    0.000021218391573   -0.005065452703557    0.447353961492651  -13.860366859839319  249.528141191394241
  61.891461437911268   98.757811200000006
  63.866574167350187   98.890250300000005
  65.883266697679289   99.008627300000001
  67.941972151824558   99.112523800000005
  70.043123652711898   99.204108500000004
  72.187154323267265   99.284617800000007
  74.374497286416585   99.358455800000002
  76.605585665085812   99.422365299999996
  78.880852582200887   99.479866299999998
  81.200731160687738   99.532058800000001
  83.565654523472290   99.577535999999995


# temperature  640.000000000000000
#    0.000021206149519   -0.005061411098871    0.446844058801616  -13.830963476155647  250.438501859234862
  61.891461437911268   98.789057299999996
  63.866574167350187   98.917452100000006
  65.883266697679289   99.032206900000006
  67.941972151824558   99.132918300000000
  70.043123652711898   99.221690800000005
  72.187154323267265   99.299724699999999
  74.374497286416585   99.371289300000001
  76.605585665085812   99.433228999999997
  78.880852582200887   99.488956000000002
  81.200731160687738   99.539536900000002
  83.565654523472290   99.583608699999999


# temperature  650.000000000000000
#    0.000021194434551   -0.005057544399939    0.446356343864574  -13.802847226960900  251.353622093624637
  61.891461437911268   98.818887300000000
  63.866574167350187   98.943419399999996
  65.883266697679289   99.054714899999993
  67.941972151824558   99.152384999999995
  70.043123652711898   99.238472500000000
  72.187154323267265   99.314143000000001
  74.374497286416585   99.383537500000003
  76.605585665085812   99.443596799999995
  78.880852582200887   99.497630599999994
  81.200731160687738   99.546673299999995
  83.565654523472290   99.589403700000005


# temperature  660.000000000000000
#    0.000021183245600   -0.005053850920623    0.445890435169656  -13.775986296158345  252.273311101300038
  61.891461437911268   98.847385299999999
  63.866574167350187   98.968225500000003
  65.883266697679289   99.076215399999995
  67.941972151824558   99.170979299999999
  70.043123652711898   99.254501399999995
  72.187154323267265   99.327914000000007
  74.374497286416585   99.395235400000004
  76.605585665085812   99.453498600000003
  78.880852582200887   99.505915000000002
  81.200731160687738   99.553488400000006
  83.565654523472290   99.594937799999997


# temperature  670.000000000000000
#    0.000021172525951   -0.005050313181216    0.445444280907956  -13.750270978280607  253.195997403347548
  61.891461437911268   98.874629200000001
  63.866574167350187   98.991938599999997
  65.883266697679289   99.096767200000002
  67.941972151824558   99.188752399999998
  70.043123652711898   99.269821699999994
  72.187154323267265   99.341075799999999
  74.374497286416585   99.406415400000000
  76.605585665085812   99.462961699999994
  78.880852582200887   99.513832199999996
  81.200731160687738   99.560001400000004
  83.565654523472290   99.600226399999997


# temperature  680.000000000000000
#    0.000021162273988   -0.005046929535249    0.445017531217013  -13.725672790132123  254.121533604616587
  61.891461437911268   98.900691300000005
  63.866574167350187   99.014621800000000
  65.883266697679289   99.116425500000005
  67.941972151824558   99.205751899999996
  70.043123652711898   99.284474700000004
  72.187154323267265   99.353663800000007
  74.374497286416585   99.417107599999994
  76.605585665085812   99.472011699999996
  78.880852582200887   99.521403500000005
  81.200731160687738   99.566229699999994
  83.565654523472290   99.605283799999995


# temperature  690.000000000000000
#    0.000021152470009   -0.005043693225707    0.444609301154337  -13.702138764360118  255.049333287841904
  61.891461437911268   98.925639000000004
  63.866574167350187   99.036333700000000
  65.883266697679289   99.135241100000002
  67.941972151824558   99.222021999999996
  70.043123652711898   99.298498400000000
  72.187154323267265   99.365710800000002
  74.374497286416585   99.427340099999995
  76.605585665085812   99.480672299999995
  78.880852582200887   99.528649000000001
  81.200731160687738   99.572189800000004
  83.565654523472290   99.610123299999998


# temperature  700.000000000000000
#    0.000021143039473   -0.005040581475349    0.444216959237479  -13.679531809597481  255.977274505556437
  61.891461437911268   98.949534600000007
  63.866574167350187   99.057129000000003
  65.883266697679289   99.153261400000005
  67.941972151824558   99.237603800000002
  70.043123652711898   99.311928300000005
  72.187154323267265   99.377247299999993
  74.374497286416585   99.437138700000006
  76.605585665085812   99.488965500000006
  78.880852582200887   99.535586800000004
  81.200731160687738   99.577896800000005
  83.565654523472290   99.614757100000006


# temperature  710.000000000000000
#    0.000021134004946   -0.005037600189646    0.443841041329256  -13.657869865842935  256.906049040456878
  61.891461437911268   98.972436500000001
  63.866574167350187   99.077058399999999
  65.883266697679289   99.170530600000006
  67.941972151824558   99.252535499999993
  70.043123652711898   99.324797399999994
  72.187154323267265   99.388301799999994
  74.374497286416585   99.446527500000002
  76.605585665085812   99.496911699999998
  78.880852582200887   99.542234300000004
  81.200731160687738   99.583364799999998
  83.565654523472290   99.619196900000006


# temperature  720.000000000000000
#    0.000021125351185   -0.005034744033931    0.443480838562699  -13.637110107450592  257.835222739936285
  61.891461437911268   98.994398799999999
  63.866574167350187   99.096169200000006
  65.883266697679289   99.187089799999995
  67.941972151824558   99.266852700000001
  70.043123652711898   99.337136599999994
  72.187154323267265   99.398900699999999
  74.374497286416585   99.455529200000001
  76.605585665085812   99.504530099999997
  78.880852582200887   99.548607399999995
  81.200731160687738   99.588606999999996
  83.565654523472290   99.623453200000000


# temperature  730.000000000000000
#    0.000021117030018   -0.005031998238363    0.443134633253590  -13.617162049664275  258.763500473961415
  61.891461437911268   99.015472099999997
  63.866574167350187   99.114505600000001
  65.883266697679289   99.202977300000001
  67.941972151824558   99.280588699999996
  70.043123652711898   99.348974400000003
  72.187154323267265   99.409068700000006
  74.374497286416585   99.464164800000006
  76.605585665085812   99.511838400000002
  78.880852582200887   99.554721000000001
  81.200731160687738   99.593635599999999
  83.565654523472290   99.627536100000000


# temperature  740.000000000000000
#    0.000021109032966   -0.005029359716055    0.442801994351328  -13.597998123178213  259.690719559993227
  61.891461437911268   99.035703699999999
  63.866574167350187   99.132108900000006
  65.883266697679289   99.218228900000000
  67.941972151824558   99.293774499999998
  70.043123652711898   99.360337700000002
  72.187154323267265   99.418828899999994
  74.374497286416585   99.472453700000003
  76.605585665085812   99.518853199999995
  78.880852582200887   99.560588899999999
  81.200731160687738   99.598462100000006
  83.565654523472290   99.631454800000000


# temperature  750.000000000000000
#    0.000021101349490   -0.005026824434746    0.442482353619611  -13.579582713452659  260.616531400847009
  61.891461437911268   99.055137700000003
  63.866574167350187   99.149017400000005
  65.883266697679289   99.232878099999994
  67.941972151824558   99.306438999999997
  70.043123652711898   99.371251400000006
  72.187154323267265   99.428202600000006
  74.374497286416585   99.480414199999998
  76.605585665085812   99.525589999999994
  78.880852582200887   99.566224199999994
  81.200731160687738   99.603097099999999
  83.565654523472290   99.635217999999995


# temperature  760.000000000000000
#    0.000021093972847   -0.005024390100516    0.442175400167925  -13.561895890704257  261.540910223264518
  61.891461437911268   99.073815499999995
  63.866574167350187   99.165267299999996
  65.883266697679289   99.246955999999997
  67.941972151824558   99.318609199999997
  70.043123652711898   99.381738999999996
  72.187154323267265   99.437210100000001
  74.374497286416585   99.488063600000004
  76.605585665085812   99.532063300000004
  78.880852582200887   99.571638899999996
  81.200731160687738   99.607550700000004
  83.565654523472290   99.638833899999995


# temperature  770.000000000000000
#    0.000021086849052   -0.005022040328441    0.441879256666280  -13.544840865917656  262.462408597895148
  61.891461437911268   99.091775699999999
  63.866574167350187   99.180892200000002
  65.883266697679289   99.260492099999993
  67.941972151824558   99.330310699999998
  70.043123652711898   99.391822199999993
  72.187154323267265   99.445870099999993
  74.374497286416585   99.495417700000004
  76.605585665085812   99.538286600000006
  78.880852582200887   99.576844500000007
  81.200731160687738   99.611832199999995
  83.565654523472290   99.642309900000001


# temperature  780.000000000000000
#    0.000021080014671   -0.005019785088241    0.441594913319134  -13.528459115387010  263.382055019202198
  61.891461437911268   99.109054499999999
  63.866574167350187   99.195923800000003
  65.883266697679289   99.273513699999995
  67.941972151824558   99.341566999999998
  70.043123652711898   99.401521700000004
  72.187154323267265   99.454200299999997
  74.374497286416585   99.502491599999999
  76.605585665085812   99.544272699999993
  78.880852582200887   99.581851599999993
  81.200731160687738   99.615950400000003
  83.565654523472290   99.645653300000006


# temperature  790.000000000000000
#    0.000021073425440   -0.005017611227023    0.441320890372822  -13.512675408522647  264.298804504580914
  61.891461437911268   99.125685899999993
  63.866574167350187   99.210391599999994
  65.883266697679289   99.286046499999998
  67.941972151824558   99.352400500000002
  70.043123652711898   99.410856499999994
  72.187154323267265   99.462217199999998
  74.374497286416585   99.509299299999995
  76.605585665085812   99.550033400000004
  78.880852582200887   99.586670100000006
  81.200731160687738   99.619913400000002
  83.565654523472290   99.648870700000003


# temperature  800.000000000000000
#    0.000021067078418   -0.005015517350759    0.441056958887638  -13.497473497656522  265.212637534996873
  61.891461437911268   99.141701800000007
  63.866574167350187   99.224323499999997
  65.883266697679289   99.298114600000005
  67.941972151824558   99.362832100000006
  70.043123652711898   99.419844800000007
  72.187154323267265   99.469936300000001
  74.374497286416585   99.515854000000004
  76.605585665085812   99.555580000000006
  78.880852582200887   99.591309300000006
  81.200731160687738   99.623728900000003
  83.565654523472290   99.651968400000001


# temperature  810.000000000000000
#    0.000021060945696   -0.005013494641036    0.440802066852048  -13.482796861646602  266.122786552457399
  61.891461437911268   99.157132099999998
  63.866574167350187   99.237745599999997
  65.883266697679289   99.309740800000000
  67.941972151824558   99.372881300000003
  70.043123652711898   99.428503500000005
  72.187154323267265   99.477372200000005
  74.374497286416585   99.522168100000002
  76.605585665085812   99.560922800000000
  78.880852582200887   99.595778100000004
  81.200731160687738   99.627404200000001
  83.565654523472290   99.654952199999997


# temperature  820.000000000000000
#    0.000021055060347   -0.005011552470826    0.440557189016837  -13.468688943629170  267.030311729866469
  61.891461437911268   99.172004999999999
  63.866574167350187   99.250682299999994
  65.883266697679289   99.320946300000003
  67.941972151824558   99.382566699999998
  70.043123652711898   99.436848499999996
  72.187154323267265   99.484538599999993
  74.374497286416585   99.528253100000001
  76.605585665085812   99.566071800000003
  78.880852582200887   99.600084699999996
  81.200731160687738   99.630946100000003
  83.565654523472290   99.657827600000005


# temperature  830.000000000000000
#    0.000021049372346   -0.005009676018763    0.440320670289557  -13.455066747634547  267.933991759900664
  61.891461437911268   99.186346999999998
  63.866574167350187   99.263156899999998
  65.883266697679289   99.331751100000005
  67.941972151824558   99.391905600000001
  70.043123652711898   99.444894700000006
  72.187154323267265   99.491448199999994
  74.374497286416585   99.534120099999996
  76.605585665085812   99.571036199999995
  78.880852582200887   99.604236900000004
  81.200731160687738   99.634360900000004
  83.565654523472290   99.660599800000000


# temperature  840.000000000000000
#    0.000021043858808   -0.005007857973008    0.440091630504294  -13.441882659954617  268.833196344331327
  61.891461437911268   99.200183100000004
  63.866574167350187   99.275191000000007
  65.883266697679289   99.342174099999994
  67.941972151824558   99.400914200000003
  70.043123652711898   99.452656300000001
  72.187154323267265   99.498113300000000
  74.374497286416585   99.539779400000000
  76.605585665085812   99.575824699999998
  78.880852582200887   99.608241899999996
  81.200731160687738   99.637654600000005
  83.565654523472290   99.663273700000005


# temperature  850.000000000000000
#    0.000021038565324   -0.005006111410664    0.439871455218539  -13.429200450068608  269.729327188602610
  61.891461437911268   99.213536599999998
  63.866574167350187   99.286805099999995
  65.883266697679289   99.352233100000007
  67.941972151824558   99.409608000000006
  70.043123652711898   99.460146399999999
  72.187154323267265   99.504545100000001
  74.374497286416585   99.545240500000006
  76.605585665085812   99.580445600000004
  78.880852582200887   99.612106600000004
  81.200731160687738   99.640833000000001
  83.565654523472290   99.665853900000002


# temperature  860.000000000000000
#    0.000021033431718   -0.005004418329234    0.439658122324830  -13.416918695369123  270.620787341642426
  61.891461437911268   99.226429800000005
  63.866574167350187   99.298018499999998
  65.883266697679289   99.361944800000003
  67.941972151824558   99.418001399999994
  70.043123652711898   99.467377600000006
  72.187154323267265   99.510754599999999
  74.374497286416585   99.550512699999999
  76.605585665085812   99.584906500000002
  78.880852582200887   99.615837499999998
  81.200731160687738   99.643901200000002
  83.565654523472290   99.668344700000006


# temperature  870.000000000000000
#    0.000021028486067   -0.005002786741983    0.439452473165613  -13.405075450184629  271.508505944213368
  61.891461437911268   99.238883500000000
  63.866574167350187   99.308849400000000
  65.883266697679289   99.371324900000005
  67.941972151824558   99.426108099999993
  70.043123652711898   99.474361700000003
  72.187154323267265   99.516751700000000
  74.374497286416585   99.555604599999995
  76.605585665085812   99.589214699999999
  78.880852582200887   99.619440699999998
  81.200731160687738   99.646864399999998
  83.565654523472290   99.670750200000001


# temperature  880.000000000000000
#    0.000021023687385   -0.005001204481609    0.439253147988442  -13.393602594465339  272.391490712311224
  61.891461437911268   99.250917500000000
  63.866574167350187   99.319315000000003
  65.883266697679289   99.380388499999995
  67.941972151824558   99.433941099999998
  70.043123652711898   99.481109799999999
  72.187154323267265   99.522546000000006
  74.374497286416585   99.560524200000003
  76.605585665085812   99.593377200000006
  78.880852582200887   99.622922000000003
  81.200731160687738   99.649727299999995
  83.565654523472290   99.673074200000002


# temperature  890.000000000000000
#    0.000021019076054   -0.004999682803770    0.439061304274351  -13.382551724804486  273.270865594117083
  61.891461437911268   99.262550300000001
  63.866574167350187   99.329431400000004
  65.883266697679289   99.389149500000002
  67.941972151824558   99.441512399999993
  70.043123652711898   99.487632399999995
  72.187154323267265   99.528146699999994
  74.374497286416585   99.565279300000000
  76.605585665085812   99.597400500000006
  78.880852582200887   99.626286699999994
  81.200731160687738   99.652494300000001
  83.565654523472290   99.675320400000004


# temperature  900.000000000000000
#    0.000021014592922   -0.004998204366111    0.438875033073158  -13.371829032573133  274.145172524283339
  61.891461437911268   99.273799699999998
  63.866574167350187   99.339214100000007
  65.883266697679289   99.397621299999997
  67.941972151824558   99.448833600000000
  70.043123652711898   99.493939400000002
  72.187154323267265   99.533562200000006
  74.374497286416585   99.569877199999993
  76.605585665085812   99.601290599999999
  78.880852582200887   99.629540100000000
  81.200731160687738   99.655169700000002
  83.565654523472290   99.677492299999997


# temperature  910.000000000000000
#    0.000021010249212   -0.004996772088631    0.438694603833558  -13.361444366692538  275.014786413573233
  61.891461437911268   99.284682200000006
  63.866574167350187   99.348677499999994
  65.883266697679289   99.405816400000006
  67.941972151824558   99.455915700000006
  70.043123652711898   99.500040299999995
  72.187154323267265   99.538800600000002
  74.374497286416585   99.574324599999997
  76.605585665085812   99.605053400000003
  78.880852582200887   99.632687000000004
  81.200731160687738   99.657757500000002
  83.565654523472290   99.679592999999997


# temperature  920.000000000000000
#    0.000021006054950   -0.004995388814170    0.438520308369623  -13.351410213463540  275.880150592163147
  61.891461437911268   99.295213599999997
  63.866574167350187   99.357835499999993
  65.883266697679289   99.413746799999998
  67.941972151824558   99.462768800000006
  70.043123652711898   99.505943799999997
  72.187154323267265   99.543869500000000
  74.374497286416585   99.578627999999995
  76.605585665085812   99.608694400000005
  78.880852582200887   99.635731899999996
  81.200731160687738   99.660261500000004
  83.565654523472290   99.681625600000004


# temperature  930.000000000000000
#    0.000021002002671   -0.004994051900445    0.438351800155966  -13.341706372144408  276.741078141823891
  61.891461437911268   99.305408799999995
  63.866574167350187   99.366700800000004
  65.883266697679289   99.421423700000005
  67.941972151824558   99.469402700000003
  70.043123652711898   99.511658499999996
  72.187154323267265   99.548776099999998
  74.374497286416585   99.582793699999996
  76.605585665085812   99.612218700000000
  78.880852582200887   99.638679300000007
  81.200731160687738   99.662685199999999
  83.565654523472290   99.683593099999996


# temperature  940.000000000000000
#    0.000020998064842   -0.004992753422770    0.438188218395715  -13.332290755721177  277.597031943343836
  61.891461437911268   99.315281999999996
  63.866574167350187   99.375286000000003
  65.883266697679289   99.428857800000003
  67.941972151824558   99.475826699999999
  70.043123652711898   99.517192300000005
  72.187154323267265   99.553527399999993
  74.374497286416585   99.586827400000004
  76.605585665085812   99.615631399999998
  78.880852582200887   99.641533300000006
  81.200731160687738   99.665032100000005
  83.565654523472290   99.685498100000004


# temperature  950.000000000000000
#    0.000020994247137   -0.004991494471590    0.438029612638930  -13.323161795556786  278.448137599188442
  61.891461437911268   99.324846500000007
  63.866574167350187   99.383602600000003
  65.883266697679289   99.436059200000003
  67.941972151824558   99.482049599999996
  70.043123652711898   99.522552700000006
  72.187154323267265   99.558129699999995
  74.374497286416585   99.590734600000005
  76.605585665085812   99.618937000000003
  78.880852582200887   99.644297699999996
  81.200731160687738   99.667305400000004
  83.565654523472290   99.687343400000003


# temperature  960.000000000000000
#    0.000020990557717   -0.004990277505469    0.437876251408048  -13.314331864654834  279.294825680025724
  61.891461437911268   99.334115199999999
  63.866574167350187   99.391661799999994
  65.883266697679289   99.443037599999997
  67.941972151824558   99.488079600000006
  70.043123652711898   99.527746899999997
  72.187154323267265   99.562589299999999
  74.374497286416585   99.594520599999996
  76.605585665085812   99.622140099999996
  78.880852582200887   99.646976300000006
  81.200731160687738   99.669507999999993
  83.565654523472290   99.689131399999994


# temperature  970.000000000000000
#    0.000020986974400   -0.004989095731964    0.437727353902700  -13.305760840614706  280.136541964415642
  61.891461437911268   99.343100000000007
  63.866574167350187   99.399473999999998
  65.883266697679289   99.449802000000005
  67.941972151824558   99.493924600000000
  70.043123652711898   99.532781700000001
  72.187154323267265   99.566912000000002
  74.374497286416585   99.598190299999999
  76.605585665085812   99.625244699999996
  78.880852582200887   99.649572599999999
  81.200731160687738   99.671642899999995
  83.565654523472290   99.690864399999995


# temperature  980.000000000000000
#    0.000020983488512   -0.004987946464897    0.437582602176112  -13.297431561394360  280.973148842349985
  61.891461437911268   99.351812400000000
  63.866574167350187   99.407049200000003
  65.883266697679289   99.456361000000001
  67.941972151824558   99.499592100000001
  70.043123652711898   99.537663499999994
  72.187154323267265   99.571103300000004
  74.374497286416585   99.601748400000005
  76.605585665085812   99.628254900000002
  78.880852582200887   99.652089899999993
  81.200731160687738   99.673712899999998
  83.565654523472290   99.692544699999999


# temperature  990.000000000000000
#    0.000020980119823   -0.004986835418933    0.437442607712305  -13.289372514772307  281.805341919020293
  61.891461437911268   99.360263300000000
  63.866574167350187   99.414396900000000
  65.883266697679289   99.462722999999997
  67.941972151824558   99.505089299999995
  70.043123652711898   99.542398500000004
  72.187154323267265   99.575168500000004
  74.374497286416585   99.605199499999998
  76.605585665085812   99.631174500000000
  78.880852582200887   99.654531399999996
  81.200731160687738   99.675720600000005
  83.565654523472290   99.694174300000000


# temperature 1000.000000000000000
#    0.000020976843222   -0.004985754940542    0.437306494398078  -13.281538913139105  282.632462588001772
  61.891461437911268   99.368463100000000
  63.866574167350187   99.421526099999994
  65.883266697679289   99.468895700000004
  67.941972151824558   99.510422800000001
  70.043123652711898   99.546992500000002
  72.187154323267265   99.579112699999996
  74.374497286416585   99.608547700000003
  76.605585665085812   99.634007100000005
  78.880852582200887   99.656900199999995
  81.200731160687738   99.677668299999993
  83.565654523472290   99.695755300000002


