   0.000000000000000    0.000000000000000
  10.000000000000000    0.000036740868723
  20.000000000000000    0.000452527715034
  30.000000000000000    0.001314070120740
  40.000000000000000    0.002224929171205
  50.000000000000000    0.002990376839147
  60.000000000000000    0.003582905741431
  70.000000000000000    0.004030329142018
  80.000000000000000    0.004367982110534
  90.000000000000000    0.004625288846389
 100.000000000000000    0.004824099373232
 110.000000000000000    0.004980043740311
 120.000000000000000    0.005104210948047
 130.000000000000000    0.005204503118263
 140.000000000000000    0.005286608597680
 150.000000000000000    0.005354673665263
 160.000000000000000    0.005411761224882
 170.000000000000000    0.005460164122532
 180.000000000000000    0.005501620975819
 190.000000000000000    0.005537466442139
 200.000000000000000    0.005568736880314
 210.000000000000000    0.005596245849789
 220.000000000000000    0.005620638445007
 230.000000000000000    0.005642431020226
 240.000000000000000    0.005662040663845
 250.000000000000000    0.005679806946554
 260.000000000000000    0.005696008566593
 270.000000000000000    0.005710875896912
 280.000000000000000    0.005724600701883
 290.000000000000000    0.005737343629411
 300.000000000000000    0.005749240107606
 310.000000000000000    0.005760404947750
 320.000000000000000    0.005770936036348
 330.000000000000000    0.005780917325732
 340.000000000000000    0.005790421084180
 350.000000000000000    0.005799509925346
 360.000000000000000    0.005808238338280
 370.000000000000000    0.005816653934777
 380.000000000000000    0.005824798524237
 390.000000000000000    0.005832708979963
 400.000000000000000    0.005840418013587
 410.000000000000000    0.005847954705201
 420.000000000000000    0.005855345077584
 430.000000000000000    0.005862612438864
 440.000000000000000    0.005869777889374
 450.000000000000000    0.005876860516146
 460.000000000000000    0.005883877640108
 470.000000000000000    0.005890845162586
 480.000000000000000    0.005897777649348
 490.000000000000000    0.005904688586736
 500.000000000000000    0.005911590436690
 510.000000000000000    0.005918494851867
 520.000000000000000    0.005925412675625
 530.000000000000000    0.005932354170802
 540.000000000000000    0.005939329043255
 550.000000000000000    0.005946346476001
 560.000000000000000    0.005953415303248
 570.000000000000000    0.005960543960515
 580.000000000000000    0.005967740562239
 590.000000000000000    0.005975013067327
 600.000000000000000    0.005982369144686
 610.000000000000000    0.005989816334832
 620.000000000000000    0.005997362039960
 630.000000000000000    0.006005013568759
 640.000000000000000    0.006012778191885
 650.000000000000000    0.006020663143336
 660.000000000000000    0.006028675607176
 670.000000000000000    0.006036822882084
 680.000000000000000    0.006045112214730
 690.000000000000000    0.006053550976672
 700.000000000000000    0.006062146671981
 710.000000000000000    0.006070906850538
 720.000000000000000    0.006079839230509
 730.000000000000000    0.006088951753665
 740.000000000000000    0.006098252481010
 750.000000000000000    0.006107749699427
 760.000000000000000    0.006117451926069
 770.000000000000000    0.006127368002585
 780.000000000000000    0.006137506954740
 790.000000000000000    0.006147878197324
 800.000000000000000    0.006158491443235
 810.000000000000000    0.006169356772503
 820.000000000000000    0.006180484621172
 830.000000000000000    0.006191885928626
 840.000000000000000    0.006203572061239
 850.000000000000000    0.006215554756502
 860.000000000000000    0.006227846436178
 870.000000000000000    0.006240459984291
 880.000000000000000    0.006253408938289
 890.000000000000000    0.006266707361207
 900.000000000000000    0.006280370175441
 910.000000000000000    0.006294412885224
 920.000000000000000    0.006308851848846
 930.000000000000000    0.006323704244984
 940.000000000000000    0.006338988193676
 950.000000000000000    0.006354722737019
 960.000000000000000    0.006370927921888
 970.000000000000000    0.006387625029338
 980.000000000000000    0.006404836457297
 990.000000000000000    0.006422585799505
1000.000000000000000    0.006440898169417
