# temperature   10.000000000000000
#    0.000017627423953   -0.004769936673693    0.486247870111824  -22.078846252835834  376.405988217159802
  61.891461437911268    0.098899400000000
  63.866574167350187    0.118370700000000
  65.883266697679289    0.136194500000000
  67.941972151824558    0.163265800000000
  70.043123652711898    0.198949900000000
  72.187154323267265    0.240768100000000
  74.374497286416585    0.292801000000000
  76.605585665085812    0.369570500000000
  78.880852582200887    0.463783600000000
  81.200731160687738    0.595143000000000
  83.565654523472290    0.805273400000000


# temperature   20.000000000000000
#    0.000025629157304   -0.006358782189267    0.611700089550806  -26.646976466312861  440.605264096622079
  61.891461437911268    0.920085300000000
  63.866574167350187    1.124796200000000
  65.883266697679289    1.360734300000000
  67.941972151824558    1.680563700000000
  70.043123652711898    2.088882900000000
  72.187154323267265    2.587718300000000
  74.374497286416585    3.245175100000000
  76.605585665085812    4.107713600000000
  78.880852582200887    5.194132700000000
  81.200731160687738    6.657337600000000
  83.565654523472290    8.662899599999999


# temperature   30.000000000000000
#   -0.000005554846515    0.001854994527091   -0.187527267179782    8.100494041948568 -130.813417547908529
  61.891461437911268    3.415903100000000
  63.866574167350187    4.135495000000000
  65.883266697679289    4.976831900000000
  67.941972151824558    6.028986400000000
  70.043123652711898    7.299980600000000
  72.187154323267265    8.789228899999999
  74.374497286416585   10.659762799999999
  76.605585665085812   12.923198299999999
  78.880852582200887   15.636082000000000
  81.200731160687738   19.043406800000000
  83.565654523472290   23.305553000000000


# temperature   40.000000000000000
#   -0.000007154941448    0.001668632706914   -0.117007007233492    3.603429170252152  -44.530295724508768
  61.891461437911268    7.819559700000000
  63.866574167350187    9.266462700000000
  65.883266697679289   10.924059300000000
  67.941972151824558   12.894539999999999
  70.043123652711898   15.180135399999999
  72.187154323267265   17.765574200000000
  74.374497286416585   20.885570500000000
  76.605585665085812   24.480777100000001
  78.880852582200887   28.634056000000001
  81.200731160687738   33.622225600000000
  83.565654523472290   39.549108699999998


# temperature   50.000000000000000
#    0.000001425535744   -0.000895074701225    0.149248609792196   -7.673583907991588  126.404911399929148
  61.891461437911268   13.671823600000000
  63.866574167350187   15.883953800000000
  65.883266697679289   18.365547100000001
  67.941972151824558   21.215313999999999
  70.043123652711898   24.425716699999999
  72.187154323267265   27.964540400000001
  74.374497286416585   32.114207999999998
  76.605585665085812   36.747614499999997
  78.880852582200887   41.968568699999999
  81.200731160687738   48.064614400000004
  83.565654523472290   55.090737500000003


# temperature   60.000000000000000
#    0.000005454622072   -0.001874559746956    0.221925033260613   -9.089260874699621  118.892300883537729
  61.891461437911268   20.405157400000000
  63.866574167350187   23.320776800000001
  65.883266697679289   26.534352599999998
  67.941972151824558   30.134338700000001
  70.043123652711898   34.104594200000001
  72.187154323267265   38.399489099999997
  74.374497286416585   43.334541299999998
  76.605585665085812   48.730058700000001
  78.880852582200887   54.708216100000001
  81.200731160687738   61.561904200000001
  83.565654523472290   69.312529400000003


# temperature   70.000000000000000
#    0.000004901895661   -0.001490605743183    0.149143090503087   -3.974150878665152    6.990934619449423
  61.891461437911268   27.569537600000000
  63.866574167350187   31.090242300000000
  65.883266697679289   34.916209600000002
  67.941972151824558   39.124798400000003
  70.043123652711898   43.694145499999998
  72.187154323267265   48.569671700000001
  74.374497286416585   54.091276000000001
  76.605585665085812   60.041003699999997
  78.880852582200887   66.556942599999999
  81.200731160687738   73.935892600000003
  83.565654523472290   82.176995599999998


# temperature   80.000000000000000
#    0.000002469385519   -0.000609266055490    0.031647288199312    2.653918398099947 -119.033230712966912
  61.891461437911268   34.859142900000002
  63.866574167350187   38.883674399999997
  65.883266697679289   43.208455600000001
  67.941972151824558   47.901248799999998
  70.043123652711898   52.937100399999999
  72.187154323267265   58.256009499999998
  74.374497286416585   64.216575199999994
  76.605585665085812   70.573309699999996
  78.880852582200887   77.477705299999997
  81.200731160687738   85.229843900000006
  83.565654523472290   93.813888599999999


# temperature   90.000000000000000
#   -0.000000153664500    0.000268234134089   -0.076690852268687    8.330470034126877 -218.825098505207592
  61.891461437911268   42.082922300000000
  63.866574167350187   46.521106600000003
  65.883266697679289   51.248370500000000
  67.941972151824558   56.324871600000002
  70.043123652711898   61.724425500000002
  72.187154323267265   67.383983499999999
  74.374497286416585   73.676834099999994
  76.605585665085812   80.337479299999998
  78.880852582200887   87.528501899999995
  81.200731160687738   95.552793600000001
  83.565654523472290  104.384148800000006


# temperature  100.000000000000000
#   -0.000002306598775    0.000961388993874   -0.158598219623633   12.393611732432294 -284.284544899451305
  61.891461437911268   49.129176500000000
  63.866574167350187   53.905656499999999
  65.883266697679289   58.957585700000003
  67.941972151824558   64.339309700000001
  70.043123652711898   70.024573399999994
  72.187154323267265   75.948765300000005
  74.374497286416585   82.496894800000007
  76.605585665085812   89.388661400000004
  78.880852582200887   96.795755499999999
  81.200731160687738  105.023460099999994
  83.565654523472290  114.038168900000002


# temperature  110.000000000000000
#   -0.000003856219229    0.001445764658727   -0.213607913344795   14.955748800692445 -320.121418522562692
  61.891461437911268   55.937545700000001
  63.866574167350187   60.991170400000001
  65.883266697679289   66.306179499999999
  67.941972151824558   71.932532600000002
  70.043123652711898   77.844564800000001
  72.187154323267265   83.976995099999996
  74.374497286416585   90.724298700000006
  76.605585665085812   97.795006999999998
  78.880852582200887  105.368284500000001
  81.200731160687738  113.751436799999993
  83.565654523472290  122.905421200000006


# temperature  120.000000000000000
#   -0.000004871453678    0.001752995601795   -0.246771862774780   16.351860755171852 -334.033335168274448
  61.891461437911268   62.479652899999998
  63.866574167350187   67.761412000000007
  65.883266697679289   73.291079100000005
  67.941972151824558   79.115304800000004
  70.043123652711898   85.209356799999995
  72.187154323267265   91.507806400000007
  74.374497286416585   98.412853200000001
  76.605585665085812  105.624437599999993
  78.880852582200887  113.327879300000006
  81.200731160687738  121.832189799999995
  83.565654523472290  131.094228899999990


# temperature  130.000000000000000
#   -0.000005472602029    0.001926290820290   -0.263870206577257   16.918221395478959 -333.029310318800185
  61.891461437911268   68.746505099999993
  63.866574167350187   74.217250300000003
  65.883266697679289   79.923472500000003
  67.941972151824558   85.909312299999996
  70.043123652711898   92.151117400000004
  72.187154323267265   98.583607299999997
  74.374497286416585  105.615345300000001
  76.605585665085812  112.939543400000005
  78.880852582200887  120.746618400000003
  81.200731160687738  129.347021100000006
  83.565654523472290  138.694452899999987


# temperature  140.000000000000000
#   -0.000005773993819    0.002004395437431   -0.269808449330667   16.926015779431960 -322.497641775277430
  61.891461437911268   74.740532400000006
  63.866574167350187   80.368941100000001
  65.883266697679289   86.221594999999994
  67.941972151824558   92.340713300000004
  70.043123652711898   98.703759300000002
  72.187154323267265  105.245759899999996
  74.374497286416585  112.380568699999998
  76.605585665085812  119.796040000000005
  78.880852582200887  127.686840000000004
  81.200731160687738  136.364638100000008
  83.565654523472290  145.780651699999993


# temperature  150.000000000000000
#   -0.000005867469831    0.002017574617554   -0.268307877196788   16.574721543685062 -306.267866879191160
  61.891461437911268   80.470638399999999
  63.866574167350187   86.231538000000000
  65.883266697679289   92.206648500000000
  67.941972151824558   98.436702400000001
  70.043123652711898  104.900252100000003
  72.187154323267265  111.532709800000006
  74.374497286416585  118.752363700000004
  76.605585665085812  126.242739400000005
  78.880852582200887  134.202070600000013
  81.200731160687738  142.943061999999998
  83.565654523472290  152.414944100000014


# temperature  160.000000000000000
#   -0.000005821569997    0.001988012605762   -0.262041470105648   16.004254383764806 -286.943724654862422
  61.891461437911268   85.949153800000005
  63.866574167350187   91.822193900000002
  65.883266697679289   97.900532299999995
  67.941972151824558  104.223738699999998
  70.043123652711898  110.771394999999998
  72.187154323267265  117.479329000000007
  74.374497286416585  124.769576499999999
  76.605585665085812  132.322117899999995
  78.880852582200887  140.338203999999990
  81.200731160687738  149.131423600000005
  83.565654523472290  158.649393300000014


# temperature  170.000000000000000
#   -0.000005685493955    0.001931416085073   -0.252870481292652   15.309947654403304 -266.242004607377282
  61.891461437911268   91.189981799999998
  63.866574167350187   97.158600300000003
  65.883266697679289  103.324620600000003
  67.941972151824558  109.726692499999999
  70.043123652711898  116.345353500000002
  72.187154323267265  123.116849799999997
  74.374497286416585  130.466407099999998
  76.605585665085812  138.071068499999996
  78.880852582200887  146.134653500000013
  81.200731160687738  154.971509999999995
  83.565654523472290  164.527926299999990


# temperature  180.000000000000000
#   -0.000005493621515    0.001858631903780   -0.242060615713571   14.555195235183071 -245.260865421765004
  61.891461437911268   96.207484100000002
  63.866574167350187  102.258107499999994
  65.883266697679289  108.499139700000001
  67.941972151824558  114.968494399999997
  70.043123652711898  121.647586599999997
  72.187154323267265  128.473067600000007
  74.374497286416585  135.872897899999998
  76.605585665085812  143.521660099999991
  78.880852582200887  151.625375999999989
  81.200731160687738  160.499048600000009
  83.565654523472290  170.087859600000002


# temperature  190.000000000000000
#   -0.000005269725119    0.001777070718630   -0.230462441039988   13.781508415788705 -224.684320290713089
  61.891461437911268  101.015826700000005
  63.866574167350187  107.137252899999993
  65.883266697679289  113.442889399999999
  67.941972151824558  119.970055099999996
  70.043123652711898  126.700964900000002
  72.187154323267265  133.572654199999988
  74.374497286416585  141.015442900000011
  76.605585665085812  148.701833499999992
  78.880852582200887  156.839747100000011
  81.200731160687738  165.744755199999986
  83.565654523472290  175.361108199999990


# temperature  200.000000000000000
#   -0.000005029894312    0.001691686364123   -0.218634087224972   13.015259792326471 -204.916897618575547
  61.891461437911268  105.628611500000005
  63.866574167350187  111.811531799999997
  65.883266697679289  118.173158700000002
  67.941972151824558  124.750325599999996
  70.043123652711898  131.525974300000001
  72.187154323267265  138.437498799999986
  74.374497286416585  145.917267900000013
  76.605585665085812  153.636008900000007
  78.880852582200887  161.803291999999999
  81.200731160687738  170.735183900000010
  83.565654523472290  180.375144000000006


# temperature  210.000000000000000
#   -0.000004784933163    0.001605756039257   -0.206936246443816   12.272760634643271 -186.182236633286408
  61.891461437911268  110.058683299999998
  63.866574167350187  116.295310700000002
  65.883266697679289  122.705747200000005
  67.941972151824558  129.326426099999992
  70.043123652711898  136.140948199999997
  72.187154323267265  143.087040300000012
  74.374497286416585  150.598859500000003
  76.605585665085812  158.345607199999989
  78.880852582200887  166.538292500000011
  81.200731160687738  175.493416599999989
  83.565654523472290  185.153760599999998


# temperature  220.000000000000000
#   -0.000004541903652    0.001521381713446   -0.195592979884245   11.563485004216934 -168.584756077860618
  61.891461437911268  114.318044999999998
  63.866574167350187  120.601823800000005
  65.883266697679289  127.055042799999995
  67.941972151824558  133.713802399999992
  70.043123652711898  140.562300700000009
  72.187154323267265  147.538571200000007
  74.374497286416585  155.078340599999990
  76.605585665085812  162.849489299999988
  78.880852582200887  171.064288400000009
  81.200731160687738  180.039621799999992
  83.565654523472290  189.717685100000011


# temperature  230.000000000000000
#   -0.000004305339678    0.001439877691504   -0.184737855488787   10.892468447450961 -152.154544543470791
  61.891461437911268  118.417837500000005
  63.866574167350187  124.743215300000003
  65.883266697679289  131.234125199999994
  67.941972151824558  137.926388400000008
  70.043123652711898  144.804744699999986
  72.187154323267265  151.807509299999992
  74.374497286416585  159.371793499999995
  76.605585665085812  167.164325999999988
  78.880852582200887  175.398491199999995
  81.200731160687738  184.391511000000008
  83.565654523472290  194.085072200000013


# temperature  240.000000000000000
#   -0.000004078007034    0.001362013230310   -0.174442758023026   10.261794408344048 -136.874667365735377
  61.891461437911268  122.368358099999995
  63.866574167350187  128.730604900000003
  65.883266697679289  135.254878100000013
  67.941972151824558  141.976763199999994
  70.043123652711898  148.881491299999993
  72.187154323267265  155.907636099999991
  74.374497286416585  163.493535900000012
  76.605585665085812  171.304909500000008
  78.880852582200887  179.556127400000008
  81.200731160687738  188.564711899999992
  83.565654523472290  198.271904500000005


# temperature  250.000000000000000
#   -0.000003861472793    0.001288192336022   -0.164738957950926    9.671663438032811 -122.700366265264961
  61.891461437911268  126.179100399999996
  63.866574167350187  132.574164700000011
  65.883266697679289  139.128101899999990
  67.941972151824558  145.876297099999988
  70.043123652711898  152.804427299999986
  72.187154323267265  159.851303599999994
  74.374497286416585  167.456356000000000
  76.605585665085812  175.284413300000011
  78.880852582200887  183.550722900000011
  81.200731160687738  192.573075100000011
  83.565654523472290  202.292319800000001


# temperature  260.000000000000000
#   -0.000003656498800    0.001218576082485   -0.155631208513797    9.121093887125054 -109.571230281426367
  61.891461437911268  129.858804800000001
  63.866574167350187  136.283198300000009
  65.883266697679289  142.863620300000008
  67.941972151824558  149.635284000000013
  70.043123652711898  156.584272099999993
  72.187154323267265  163.649613200000005
  74.374497286416585  171.271713299999988
  76.605585665085812  179.114611999999994
  78.880852582200887  187.394340499999998
  81.200731160687738  196.428928799999994
  83.565654523472290  206.158880199999999


# temperature  270.000000000000000
#   -0.000003463321773    0.001153170417174   -0.147107903256221    8.608425642352882  -97.419841246318029
  61.891461437911268  133.415514000000002
  63.866574167350187  139.866218599999996
  65.883266697679289  146.470379199999996
  67.941972151824558  153.263060300000006
  70.043123652711898  160.230714699999993
  72.187154323267265  167.312570399999998
  74.374497286416585  174.949908599999986
  76.605585665085812  182.806066700000002
  78.880852582200887  191.097778400000010
  81.200731160687738  200.143289399999986
  83.565654523472290  209.882794700000005


# temperature  280.000000000000000
#   -0.000003281794778    0.001091870096508   -0.139146068162108    8.131557906463639  -86.175447088040443
  61.891461437911268  136.856628900000004
  63.866574167350187  143.331021399999997
  65.883266697679289  149.956536699999987
  67.941972151824558  156.768110799999988
  70.043123652711898  163.752533900000003
  72.187154323267265  170.849217199999998
  74.374497286416585  178.500229800000000
  76.605585665085812  186.368281200000013
  78.880852582200887  194.670737500000001
  81.200731160687738  203.726038499999987
  83.565654523472290  213.474104199999999


# temperature  290.000000000000000
#   -0.000003111584325    0.001034518171634   -0.131717981430415    7.688264348169254  -75.769115010460240
  61.891461437911268  140.188962599999996
  63.866574167350187  146.684752800000012
  65.883266697679289  153.329544700000014
  67.941972151824558  160.158161500000006
  70.043123652711898  167.157702499999999
  72.187154323267265  174.267747000000014
  74.374497286416585  181.931076100000013
  76.605585665085812  189.809835300000003
  78.880852582200887  198.121961700000014
  81.200731160687738  207.186070999999998
  83.565654523472290  216.941836300000006


# temperature  300.000000000000000
#   -0.000002952170881    0.000980907356636   -0.124791381308193    7.276196715456360  -66.133310965296857
  61.891461437911268  143.418792200000013
  63.866574167350187  149.933972600000004
  65.883266697679289  156.596221000000014
  67.941972151824558  163.440262399999995
  70.043123652711898  170.453478600000011
  72.187154323267265  177.575604099999993
  74.374497286416585  185.250064699999996
  76.605585665085812  193.138497900000004
  78.880852582200887  201.459358299999991
  81.200731160687738  210.531420700000012
  83.565654523472290  220.294136299999991


# temperature  310.000000000000000
#   -0.000002802994902    0.000930822240530   -0.118333955651456    6.893088334533394  -57.205030564717838
  61.891461437911268  146.551906099999997
  63.866574167350187  153.084709800000013
  65.883266697679289  159.762814899999995
  67.941972151824558  166.620859499999995
  70.043123652711898  173.646485000000013
  72.187154323267265  180.779568600000005
  74.374497286416585  188.464122400000008
  76.605585665085812  196.361324300000007
  78.880852582200887  204.690099000000004
  81.200731160687738  213.769366200000007
  83.565654523472290  223.538376699999986


# temperature  320.000000000000000
#   -0.000002663454936    0.000884039855819   -0.112313466678293    6.536756550129499  -48.925528674814494
  61.891461437911268  149.593648000000002
  63.866574167350187  156.142514299999988
  65.883266697679289  162.835064299999999
  67.941972151824558  169.705858799999987
  70.043123652711898  176.742778299999998
  72.187154323267265  183.885831400000001
  74.374497286416585  191.579564500000004
  76.605585665085812  199.484738899999996
  78.880852582200887  207.820707400000003
  81.200731160687738  216.906521999999995
  83.565654523472290  226.681251599999996


# temperature  330.000000000000000
#   -0.000002532931703    0.000840336214098   -0.106698359115909    6.205121618057360  -41.240269149764885
  61.891461437911268  152.548957099999996
  63.866574167350187  159.112502599999999
  65.883266697679289  165.818246799999997
  67.941972151824558  172.700682300000011
  70.043123652711898  179.747909300000003
  72.187154323267265  186.900058199999989
  74.374497286416585  194.602163600000011
  76.605585665085812  202.514607399999989
  78.880852582200887  210.857133800000014
  81.200731160687738  219.948915800000009
  83.565654523472290  229.728856799999988


# temperature  340.000000000000000
#   -0.000002410816058    0.000799494099632   -0.101458524121798    5.896234809227459  -34.099105614150268
  61.891461437911268  155.422404499999999
  63.866574167350187  161.999398600000006
  65.883266697679289  168.717225799999994
  67.941972151824558  175.610317299999991
  70.043123652711898  182.666976400000010
  72.187154323267265  189.827446100000003
  74.374497286416585  197.537208099999987
  76.605585665085812  205.456298299999986
  78.880852582200887  213.804819299999991
  81.200731160687738  222.902054999999990
  83.565654523472290  232.686757999999998


# temperature  350.000000000000000
#   -0.000002296528040    0.000761308247031   -0.096565782552351    5.608293850067282  -27.456275848656031
  61.891461437911268  158.218225899999993
  63.866574167350187  164.807570900000002
  65.883266697679289  171.536490200000003
  67.941972151824558  178.439360200000010
  70.043123652711898  185.504671900000005
  72.187154323267265  192.672772400000014
  74.374497286416585  200.389554400000009
  76.605585665085812  208.314737000000008
  78.880852582200887  216.668751899999990
  81.200731160687738  225.770984700000014
  83.565654523472290  235.560050399999994


# temperature  360.000000000000000
#   -0.000002189492851    0.000725578896389   -0.091993210003305    5.339608402157458  -21.269628817971721
  61.891461437911268  160.940351899999996
  63.866574167350187  167.541065400000008
  65.883266697679289  174.280190699999991
  67.941972151824558  181.192054899999988
  70.043123652711898  188.265322599999990
  72.187154323267265  195.440438099999994
  74.374497286416585  203.163671899999997
  76.605585665085812  211.094452600000011
  78.880852582200887  219.453514699999999
  81.200731160687738  228.560337699999991
  83.565654523472290  238.353410099999991


# temperature  370.000000000000000
#   -0.000002089229597    0.000692136187039   -0.087717606407684    5.088707491112307  -15.502255285780187
  61.891461437911268  163.592434700000013
  63.866574167350187  170.203634800000003
  65.883266697679289  176.952171300000003
  67.941972151824558  183.872326500000014
  70.043123652711898  190.952926399999996
  72.187154323267265  198.134505200000007
  74.374497286416585  205.863682100000005
  76.605585665085812  213.799618500000008
  78.880852582200887  222.163328199999995
  81.200731160687738  231.274377200000004
  83.565654523472290  241.071137999999991


# temperature  380.000000000000000
#   -0.000001995213021    0.000660800581055   -0.083715238137922    4.854134218733859  -10.118706186754210
  61.891461437911268  166.177872000000008
  63.866574167350187  172.798765400000008
  65.883266697679289  179.555998100000011
  67.941972151824558  186.483812300000011
  70.043123652711898  193.571183700000006
  72.187154323267265  200.758730200000002
  74.374497286416585  208.493393499999996
  76.605585665085812  216.434088400000007
  78.880852582200887  224.802087099999994
  81.200731160687738  233.917035599999991
  83.565654523472290  243.717199200000010


# temperature  390.000000000000000
#   -0.000001907005087    0.000631420160554   -0.079965763301654    4.634626499894335   -5.088026991770680
  61.891461437911268  168.699829599999987
  63.866574167350187  175.329700199999991
  65.883266697679289  182.094984500000010
  67.941972151824558  189.029888000000000
  70.043123652711898  196.123525699999988
  72.187154323267265  203.316593600000004
  74.374497286416585  211.056331900000004
  76.605585665085812  219.001428000000004
  78.880852582200887  227.373392899999999
  81.200731160687738  236.491946899999988
  83.565654523472290  246.295256599999988


# temperature  400.000000000000000
#   -0.000001824172404    0.000603846919272   -0.076449672688075    4.428993150350185   -0.381459678029981
  61.891461437911268  171.161260499999997
  63.866574167350187  177.799460699999997
  65.883266697679289  184.572213699999992
  67.941972151824558  191.513691599999987
  70.043123652711898  198.613139300000000
  72.187154323267265  205.811325600000004
  74.374497286416585  213.555767599999996
  76.605585665085812  221.504942199999988
  78.880852582200887  229.880582099999998
  81.200731160687738  239.002476599999994
  83.565654523472290  248.808700600000009


# temperature  410.000000000000000
#   -0.000001746320631    0.000577946332901   -0.073149264062323    4.236156047757698    4.026934962131384
  61.891461437911268  173.564923099999987
  63.866574167350187  180.210865600000005
  65.883266697679289  186.990559100000013
  67.941972151824558  193.938145100000014
  70.043123652711898  201.042989400000010
  72.187154323267265  208.245929200000006
  74.374497286416585  215.994739000000010
  76.605585665085812  223.947700099999992
  78.880852582200887  232.326751599999994
  81.200731160687738  241.451746700000001
  83.565654523472290  251.260675499999991


# temperature  420.000000000000000
#   -0.000001673098834    0.000553598171426   -0.070048666770426    4.055146994485234    8.160453429177421
  61.891461437911268  175.913396799999987
  63.866574167350187  182.566548299999994
  65.883266697679289  189.352702499999992
  67.941972151824558  196.305972900000000
  70.043123652711898  203.415838799999989
  72.187154323267265  210.623200900000001
  74.374497286416585  218.376073600000012
  76.605585665085812  226.332556600000004
  78.880852582200887  234.714780800000000
  81.200731160687738  243.842658999999998
  83.565654523472290  253.654102800000004


# temperature  430.000000000000000
#   -0.000001604145480    0.000530680984941   -0.067132169397619    3.885027046652568   12.041235368195890
  61.891461437911268  178.209097500000013
  63.866574167350187  184.868971799999997
  65.883266697679289  191.661149899999998
  67.941972151824558  198.619719500000002
  70.043123652711898  205.734265700000009
  72.187154323267265  212.945749000000006
  74.374497286416585  220.702407300000004
  76.605585665085812  228.662171400000005
  78.880852582200887  237.047351200000008
  81.200731160687738  246.177915000000013
  83.565654523472290  255.991701199999994


# temperature  440.000000000000000
#   -0.000001539183372    0.000509099281856   -0.064387110239415    3.725021392756069   15.687949125469078
  61.891461437911268  180.454289600000010
  63.866574167350187  187.120443499999993
  65.883266697679289  193.918247000000008
  67.941972151824558  200.881764199999992
  70.043123652711898  208.000679499999990
  72.187154323267265  215.216009500000013
  74.374497286416585  222.976200900000009
  76.605585665085812  230.939026799999994
  78.880852582200887  239.326964299999986
  81.200731160687738  248.460033799999991
  83.565654523472290  258.276005199999986


# temperature  450.000000000000000
#   -0.000001477934390    0.000488758725109   -0.061801175294644    3.574388372114535   19.118187590649935
  61.891461437911268  182.651098800000000
  63.866574167350187  189.323126699999989
  65.883266697679289  196.126191400000010
  67.941972151824558  203.094335000000001
  70.043123652711898  210.217335300000002
  72.187154323267265  217.436261300000012
  74.374497286416585  225.199755000000010
  76.605585665085812  233.165442600000006
  78.880852582200887  241.555957299999989
  81.200731160687738  250.691368199999999
  83.565654523472290  260.509381399999995


# temperature  460.000000000000000
#   -0.000001420116837    0.000469565023584   -0.059362233873567    3.432408802848189   22.348731440881245
  61.891461437911268  184.801522500000004
  63.866574167350187  191.479052999999993
  65.883266697679289  198.287045199999994
  67.941972151824558  205.259521299999989
  70.043123652711898  212.386346300000014
  72.187154323267265  219.608638799999994
  74.374497286416585  227.375223799999986
  76.605585665085812  235.343589799999990
  78.880852582200887  243.736516599999987
  81.200731160687738  252.874118600000003
  83.565654523472290  262.694042500000023


# temperature  470.000000000000000
#   -0.000001365502960    0.000451440968500   -0.057060214453419    3.298476724244605   25.393930569098160
  61.891461437911268  186.907439699999998
  63.866574167350187  193.590131799999995
  65.883266697679289  200.402745600000003
  67.941972151824558  207.379284299999995
  70.043123652711898  214.509695499999992
  72.187154323267265  221.735144100000014
  74.374497286416585  229.504626900000005
  76.605585665085812  237.475503500000002
  78.880852582200887  245.870690900000000
  81.200731160687738  255.010346400000003
  83.565654523472290  264.832060800000022


# temperature  480.000000000000000
#   -0.000001313855612    0.000434307335505   -0.054884951605172    3.171991643256551   28.267730636691041
  61.891461437911268  188.970620099999991
  63.866574167350187  195.658160400000014
  65.883266697679289  202.475114300000001
  67.941972151824558  209.455467800000008
  70.043123652711898  216.589245900000009
  72.187154323267265  223.817657400000002
  74.374497286416585  231.589860299999998
  76.605585665085812  239.563093199999997
  78.880852582200887  247.960402299999998
  81.200731160687738  257.101984899999991
  83.565654523472290  266.925379599999985


# temperature  490.000000000000000
#   -0.000001264998874    0.000418103652145   -0.052828461005379    3.052468357202915   30.981708362218487
  61.891461437911268  190.992731999999990
  63.866574167350187  197.684831699999989
  65.883266697679289  204.505866700000013
  67.941972151824558  211.489806799999997
  70.043123652711898  218.626749999999987
  72.187154323267265  225.857946599999991
  74.374497286416585  233.632706000000013
  76.605585665085812  241.608153600000009
  78.880852582200887  250.007456399999995
  81.200731160687738  259.150849999999991
  83.565654523472290  268.975823499999990


# temperature  500.000000000000000
#   -0.000001218727867    0.000402761883055   -0.050882067176959    2.939397805195946   33.547601655625705
  61.891461437911268  192.975349599999987
  63.866574167350187  199.671742499999993
  65.883266697679289  206.496619699999997
  67.941972151824558  213.483936000000000
  70.043123652711898  220.623858399999989
  72.187154323267265  227.857676099999992
  74.374497286416585  235.634841399999999
  76.605585665085812  243.612372899999997
  78.880852582200887  252.013551799999988
  81.200731160687738  261.158649099999991
  83.565654523472290  270.985108000000025


# temperature  510.000000000000000
#   -0.000001174865646    0.000388222765027   -0.049038152870976    2.832329733731752   35.975860135986458
  61.891461437911268  194.919960400000008
  63.866574167350187  201.620400300000000
  65.883266697679289  208.448899000000011
  67.941972151824558  215.439397200000002
  70.043123652711898  222.582127000000014
  72.187154323267265  229.818414499999989
  74.374497286416585  237.597846699999991
  76.605585665085812  245.577341399999995
  78.880852582200887  253.980287699999991
  81.200731160687738  263.126990100000000
  83.565654523472290  272.954848000000027


# temperature  520.000000000000000
#   -0.000001133260292    0.000374435135040   -0.047290097019102    2.730869715433453   38.275712708971881
  61.891461437911268  196.827970499999992
  63.866574167350187  203.532229900000004
  65.883266697679289  210.364145900000011
  67.941972151824558  217.357646299999999
  70.043123652711898  224.503024600000003
  72.187154323267265  231.741642000000013
  74.374497286416585  239.523212400000006
  76.605585665085812  247.504558900000006
  78.880852582200887  255.909172100000006
  81.200731160687738  265.057388199999991
  83.565654523472290  274.886565599999983


# temperature  530.000000000000000
#   -0.000001093771347    0.000361351566724   -0.045631757836195    2.634652256404486   40.455690179875596
  61.891461437911268  198.700711000000013
  63.866574167350187  205.408578699999993
  65.883266697679289  212.243722999999989
  67.941972151824558  219.240059099999996
  70.043123652711898  226.387938899999995
  72.187154323267265  233.628756699999997
  74.374497286416585  241.412346200000002
  76.605585665085812  249.395441299999987
  78.880852582200887  257.801628400000027
  81.200731160687738  266.951273599999979
  83.565654523472290  276.781696800000020


# temperature  540.000000000000000
#   -0.000001056262041    0.000348926345635   -0.044057270427033    2.543331418094672   42.523799297746244
  61.891461437911268  200.539442699999995
  63.866574167350187  207.250723099999988
  65.883266697679289  214.088920099999996
  67.941972151824558  221.087937500000010
  70.043123652711898  228.238182300000005
  72.187154323267265  235.481080300000002
  74.374497286416585  243.266578600000003
  76.605585665085812  251.251326500000005
  78.880852582200887  259.659001300000000
  81.200731160687738  268.809997300000020
  83.565654523472290  278.641597800000000


# temperature  550.000000000000000
#   -0.000001020598053    0.000337114984522   -0.042560982452846    2.456577149723862   44.487602261514169
  61.891461437911268  202.345361099999991
  63.866574167350187  209.059872200000001
  65.883266697679289  215.900959000000000
  67.941972151824558  222.902514200000013
  70.043123652711898  230.054997399999991
  72.187154323267265  237.299863899999991
  74.374497286416585  245.087168600000012
  76.605585665085812  253.073480499999988
  78.880852582200887  261.482562799999982
  81.200731160687738  270.634836899999982
  83.565654523472290  280.467551399999991


# temperature  560.000000000000000
#   -0.000000986654233    0.000325875775950   -0.041137572755408    2.374078223054099   46.354222580443242
  61.891461437911268  204.119600700000007
  63.866574167350187  210.837173299999989
  65.883266697679289  217.680998100000011
  67.941972151824558  224.684957800000007
  70.043123652711898  231.839561599999996
  72.187154323267265  239.086292899999989
  74.374497286416585  246.875308499999988
  76.605585665085812  254.863101800000010
  78.880852582200887  263.273517400000003
  81.200731160687738  272.427002000000016
  83.565654523472290  282.260771400000010


# temperature  570.000000000000000
#   -0.000000954327394    0.000315174266319   -0.039782623156801    2.295573961917861   48.129699626555535
  61.891461437911268  205.863238999999993
  63.866574167350187  212.583715500000011
  65.883266697679289  219.430137099999996
  67.941972151824558  226.436376999999993
  70.043123652711898  233.592991500000011
  72.187154323267265  240.841491200000007
  74.374497286416585  248.632128999999992
  76.605585665085812  256.621326800000020
  78.880852582200887  265.033006399999977
  81.200731160687738  274.187638499999991
  83.565654523472290  284.022407999999984


# temperature  580.000000000000000
#   -0.000000923551849    0.000304987190218   -0.038492974723316    2.220867524372117   49.818828804792979
  61.891461437911268  207.577300299999990
  63.866574167350187  214.300533500000000
  65.883266697679289  221.149420200000009
  67.941972151824558  228.157824500000004
  70.043123652711898  235.316347500000006
  72.187154323267265  242.566525399999989
  74.374497286416585  250.358702700000009
  76.605585665085812  258.349233400000003
  78.880852582200887  266.762112300000013
  81.200731160687738  275.917833299999984
  83.565654523472290  285.753551800000025


# temperature  590.000000000000000
#   -0.000000894210505    0.000295276260199   -0.037263843748069    2.149685490215966   51.427715277303605
  61.891461437911268  209.262758800000000
  63.866574167350187  215.988611499999990
  65.883266697679289  222.839840199999998
  67.941972151824558  229.850300699999991
  70.043123652711898  237.010636900000009
  72.187154323267265  244.262408800000003
  74.374497286416585  252.056048500000003
  76.605585665085812  260.047845100000018
  78.880852582200887  268.461863300000005
  81.200731160687738  277.618618400000003
  83.565654523472290  287.455238099999974


# temperature  600.000000000000000
#   -0.000000866225981    0.000286015446093   -0.036091869216685    2.081828356791365   52.961003546016805
  61.891461437911268  210.920542100000006
  63.866574167350187  217.648885900000010
  65.883266697679289  224.502341800000011
  67.941972151824558  231.514757400000008
  70.043123652711898  238.676817300000010
  72.187154323267265  245.930104900000003
  74.374497286416585  253.725134900000000
  76.605585665085812  261.718134899999995
  78.880852582200887  270.133236000000011
  81.200731160687738  279.290974199999994
  83.565654523472290  289.128450600000008


# temperature  610.000000000000000
#   -0.000000839473263    0.000277165004067   -0.034972224827117    2.017028184205740   54.424502648923841
  61.891461437911268  212.551534000000004
  63.866574167350187  219.282248699999997
  65.883266697679289  226.137824099999989
  67.941972151824558  233.152100399999995
  70.043123652711898  240.315800599999989
  72.187154323267265  247.570530300000001
  74.374497286416585  255.366883000000001
  76.605585665085812  263.361028099999999
  78.880852582200887  271.777159499999982
  81.200731160687738  280.935833000000002
  83.565654523472290  290.774124299999983


# temperature  620.000000000000000
#   -0.000000813946665    0.000268720049245   -0.033903900687968    1.955202953452603   55.820610243563017
  61.891461437911268  214.156577099999993
  63.866574167350187  220.889550100000008
  65.883266697679289  227.747144300000002
  67.941972151824558  234.763192500000002
  70.043123652711898  241.928454899999991
  72.187154323267265  249.184557899999987
  74.374497286416585  256.982170300000007
  76.605585665085812  264.977405700000020
  78.880852582200887  273.394518100000028
  81.200731160687738  282.554081999999994
  83.565654523472290  292.393149300000005


# temperature  630.000000000000000
#   -0.000000789538709    0.000260646592665   -0.032882787866319    1.896125356863575   57.154242500891762
  61.891461437911268  215.736475100000007
  63.866574167350187  222.471600899999999
  65.883266697679289  229.331119400000006
  67.941972151824558  236.348856600000005
  70.043123652711898  243.515607799999998
  72.187154323267265  250.773019699999992
  74.374497286416585  258.571832400000005
  76.605585665085812  266.568106800000010
  78.880852582200887  274.986154100000022
  81.200731160687738  284.146566500000006
  83.565654523472290  293.986373200000003


# temperature  640.000000000000000
#   -0.000000766184304    0.000252922905855   -0.031906112155792    1.839633188892312   58.429106368583149
  61.891461437911268  217.291995700000001
  63.866574167350187  224.029175199999997
  65.883266697679289  230.890529200000003
  67.941972151824558  237.909877399999999
  70.043123652711898  245.078048700000011
  72.187154323267265  252.336708799999997
  74.374497286416585  260.136666400000024
  76.605585665085812  268.133931700000005
  78.880852582200887  276.552870400000018
  81.200731160687738  285.714092100000016
  83.565654523472290  295.554603900000018


# temperature  650.000000000000000
#   -0.000000743840885    0.000245534054831   -0.030971871339973    1.785603628618837   59.648140591731334
  61.891461437911268  218.823872099999988
  63.866574167350187  225.563012200000003
  65.883266697679289  232.426118400000007
  67.941972151824558  239.447004399999997
  70.043123652711898  246.616531100000003
  72.187154323267265  253.876382599999999
  74.374497286416585  261.677432899999985
  76.605585665085812  269.675643799999989
  78.880852582200887  278.095433399999990
  81.200731160687738  287.257427300000018
  83.565654523472290  297.098611899999980


# temperature  660.000000000000000
#   -0.000000722440036    0.000238457930339   -0.030077328923277    1.733881345117187   60.814798368676158
  61.891461437911268  220.332805299999990
  63.866574167350187  227.073818399999993
  65.883266697679289  233.938598500000012
  67.941972151824558  240.960953300000000
  70.043123652711898  248.131774699999994
  72.187154323267265  255.392764199999988
  74.374497286416585  263.194858000000011
  76.605585665085812  271.193972099999996
  78.880852582200887  279.614574199999993
  81.200731160687738  288.777305599999977
  83.565654523472290  298.619132799999988


# temperature  670.000000000000000
#   -0.000000701940124    0.000231680151948   -0.029220586567164    1.684351725834003   61.931777928103124
  61.891461437911268  221.819466000000006
  63.866574167350187  228.562269600000008
  65.883266697679289  235.428649799999988
  67.941972151824558  242.452408600000012
  70.043123652711898  249.624467399999986
  72.187154323267265  256.886544700000002
  74.374497286416585  264.689635800000019
  76.605585665085812  272.689613099999974
  78.880852582200887  281.110991800000022
  81.200731160687738  290.274428000000000
  83.565654523472290  300.116869199999996


# temperature  680.000000000000000
#   -0.000000682285193    0.000225182662715   -0.028399408521032    1.636887522703421   63.001922805724703
  61.891461437911268  223.284496100000013
  63.866574167350187  230.029012499999993
  65.883266697679289  236.896923200000003
  67.941972151824558  243.922024999999991
  70.043123652711898  251.095267400000012
  72.187154323267265  258.358384899999976
  74.374497286416585  266.162429999999972
  76.605585665085812  274.163232800000003
  78.880852582200887  282.585354100000018
  81.200731160687738  291.749464300000000
  83.565654523472290  301.592492699999980


# temperature  690.000000000000000
#   -0.000000663427551    0.000218949307997   -0.027611714265041    1.591366845235296   64.028004983680034
  61.891461437911268  224.728510499999999
  63.866574167350187  231.474666299999996
  65.883266697679289  238.344042000000002
  67.941972151824558  245.370429199999990
  70.043123652711898  252.544804400000004
  72.187154323267265  259.808917500000007
  74.374497286416585  267.613875500000006
  76.605585665085812  275.615468299999975
  78.880852582200887  284.038300300000003
  81.200731160687738  293.203055399999982
  83.565654523472290  303.046645800000022


# temperature  700.000000000000000
#   -0.000000645342816    0.000212971511525   -0.026856340808654    1.547716959983604   65.011808981804847
  61.891461437911268  226.152098200000012
  63.866574167350187  232.899824499999994
  65.883266697679289  239.770603200000011
  67.941972151824558  246.798221500000011
  70.043123652711898  253.973681499999998
  72.187154323267265  261.238747999999987
  74.374497286416585  269.044580199999984
  76.605585665085812  277.046929499999976
  78.880852582200887  285.470441999999991
  81.200731160687738  294.635814799999991
  83.565654523472290  304.479943199999980


# temperature  710.000000000000000
#   -0.000000627971316    0.000207230240640   -0.026130970548778    1.505808989947894   65.956128489409153
  61.891461437911268  227.555824400000006
  63.866574167350187  234.305055699999997
  65.883266697679289  241.177179099999989
  67.941972151824558  248.205977100000013
  70.043123652711898  255.382476700000012
  72.187154323267265  262.648456800000019
  74.374497286416585  270.455126600000028
  76.605585665085812  278.458200799999986
  78.880852582200887  286.882365400000026
  81.200731160687738  296.048329899999999
  83.565654523472290  305.892973799999993


# temperature  720.000000000000000
#   -0.000000611284002    0.000201715441818   -0.025434277092042    1.465563014098135   66.862840503984145
  61.891461437911268  228.940231199999999
  63.866574167350187  235.690905700000002
  65.883266697679289  242.564318500000013
  67.941972151824558  249.594247700000011
  70.043123652711898  256.771744000000012
  72.187154323267265  264.038600099999996
  74.374497286416585  271.846073100000012
  76.605585665085812  279.849842200000012
  78.880852582200887  288.274631899999974
  81.200731160687738  297.441163700000004
  83.565654523472290  307.286301900000012


# temperature  730.000000000000000
#   -0.000000595237854    0.000196413254395   -0.024764549673856    1.426882222344934   67.734089015122905
  61.891461437911268  230.305838800000004
  63.866574167350187  237.057898099999989
  65.883266697679289  243.932547999999997
  67.941972151824558  250.963562499999995
  70.043123652711898  258.142015200000003
  72.187154323267265  265.409711599999980
  74.374497286416585  273.217955000000018
  76.605585665085812  281.222390899999994
  78.880852582200887  289.647780300000022
  81.200731160687738  298.814856299999974
  83.565654523472290  308.660468600000002


# temperature  740.000000000000000
#   -0.000000579808158    0.000191315183507   -0.024120669553512    1.389699053120328   68.571468730297482
  61.891461437911268  231.653147100000012
  63.866574167350187  238.406535800000000
  65.883266697679289  245.282373400000012
  67.941972151824558  252.314429700000005
  70.043123652711898  259.493800399999998
  72.187154323267265  266.762303499999973
  74.374497286416585  274.571286499999985
  76.605585665085812  282.576362300000028
  78.880852582200887  291.002327299999990
  81.200731160687738  300.169925700000022
  83.565654523472290  310.015992900000015


# temperature  750.000000000000000
#   -0.000000564977375    0.000186414800455   -0.023501743497706    1.353957126042528   69.376358366684698
  61.891461437911268  232.982636399999990
  63.866574167350187  239.737302099999994
  65.883266697679289  246.614280500000007
  67.941972151824558  253.647337499999992
  70.043123652711898  260.827589799999998
  72.187154323267265  268.096867599999996
  74.374497286416585  275.906560899999988
  76.605585665085812  283.912251299999980
  78.880852582200887  292.338769099999979
  81.200731160687738  301.506869100000017
  83.565654523472290  311.353373400000009


# temperature  760.000000000000000
#   -0.000000550665966    0.000181687728356   -0.022904940418515    1.319507677509134   70.151774098251394
  61.891461437911268  234.294768400000009
  63.866574167350187  241.050661399999996
  65.883266697679289  247.928736100000009
  67.941972151824558  254.962754700000005
  70.043123652711898  262.143854299999987
  72.187154323267265  269.413876599999980
  74.374497286416585  277.224252499999977
  76.605585665085812  285.230533299999991
  78.880852582200887  293.657582300000001
  81.200731160687738  302.826164300000016
  83.565654523472290  312.673088500000006


# temperature  770.000000000000000
#   -0.000000536920634    0.000177146506278   -0.022331465765796    1.286397626103903   70.897180661299558
  61.891461437911268  235.589987299999990
  63.866574167350187  242.347060499999998
  65.883266697679289  249.226189299999987
  67.941972151824558  256.261132499999974
  70.043123652711898  263.443046700000025
  72.187154323267265  270.713784799999985
  74.374497286416585  278.524816799999996
  76.605585665085812  286.531665400000009
  78.880852582200887  294.959225100000026
  81.200731160687738  304.128270400000019
  83.565654523472290  313.975598199999979


# temperature  780.000000000000000
#   -0.000000523675644    0.000172770953824   -0.021778969808391    1.254503052395917   71.615102931407208
  61.891461437911268  236.868720499999995
  63.866574167350187  243.626929100000012
  65.883266697679289  250.507071999999994
  67.941972151824558  257.542904599999986
  70.043123652711898  264.725602499999979
  72.187154323267265  271.997029100000020
  74.374497286416585  279.808692300000018
  76.605585665085812  287.816086999999982
  78.880852582200887  296.244137799999976
  81.200731160687738  305.413628899999992
  83.565654523472290  315.261345000000006


# temperature  790.000000000000000
#   -0.000000510903976    0.000168552262490   -0.021246353260324    1.223761104175590   72.306945856231891
  61.891461437911268  238.131379699999997
  63.866574167350187  244.890681000000001
  65.883266697679289  251.771800000000013
  67.941972151824558  258.808488699999998
  70.043123652711898  265.991940699999986
  72.187154323267265  273.264029999999991
  74.374497286416585  281.076300600000025
  76.605585665085812  289.084220899999991
  78.880852582200887  297.512744399999974
  81.200731160687738  306.682664400000021
  83.565654523472290  316.530754100000024


# temperature  800.000000000000000
#   -0.000000498572113    0.000164479795566   -0.020732327539524    1.194100482704272   72.974248119739201
  61.891461437911268  239.378361299999995
  63.866574167350187  246.138714899999997
  65.883266697679289  253.020773700000007
  67.941972151824558  260.058286800000019
  70.043123652711898  267.242464999999982
  72.187154323267265  274.515192300000024
  74.374497286416585  282.328047799999979
  76.605585665085812  290.336474199999998
  78.880852582200887  298.765452799999991
  81.200731160687738  307.935785699999997
  83.565654523472290  317.784235099999989


# temperature  810.000000000000000
#   -0.000000486688380    0.000160555096444   -0.020236930852965    1.165514052550897   73.617383804954073
  61.891461437911268  240.610047299999991
  63.866574167350187  247.371414799999997
  65.883266697679289  254.254379099999994
  67.941972151824558  261.292686300000014
  70.043123652711898  268.477563999999973
  72.187154323267265  275.750905900000021
  74.374497286416585  283.564324899999974
  76.605585665085812  291.573238699999990
  78.880852582200887  300.002655699999991
  81.200731160687738  309.173386400000027
  83.565654523472290  319.022182299999997


# temperature  820.000000000000000
#   -0.000000475220993    0.000156768078426   -0.019758943560274    1.137934616366915   74.237793108478286
  61.891461437911268  241.826806099999999
  63.866574167350187  248.589150799999999
  65.883266697679289  255.472987799999999
  67.941972151824558  262.512060399999996
  70.043123652711898  269.697612400000025
  72.187154323267265  276.971546699999976
  74.374497286416585  284.785508600000014
  76.605585665085812  292.794892100000027
  78.880852582200887  301.224731599999984
  81.200731160687738  310.395845699999995
  83.565654523472290  320.244975500000010


# temperature  830.000000000000000
#   -0.000000464161437    0.000153115435132   -0.019297885197088    1.111330760106822   74.836265346063598
  61.891461437911268  243.028993000000014
  63.866574167350187  249.792280000000005
  65.883266697679289  256.676958500000012
  67.941972151824558  263.716769100000022
  70.043123652711898  270.902971200000025
  72.187154323267265  278.177476700000000
  74.374497286416585  285.991962199999989
  76.605585665085812  294.001798599999972
  78.880852582200887  302.432045399999993
  81.200731160687738  311.603529100000003
  83.565654523472290  321.452980799999978


# temperature  840.000000000000000
#   -0.000000453448065    0.000149578537820   -0.018851627414753    1.085592802578007   75.414972994050274
  61.891461437911268  244.216950800000006
  63.866574167350187  250.981146899999999
  65.883266697679289  257.866637200000014
  67.941972151824558  264.907159700000022
  70.043123652711898  272.093988899999999
  72.187154323267265  279.369045299999982
  74.374497286416585  287.184035800000004
  76.605585665085812  295.194309099999998
  78.880852582200887  303.624948899999993
  81.200731160687738  312.796789100000012
  83.565654523472290  322.646551299999999


# temperature  850.000000000000000
#   -0.000000443137200    0.000146173173674   -0.018421793732420    1.060792255199232   75.972816005483580
  61.891461437911268  245.391010499999993
  63.866574167350187  252.156083899999999
  65.883266697679289  259.042357700000025
  67.941972151824558  266.083567300000027
  70.043123652711898  273.271001699999999
  72.187154323267265  280.546589700000027
  74.374497286416585  288.362067599999989
  76.605585665085812  296.372762500000022
  78.880852582200887  304.803781399999991
  81.200731160687738  313.975965499999973
  83.565654523472290  323.826027399999987


# temperature  860.000000000000000
#   -0.000000433144266    0.000142874029983   -0.018005531252696    1.036784922179698   76.512573127715285
  61.891461437911268  246.551491599999991
  63.866574167350187  253.317412200000007
  65.883266697679289  260.204442400000005
  67.941972151824558  267.246315299999992
  70.043123652711898  274.434333999999978
  72.187154323267265  281.710435299999972
  74.374497286416585  289.526383599999974
  76.605585665085812  297.537485500000003
  78.880852582200887  305.968870400000014
  81.200731160687738  315.141386699999998
  83.565654523472290  324.991737800000010


# temperature  870.000000000000000
#   -0.000000423487104    0.000139685691641   -0.017603248015143    1.013584156867477   77.034176520477573
  61.891461437911268  247.698702999999995
  63.866574167350187  254.465441800000008
  65.883266697679289  261.353202699999997
  67.941972151824558  268.395716199999981
  70.043123652711898  275.584299199999975
  72.187154323267265  282.860896299999979
  74.374497286416585  290.677299000000005
  76.605585665085812  298.688793900000007
  78.880852582200887  307.120532299999979
  81.200731160687738  316.293369299999995
  83.565654523472290  326.143999800000017


# temperature  880.000000000000000
#   -0.000000414174504    0.000136610146551   -0.017215075615869    0.991190409937741   77.537779831305329
  61.891461437911268  248.832943099999994
  63.866574167350187  255.600472499999995
  65.883266697679289  262.488939300000027
  67.941972151824558  269.532071900000005
  70.043123652711898  276.721200099999976
  72.187154323267265  283.998276200000021
  74.374497286416585  291.815117900000018
  76.605585665085812  299.826992599999983
  78.880852582200887  308.259072600000025
  81.200731160687738  317.432219499999974
  83.565654523472290  327.283119800000009


# temperature  890.000000000000000
#   -0.000000405132407    0.000133625316368   -0.016838535914531    0.969478982389211   78.025774382680495
  61.891461437911268  249.954500300000007
  63.866574167350187  256.722793899999999
  65.883266697679289  263.611943199999985
  67.941972151824558  270.655674099999999
  70.043123652711898  277.845329400000026
  72.187154323267265  285.122868499999981
  74.374497286416585  292.940134499999999
  76.605585665085812  300.952376300000026
  78.880852582200887  309.384786399999996
  81.200731160687738  318.558232700000019
  83.565654523472290  328.409394000000020


# temperature  900.000000000000000
#   -0.000000396375703    0.000130734978440   -0.016473957294326    0.948460018355156   78.498130983956557
  61.891461437911268  251.063653700000003
  63.866574167350187  257.832686400000000
  65.883266697679289  264.722495499999980
  67.941972151824558  271.766805099999999
  70.043123652711898  278.956970000000013
  72.187154323267265  286.234956699999998
  74.374497286416585  294.052633099999980
  76.605585665085812  302.065229799999997
  78.880852582200887  310.497959100000003
  81.200731160687738  319.671695000000000
  83.565654523472290  329.523108499999978


# temperature  910.000000000000000
#   -0.000000387903517    0.000127938461018   -0.016121203793405    0.928122487543812   78.955174393517282
  61.891461437911268  252.160673199999991
  63.866574167350187  258.930420900000001
  65.883266697679289  265.820868399999995
  67.941972151824558  272.865737700000011
  70.043123652711898  280.056395500000008
  72.187154323267265  287.334815300000002
  74.374497286416585  295.152888599999983
  76.605585665085812  303.165828599999998
  78.880852582200887  311.598866600000008
  81.200731160687738  320.772882700000025
  83.565654523472290  330.624540099999990


# temperature  920.000000000000000
#   -0.000000379717499    0.000125235708734   -0.015780191728805    0.908457107439555   79.397211769187862
  61.891461437911268  253.245820299999991
  63.866574167350187  260.016259800000000
  65.883266697679289  266.907325099999980
  67.941972151824558  273.952736000000016
  70.043123652711898  281.143870900000024
  72.187154323267265  288.422709699999984
  74.374497286416585  296.241167000000019
  76.605585665085812  304.254439300000001
  78.880852582200887  312.687775999999985
  81.200731160687738  321.862063100000000
  83.565654523472290  331.713956499999995


# temperature  930.000000000000000
#   -0.000000371764400    0.000122610845001   -0.015449137401673    0.889373922335282   79.825975550130735
  61.891461437911268  254.319347800000003
  63.866574167350187  261.090457099999981
  65.883266697679289  267.982120399999985
  67.941972151824558  275.028055600000016
  70.043123652711898  282.219652300000007
  72.187154323267265  289.498896699999989
  74.374497286416585  297.317725800000005
  76.605585665085812  305.331319599999972
  78.880852582200887  313.764945500000010
  81.200731160687738  322.939494900000000
  83.565654523472290  332.791616900000008


# temperature  940.000000000000000
#   -0.000000364070154    0.000120070858454   -0.015128723673676    0.870900795423036   80.241094901223605
  61.891461437911268  255.381500899999992
  63.866574167350187  262.153258800000003
  65.883266697679289  269.045501100000024
  67.941972151824558  276.091944099999978
  70.043123652711898  283.283987900000000
  72.187154323267265  290.563625199999990
  74.374497286416585  298.382814199999984
  76.605585665085812  306.396719399999995
  78.880852582200887  314.830625300000008
  81.200731160687738  324.005428800000004
  83.565654523472290  333.857771899999989


# temperature  950.000000000000000
#   -0.000000356614703    0.000117609784789   -0.014818272036321    0.853002345348530   80.643293539010401
  61.891461437911268  256.432516799999974
  63.866574167350187  263.204903100000024
  65.883266697679289  270.097706399999993
  67.941972151824558  277.144641200000024
  70.043123652711898  284.337118200000020
  72.187154323267265  291.617135899999994
  74.374497286416585  299.436673600000006
  76.605585665085812  307.450880499999982
  78.880852582200887  315.885057599999982
  81.200731160687738  325.060107099999982
  83.565654523472290  334.912664600000028


# temperature  960.000000000000000
#   -0.000000349370325    0.000115218947818   -0.014516758587243    0.835624240703221   81.033675115511997
  61.891461437911268  257.472625800000003
  63.866574167350187  264.245620900000006
  65.883266697679289  271.138967900000011
  67.941972151824558  278.186379299999999
  70.043123652711898  285.379276000000004
  72.187154323267265  292.659662400000002
  74.374497286416585  300.479537999999991
  76.605585665085812  308.494037100000014
  78.880852582200887  316.928476999999987
  81.200731160687738  326.103764899999987
  83.565654523472290  335.956529999999987


# temperature  970.000000000000000
#   -0.000000342344512    0.000112900282331   -0.014224353451213    0.818771642076369   81.412235001889925
  61.891461437911268  258.502050800000006
  63.866574167350187  265.275636200000008
  65.883266697679289  272.169510100000025
  67.941972151824558  279.217383400000017
  70.043123652711898  286.410686999999996
  72.187154323267265  293.691430799999978
  74.374497286416585  301.511633899999993
  76.605585665085812  309.526416200000028
  78.880852582200887  317.961110899999994
  81.200731160687738  327.136629900000003
  83.565654523472290  336.989596300000017


# temperature  980.000000000000000
#   -0.000000335526169    0.000110650171280   -0.013940607301751    0.802419137031770   81.779531086099254
  61.891461437911268  259.521008100000017
  63.866574167350187  266.295165899999972
  65.883266697679289  273.189550699999984
  67.941972151824558  280.237872100000004
  70.043123652711898  287.431570099999988
  72.187154323267265  294.712660400000004
  74.374497286416585  302.533181000000013
  76.605585665085812  310.548238000000026
  78.880852582200887  318.983179699999994
  81.200731160687738  328.158922800000028
  83.565654523472290  338.012084300000026


# temperature  990.000000000000000
#   -0.000000328922140    0.000108470297033   -0.013665657992554    0.786570236159852   82.135586581829699
  61.891461437911268  260.529707700000017
  63.866574167350187  267.304420600000014
  65.883266697679289  274.199301100000014
  67.941972151824558  281.248056899999995
  70.043123652711898  288.442137600000024
  72.187154323267265  295.723563899999988
  74.374497286416585  303.544392599999981
  76.605585665085812  311.559715999999980
  78.880852582200887  319.994897200000025
  81.200731160687738  329.170857599999977
  83.565654523472290  339.024208400000020


# temperature 1000.000000000000000
#   -0.000000322493990    0.000106349102644   -0.013398195880081    0.771158351320076   82.481692472106374
  61.891461437911268  261.528352999999981
  63.866574167350187  268.303604600000028
  65.883266697679289  275.198965999999984
  67.941972151824558  282.248143299999981
  70.043123652711898  289.442595299999994
  72.187154323267265  296.724347700000010
  74.374497286416585  304.545475099999976
  76.605585665085812  312.561057000000005
  78.880852582200887  320.996470600000009
  81.200731160687738  330.172641899999974
  83.565654523472290  340.026176299999975


