# Temperature: 0.000000
# Parameters: -11.233424 0.545140 5.900285 72.535423
  61.891461437911268       -10.622841901070169
  63.866574167350187       -10.856353604881354
  65.883266697679289       -11.026490439214761
  67.941972151824558       -11.141248741780963
  70.043123652711898       -11.207936718212647
  72.187154323267265       -11.232807208573833
  74.374497286416585       -11.221485989599133
  76.605585665085812       -11.178628835804821
  78.880852582200887       -11.108889501808239
  81.200731160687738       -11.016399145521991
  83.565654523472290       -10.904272352033715


# Temperature: 10.000000
# Parameters: -11.233430 0.545131 5.900441 72.535494
  61.891461437911268       -10.622844426841155
  63.866574167350187       -10.856356620881998
  65.883266697679289       -11.026493877040926
  67.941972151824558       -11.141252837737852
  70.043123652711898       -11.207941682694806
  72.187154323267265       -11.232813164915999
  74.374497286416585       -11.221493129540177
  76.605585665085812       -11.178637739743493
  78.880852582200887       -11.108900469271749
  81.200731160687738       -11.016412861588149
  83.565654523472290       -10.904290512296011


# Temperature: 20.000000
# Parameters: -11.233545 0.544903 5.904219 72.537173
  61.891461437911268       -10.622886656032302
  63.866574167350187       -10.856407948859967
  65.883266697679289       -11.026555197205221
  67.941972151824558       -11.141328181786928
  70.043123652711898       -11.208035217062543
  72.187154323267265       -11.232928964830757
  74.374497286416585       -11.221638345307264
  76.605585665085812       -11.178823057954881
  78.880852582200887       -11.109136783804679
  81.200731160687738       -11.016719599217902
  83.565654523472290       -10.904698554381760


# Temperature: 30.000000
# Parameters: -11.234112 0.544100 5.915050 72.544506
  61.891461437911268       -10.623094218025759
  63.866574167350187       -10.856660734280263
  65.883266697679289       -11.026860900481488
  67.941972151824558       -11.141702032167780
  70.043123652711898       -11.208493179659293
  72.187154323267265       -11.233487211003558
  74.374497286416585       -11.222325115600976
  76.605585665085812       -11.179670149929560
  78.880852582200887       -11.110179997698895
  81.200731160687738       -11.018016063887840
  83.565654523472290       -10.906323229362323


# Temperature: 40.000000
# Parameters: -11.235501 0.542734 5.930170 72.559505
  61.891461437911268       -10.623661443796353
  63.866574167350187       -10.857339246328912
  65.883266697679289       -11.027668129426349
  67.941972151824558       -11.142665506528820
  70.043123652711898       -11.209641021828768
  72.187154323267265       -11.234846785746077
  74.374497286416585       -11.223944643688345
  76.605585665085812       -11.181595471462288
  78.880852582200887       -11.112464252328191
  81.200731160687738       -11.020739745665253
  83.565654523472290       -10.909580581571207


# Temperature: 50.000000
# Parameters: -11.237918 0.540973 5.946876 72.581626
  61.891461437911268       -10.624765203644390
  63.866574167350187       -10.858632850462158
  65.883266697679289       -11.029176745385570
  67.941972151824558       -11.144424813290707
  70.043123652711898       -11.211686428899164
  72.187154323267265       -11.237211226608300
  74.374497286416585       -11.226688012384052
  76.605585665085812       -11.184767888532763
  78.880852582200887       -11.116125538228818
  81.200731160687738       -11.024979050680360
  83.565654523472290       -10.914495150474821


# Temperature: 60.000000
# Parameters: -11.241433 0.538957 5.963999 72.609523
  61.891461437911268       -10.626525690895875
  63.866574167350187       -10.860659829872260
  65.883266697679289       -11.031499849419724
  67.941972151824558       -11.147083396093397
  70.043123652711898       -11.214718597793990
  72.187154323267265       -11.240651013690501
  74.374497286416585       -11.230600531138320
  76.605585665085812       -11.189202216855488
  78.880852582200887       -11.121142486362537
  81.200731160687738       -11.030669527724895
  83.565654523472290       -10.920953905489577


# Temperature: 70.000000
# Parameters: -11.246040 0.536778 5.981184 72.641903
  61.891461437911268       -10.629009612022784
  63.866574167350187       -10.863478186086382
  65.883266697679289       -11.034684041329825
  67.941972151824558       -11.150673410064028
  70.043123652711898       -11.218752424032576
  72.187154323267265       -11.245161415706445
  74.374497286416585       -11.235654294171995
  76.605585665085812       -11.194845414203330
  78.880852582200887       -11.127434695956168
  81.200731160687738       -11.037700895854352
  83.565654523472290       -10.928815564086346


# Temperature: 80.000000
# Parameters: -11.251698 0.534492 5.998367 72.677741
  61.891461437911268       -10.632244643754051
  63.866574167350187       -10.867105060559732
  65.883266697679289       -11.038734210975340
  67.941972151824558       -11.155185833111332
  70.043123652711898       -11.223763611708709
  72.187154323267265       -11.250701917714148
  74.374497286416585       -11.241790896788073
  76.605585665085812       -11.201620808865076
  78.880852582200887       -11.134906604355630
  81.200731160687738       -11.045957972864068
  83.565654523472290       -10.937945551487250


# Temperature: 90.000000
# Parameters: -11.258350 0.532133 6.015565 72.716276
  61.891461437911268       -10.636233034098401
  63.866574167350187       -10.871532716369691
  65.883266697679289       -11.043631705791459
  67.941972151824558       -11.160590351837767
  70.043123652711898       -11.229709678743211
  72.187154323267265       -11.257217662703960
  74.374497286416585       -11.248942406422220
  76.605585665085812       -11.209447637318323
  78.880852582200887       -11.143464599461211
  81.200731160687738       -11.055334233818586
  83.565654523472290       -10.948224966789926


# Temperature: 100.000000
# Parameters: -11.265938 0.529720 6.032811 72.756954
  61.891461437911268       -10.640961622514196
  63.866574167350187       -10.876739407218837
  65.883266697679289       -11.049345764644466
  67.941972151824558       -11.166846964332390
  70.043123652711898       -11.236541303679505
  72.187154323267265       -11.264650134044830
  74.374497286416585       -11.257040878072985
  76.605585665085812       -11.218248939725338
  78.880852582200887       -11.153022902483462
  81.200731160687738       -11.065735227112857
  83.565654523472290       -10.959551218296872


# Temperature: 110.000000
# Parameters: -11.274405 0.527266 6.050128 72.799370
  61.891461437911268       -10.646408534187140
  63.866574167350187       -10.882696200229512
  65.883266697679289       -11.055840256675788
  67.941972151824558       -11.173912366629938
  70.043123652711898       -11.244208133816805
  72.187154323267265       -11.272942172824211
  74.374497286416585       -11.266022316559699
  76.605585665085812       -11.227954313717824
  78.880852582200887       -11.163504942244522
  81.200731160687738       -11.077078408644034
  83.565654523472290       -10.971836242934986


# Temperature: 120.000000
# Parameters: -11.283697 0.524781 6.067536 72.843228
  61.891461437911268       -10.652547431451129
  63.866574167350187       -10.889371067755018
  65.883266697679289       -11.063077478768097
  67.941972151824558       -11.181743326278569
  70.043123652711898       -11.252661601180481
  72.187154323267265       -11.282040139833398
  74.374497286416585       -11.275828074661588
  76.605585665085812       -11.238500479249275
  78.880852582200887       -11.174843031813102
  81.200731160687738       -11.089291880480618
  83.565654523472290       -10.985004284157512


# Temperature: 130.000000
# Parameters: -11.293764 0.522270 6.085047 72.888306
  61.891461437911268       -10.659350123509768
  63.866574167350187       -10.896731270123757
  65.883266697679289       -11.071020231507266
  67.941972151824558       -11.190298367569088
  70.043123652711898       -11.261856162087955
  72.187154323267265       -11.291894675268040
  74.374497286416585       -11.286405063512337
  76.605585665085812       -11.249830943829286
  78.880852582200887       -11.186977467849992
  81.200731160687738       -11.102312890117112
  83.565654523472290       -10.998989829455613


# Temperature: 140.000000
# Parameters: -11.304561 0.519736 6.102667 72.934438
  61.891461437911268       -10.666788136622268
  63.866574167350187       -10.904744696774921
  65.883266697679289       -11.079632885665067
  67.941972151824558       -11.199538533308292
  70.043123652711898       -11.271749728302064
  72.187154323267265       -11.302460782678665
  74.374497286416585       -11.297705478983525
  76.605585665085812       -11.261895347502081
  78.880852582200887       -11.199855505582420
  81.200731160687738       -11.116086446844866
  83.565654523472290       -11.013735857761450


# Temperature: 150.000000
# Parameters: -11.316048 0.517182 6.120403 72.981497
  61.891461437911268       -10.674833613721514
  63.866574167350187       -10.913380578283387
  65.883266697679289       -11.088881881756672
  67.941972151824558       -11.209427650144132
  70.043123652711898       -11.282303695014564
  72.187154323267265       -11.313697612357581
  74.374497286416585       -11.309686313527825
  76.605585665085812       -11.274648747712366
  78.880852582200887       -11.213430394927551
  81.200731160687738       -11.130564108096838
  83.565654523472290       -11.029192410216240


# Temperature: 160.000000
# Parameters: -11.328188 0.514610 6.138257 73.029386
  61.891461437911268       -10.683459820190112
  63.866574167350187       -10.922609829416825
  65.883266697679289       -11.098735907269555
  67.941972151824558       -11.219932339966386
  70.043123652711898       -11.293482768799363
  72.187154323267265       -11.325568116208910
  74.374497286416585       -11.322308849366525
  76.605585665085812       -11.288050923863231
  78.880852582200887       -11.227660528550039
  81.200731160687738       -11.145702969968335
  83.565654523472290       -11.045315425227075


# Temperature: 170.000000
# Parameters: -11.340947 0.512022 6.156230 73.078030
  61.891461437911268       -10.692641394675571
  63.866574167350187       -10.932405182834707
  65.883266697679289       -11.109165899772767
  67.941972151824558       -11.231021884134819
  70.043123652711898       -11.305254709542362
  72.187154323267265       -11.338038671525812
  74.374497286416585       -11.335538145458486
  76.605585665085812       -11.302065762715355
  78.880852582200887       -11.242508708072188
  81.200731160687738       -11.161464829784533
  83.565654523472290       -11.062065803610347


# Temperature: 180.000000
# Parameters: -11.354294 0.509419 6.174325 73.127370
  61.891461437911268       -10.702354445477940
  63.866574167350187       -10.942741192197577
  65.883266697679289       -11.120144957784277
  67.941972151824558       -11.242668046250275
  70.043123652711898       -11.317590062007030
  72.187154323267265       -11.351078710986300
  74.374497286416585       -11.349342587691117
  76.605585665085812       -11.316660719445292
  78.880852582200887       -11.257941531545967
  81.200731160687738       -11.177815489621979
  83.565654523472290       -11.079408640599841


# Temperature: 190.000000
# Parameters: -11.368203 0.506801 6.192542 73.177359
  61.891461437911268       -10.712576564023367
  63.866574167350187       -10.953594169981480
  65.883266697679289       -11.131648201889837
  67.941972151824558       -11.254844861760130
  70.043123652711898       -11.330461867707886
  72.187154323267265       -11.364660382705388
  74.374497286416585       -11.363693480528394
  76.605585665085812       -11.331806350217203
  78.880852582200887       -11.273928872130583
  81.200731160687738       -11.194724186274104
  83.565654523472290       -11.097312611245911


# Temperature: 200.000000
# Parameters: -11.382647 0.504169 6.210881 73.227961
  61.891461437911268       -10.723286782370604
  63.866574167350187       -10.964942090053876
  65.883266697679289       -11.143652624461167
  67.941972151824558       -11.267528428600176
  70.043123652711898       -11.343845418241029
  72.187154323267265       -11.378758247598606
  74.374497286416585       -11.378564697735186
  76.605585665085812       -11.347475923522975
  78.880852582200887       -11.290443439684125
  81.200731160687738       -11.212163119677243
  83.565654523472290       -11.115749463603011


# Temperature: 210.000000
# Parameters: -11.397604 0.501523 6.229345 73.279146
  61.891461437911268       -10.734465506879728
  63.866574167350187       -10.976764473666751
  65.883266697679289       -11.156136929009870
  67.941972151824558       -11.280696714419317
  70.043123652711898       -11.357718010687524
  72.187154323267265       -11.393349001619741
  74.374497286416585       -11.393932374558629
  76.605585665085812       -11.363645076088677
  78.880852582200887       -11.307460418014353
  81.200731160687738       -11.230107055959339
  83.565654523472290       -11.134693591722028


# Temperature: 220.000000
# Parameters: -11.413052 0.498865 6.247932 73.330891
  61.891461437911268       -10.746094430115901
  63.866574167350187       -10.989042272340436
  65.883266697679289       -11.169081387160603
  67.941972151824558       -11.294329373132109
  70.043123652711898       -11.372058743437409
  72.187154323267265       -11.408411244637765
  74.374497286416585       -11.409774642402992
  76.605585665085812       -11.380291530966598
  78.880852582200887       -11.324957156023649
  81.200731160687738       -11.248532997856378
  83.565654523472290       -11.154121695702454


# Temperature: 230.000000
# Parameters: -11.428971 0.496194 6.266644 73.383179
  61.891461437911268       -10.758156441716709
  63.866574167350187       -11.001757751783860
  65.883266697679289       -11.182467689405675
  67.941972151824558       -11.308407579090545
  70.043123652711898       -11.386848325487250
  72.187154323267265       -11.423925266933006
  74.374497286416585       -11.426071404961577
  76.605585665085812       -11.397394847756498
  78.880852582200887       -11.342912901347441
  81.200731160687738       -11.267419906950119
  83.565654523472290       -11.174012485274453


# Temperature: 240.000000
# Parameters: -11.445344 0.493510 6.285481 73.435996
  61.891461437911268       -10.770635546514475
  63.866574167350187       -11.014894383069782
  65.883266697679289       -11.196278819697465
  67.941972151824558       -11.322913878875093
  70.043123652711898       -11.402068910611934
  72.187154323267265       -11.439872874041097
  74.374497286416585       -11.442804137150015
  76.605585665085812       -11.414936214283912
  78.880852582200887       -11.361308580631832
  81.200731160687738       -11.286748470472178
  83.565654523472290       -11.194346436238666


# Temperature: 250.000000
# Parameters: -11.462154 0.490813 6.304445 73.489330
  61.891461437911268       -10.783516772294318
  63.866574167350187       -11.028436741065011
  65.883266697679289       -11.210498937295824
  67.941972151824558       -11.337832060704971
  70.043123652711898       -11.417703953301400
  72.187154323267265       -11.456237219888338
  74.374497286416585       -11.459955717205203
  76.605585665085812       -11.432898268334826
  78.880852582200887       -11.380126609867567
  81.200731160687738       -11.306500900237316
  83.565654523472290       -11.215105583180948


# Temperature: 260.000000
# Parameters: -11.479386 0.488105 6.323536 73.543173
  61.891461437911268       -10.796786088952899
  63.866574167350187       -11.042370408042759
  65.883266697679289       -11.225113268979726
  67.941972151824558       -11.353147032139841
  70.043123652711898       -11.433738075061639
  72.187154323267265       -11.473002674129123
  74.374497286416585       -11.477510279512755
  76.605585665085812       -11.451264933900307
  78.880852582200887       -11.399350727525402
  81.200731160687738       -11.326660763705940
  83.565654523472290       -11.236273340170612


# Temperature: 270.000000
# Parameters: -11.497024 0.485384 6.342755 73.597519
  61.891461437911268       -10.810430340094284
  63.866574167350187       -11.056681887659249
  65.883266697679289       -11.240108013696053
  67.941972151824558       -11.368844718510035
  70.043123652711898       -11.450156957662793
  72.187154323267265       -11.490154698811210
  74.374497286416585       -11.495453082980863
  76.605585665085812       -11.470021295768923
  78.880852582200887       -11.418965854638543
  81.200731160687738       -11.347212836811570
  83.565654523472290       -11.257834354624309


# Temperature: 280.000000
# Parameters: -11.515056 0.482651 6.362103 73.652365
  61.891461437911268       -10.824437167370814
  63.866574167350187       -11.071358531367451
  65.883266697679289       -11.255470254463354
  67.941972151824558       -11.384911967565321
  70.043123652711898       -11.466947237423655
  72.187154323267265       -11.507679741623800
  74.374497286416585       -11.513770401179107
  76.605585665085812       -11.489153475155582
  78.880852582200887       -11.438957974577194
  81.200731160687738       -11.368142973371118
  83.565654523472290       -11.279774371534184


# Temperature: 290.000000
# Parameters: -11.533469 0.479906 6.381581 73.707708
  61.891461437911268       -10.838794946224681
  63.866574167350187       -11.086388460685107
  65.883266697679289       -11.271187885821998
  67.941972151824558       -11.401336465524373
  70.043123652711898       -11.484096417115444
  72.187154323267265       -11.525565144692024
  74.374497286416585       -11.532449423877946
  76.605585665085812       -11.508648528131747
  78.880852582200887       -11.459314026296642
  81.200731160687738       -11.389438004551529
  83.565654523472290       -11.302080123606686


# Temperature: 300.000000
# Parameters: -11.552252 0.477149 6.401191 73.763546
  61.891461437911268       -10.853492733030182
  63.866574167350187       -11.101760509154845
  65.883266697679289       -11.287249537138631
  67.941972151824558       -11.418106665561362
  70.043123652711898       -11.501592788229814
  72.187154323267265       -11.543799055444280
  74.374497286416585       -11.551478169988913
  76.605585665085812       -11.528494358565624
  78.880852582200887       -11.480021806913181
  81.200731160687738       -11.411085633154304
  83.565654523472290       -11.324739231765628


# Temperature: 310.000000
# Parameters: -11.571393 0.474380 6.420934 73.819880
  61.891461437911268       -10.868520208090267
  63.866574167350187       -11.117464162231467
  65.883266697679289       -11.303644518712002
  67.941972151824558       -11.435211718365379
  70.043123652711898       -11.519425361538305
  72.187154323267265       -11.562370362353798
  74.374497286416585       -11.570845408796206
  76.605585665085812       -11.548679637280912
  78.880852582200887       -11.501069899154270
  81.200731160687738       -11.433074356919940
  83.565654523472290       -11.347740120165243


# Temperature: 320.000000
# Parameters: -11.590883 0.471599 6.440811 73.876710
  61.891461437911268       -10.883867627960932
  63.866574167350187       -11.133489504424196
  65.883266697679289       -11.320362756478101
  67.941972151824558       -11.452641413064139
  70.043123652711898       -11.537583805943179
  72.187154323267265       -11.581268622388794
  74.374497286416585       -11.590540599843969
  76.605585665085812       -11.569193733652661
  78.880852582200887       -11.522447590517279
  81.200731160687738       -11.455393391832390
  83.565654523472290       -11.371071942603901


# Temperature: 330.000000
# Parameters: -11.610711 0.468806 6.460824 73.934040
  61.891461437911268       -10.899525781921310
  63.866574167350187       -11.149827171621068
  65.883266697679289       -11.337394751589542
  67.941972151824558       -11.470386127475519
  70.043123652711898       -11.556058387328264
  72.187154323267265       -11.600484007118304
  74.374497286416585       -11.610553823495717
  76.605585665085812       -11.590026653421692
  78.880852582200887       -11.544144816266039
  81.200731160687738       -11.478032609933479
  83.565654523472290       -11.394724513083551


# Temperature: 340.000000
# Parameters: -11.630868 0.466002 6.480973 73.991872
  61.891461437911268       -10.915485951553046
  63.866574167350187       -11.166468311704728
  65.883266697679289       -11.354731527557812
  67.941972151824558       -11.488436777322669
  70.043123652711898       -11.574839926065486
  72.187154323267265       -11.620007250890867
  74.374497286416585       -11.630875736368013
  76.605585665085812       -11.611168982727575
  78.880852582200887       -11.566152102427392
  81.200731160687738       -11.500982478173746
  83.565654523472290       -11.418688250879123


# Temperature: 350.000000
# Parameters: -11.651347 0.463185 6.501261 74.050209
  61.891461437911268       -10.931739875501796
  63.866574167350187       -11.183404541022526
  65.883266697679289       -11.372364592941917
  67.941972151824558       -11.506784775813374
  70.043123652711898       -11.593919749339248
  72.187154323267265       -11.639829605231759
  74.374497286416585       -11.651497519509146
  76.605585665085812       -11.632611841469446
  78.880852582200887       -11.588460512933448
  81.200731160687738       -11.524234012809695
  83.565654523472290       -11.442954127680785


# Temperature: 360.000000
# Parameters: -11.672138 0.460356 6.521690 74.109056
  61.891461437911268       -10.948279713202314
  63.866574167350187       -11.200627913293728
  65.883266697679289       -11.390285905073480
  67.941972151824558       -11.525421991146587
  70.043123652711898       -11.613289650725806
  72.187154323267265       -11.659942796349524
  74.374497286416585       -11.672410836942078
  76.605585665085812       -11.654346839776098
  78.880852582200887       -11.611061608164542
  81.200731160687738       -11.547778728618892
  83.565654523472290       -11.467513618881908


# Temperature: 370.000000
# Parameters: -11.693235 0.457515 6.542260 74.168417
  61.891461437911268       -10.965098018967787
  63.866574167350187       -11.218130885407447
  65.883266697679289       -11.408487831708941
  67.941972151824558       -11.544340717492481
  70.043123652711898       -11.632941853918341
  72.187154323267265       -11.680338986788195
  74.374497286416585       -11.693607796280244
  76.605585665085812       -11.676366036548929
  78.880852582200887       -11.633947404528586
  81.200731160687738       -11.571608602625059
  83.565654523472290       -11.492358665231286


# Temperature: 380.000000
# Parameters: -11.714630 0.454662 6.562974 74.228299
  61.891461437911268       -10.982187712969898
  63.866574167350187       -11.235906290475553
  65.883266697679289       -11.426963128228200
  67.941972151824558       -11.563533639753965
  70.043123652711898       -11.652868983707034
  72.187154323267265       -11.701010747443778
  74.374497286416585       -11.715080916598335
  76.605585665085812       -11.698661908369148
  78.880852582200887       -11.657110338186166
  81.200731160687738       -11.595716034713854
  83.565654523472290       -11.517481638631068


# Temperature: 390.000000
# Parameters: -11.736316 0.451798 6.583834 74.288707
  61.891461437911268       -10.999542051182466
  63.866574167350187       -11.253947306739889
  65.883266697679289       -11.445704905505387
  67.941972151824558       -11.582993804546735
  70.043123652711898       -11.673064031776985
  72.187154323267265       -11.721951021289339
  74.374497286416585       -11.736823098375936
  76.605585665085812       -11.721227315295714
  78.880852582200887       -11.680543234994172
  81.200731160687738       -11.620093817576523
  83.565654523472290       -11.542875301716139


# Temperature: 400.000000
# Parameters: -11.758287 0.448921 6.604840 74.349647
  61.891461437911268       -11.017154610871474
  63.866574167350187       -11.272247440989446
  65.883266697679289       -11.464706602961781
  67.941972151824558       -11.602714599470755
  70.043123652711898       -11.693520333906839
  72.187154323267265       -11.743153100573615
  74.374497286416585       -11.758827591368307
  76.605585665085812       -11.744055473918243
  78.880852582200887       -11.704239278376575
  81.200731160687738       -11.644735106653531
  83.565654523472290       -11.568532784016300


# Temperature: 410.000000
# Parameters: -11.780536 0.446032 6.625996 74.411128
  61.891461437911268       -11.035019263647982
  63.866574167350187       -11.290800499540429
  65.883266697679289       -11.483961971982989
  67.941972151824558       -11.622689722017460
  70.043123652711898       -11.714231545094558
  72.187154323267265       -11.764610599873938
  74.374497286416585       -11.781087973877858
  76.605585665085812       -11.767139928337073
  78.880852582200887       -11.728191985486630
  81.200731160687738       -11.669633393187471
  83.565654523472290       -11.594447556045623


# Temperature: 420.000000
# Parameters: -11.803057 0.443131 6.647303 74.473155
  61.891461437911268       -11.053130155776035
  63.866574167350187       -11.309600573726284
  65.883266697679289       -11.503465050008291
  67.941972151824558       -11.642913162986945
  70.043123652711898       -11.735191614683176
  72.187154323267265       -11.786317433294853
  74.374497286416585       -11.803598127879910
  76.605585665085812       -11.790474532544023
  78.880852582200887       -11.752395183369067
  81.200731160687738       -11.694782481421695
  83.565654523472290       -11.620613398209651


# Temperature: 430.000000
# Parameters: -11.825846 0.440217 6.668764 74.535738
  61.891461437911268       -11.071481695735537
  63.866574167350187       -11.328642016059892
  65.883266697679289       -11.523210142911381
  67.941972151824558       -11.663379189905131
  70.043123652711898       -11.756394771850845
  72.187154323267265       -11.808267796848861
  74.374497286416585       -11.826352217257758
  76.605585665085812       -11.814053424511721
  78.880852582200887       -11.776842986158714
  81.200731160687738       -11.720176461653224
  83.565654523472290       -11.647024386295437


# Temperature: 440.000000
# Parameters: -11.848897 0.437292 6.690380 74.598884
  61.891461437911268       -11.090068531420879
  63.866574167350187       -11.347919427796461
  65.883266697679289       -11.543191808417559
  67.941972151824558       -11.684082319040265
  70.043123652711898       -11.777835500736591
  72.187154323267265       -11.830456143582206
  74.374497286416585       -11.849344670183408
  76.605585665085812       -11.837871009610796
  78.880852582200887       -11.801529777461244
  81.200731160687738       -11.745809699868484
  83.565654523472290       -11.673674865560880


# Temperature: 450.000000
# Parameters: -11.872204 0.434354 6.712153 74.662602
  61.891461437911268       -11.108885539776672
  63.866574167350187       -11.367427641314265
  65.883266697679289       -11.563404840557329
  67.941972151824558       -11.705017310220779
  70.043123652711898       -11.799508529039635
  72.187154323267265       -11.852877177356296
  74.374497286416585       -11.872570163571183
  76.605585665085812       -11.861921939881341
  78.880852582200887       -11.826450190661077
  81.200731160687738       -11.771676811832648
  83.565654523472290       -11.700559437261182


# Temperature: 460.000000
# Parameters: -11.895763 0.431404 6.734086 74.726902
  61.891461437911268       -11.127927811251350
  63.866574167350187       -11.387161707677544
  65.883266697679289       -11.583844252047152
  67.941972151824558       -11.726179146106773
  70.043123652711898       -11.821408811436559
  72.187154323267265       -11.875525823827783
  74.374497286416585       -11.896023601312784
  76.605585665085812       -11.886201102632233
  78.880852582200887       -11.851599095447840
  81.200731160687738       -11.797772649616094
  83.565654523472290       -11.727672939993184


# Temperature: 470.000000
# Parameters: -11.919569 0.428442 6.756180 74.791792
  61.891461437911268       -11.147190636323636
  63.866574167350187       -11.407116879017241
  65.883266697679289       -11.604505263925184
  67.941972151824558       -11.747563016643609
  70.043123652711898       -11.843531511962071
  72.187154323267265       -11.898397227339270
  74.374497286416585       -11.919700105985859
  76.605585665085812       -11.910703601785448
  78.880852582200887       -11.876971578124264
  81.200731160687738       -11.824092283975158
  83.565654523472290       -11.755010431039675


# Temperature: 480.000000
# Parameters: -11.943618 0.425467 6.778440 74.857284
  61.891461437911268       -11.166669494101841
  63.866574167350187       -11.427288602312453
  65.883266697679289       -11.625383292077728
  67.941972151824558       -11.769164310770512
  70.043123652711898       -11.865871997790443
  72.187154323267265       -11.921486733300073
  74.374497286416585       -11.943595003307626
  76.605585665085812       -11.935424745438956
  78.880852582200887       -11.902562931241922
  81.200731160687738       -11.850630997097150
  83.565654523472290       -11.782567180150849


# Temperature: 490.000000
# Parameters: -11.967906 0.422480 6.800865 74.923387
  61.891461437911268       -11.186360042996034
  63.866574167350187       -11.447672503844032
  65.883266697679289       -11.646473934802129
  67.941972151824558       -11.790978603983440
  70.043123652711898       -11.888425819543400
  72.187154323267265       -11.944789872639824
  74.374497286416585       -11.967703807624893
  76.605585665085812       -11.960360032393167
  78.880852582200887       -11.928368642200535
  81.200731160687738       -11.877384260835397
  83.565654523472290       -11.810338648815774


# Temperature: 500.000000
# Parameters: -11.992428 0.419480 6.823461 74.990112
  61.891461437911268       -11.206258109317353
  63.866574167350187       -11.468264381939605
  65.883266697679289       -11.667772963478928
  67.941972151824558       -11.813001642788706
  70.043123652711898       -11.911188707144433
  72.187154323267265       -11.968302356626332
  74.374497286416585       -11.992022214659078
  76.605585665085812       -11.985505144895960
  78.880852582200887       -11.954384378738013
  81.200731160687738       -11.904347731527118
  83.565654523472290       -11.838320484043827


# Temperature: 510.000000
# Parameters: -12.017181 0.416468 6.846227 75.057470
  61.891461437911268       -11.226359676913736
  63.866574167350187       -11.489060193500025
  65.883266697679289       -11.689276312207596
  67.941972151824558       -11.835229342630109
  70.043123652711898       -11.934156553235962
  72.187154323267265       -11.992020064428480
  74.374497286416585       -12.016546086996239
  76.605585665085812       -12.010855933096273
  78.880852582200887       -11.980605979602606
  81.200731160687738       -11.931517237556298
  83.565654523472290       -11.866508503854734


# Temperature: 520.000000
# Parameters: -12.042160 0.413443 6.869169 75.125474
  61.891461437911268       -11.246660880951371
  63.866574167350187       -11.510056048817246
  65.883266697679289       -11.710980069515138
  67.941972151824558       -11.857657770269697
  70.043123652711898       -11.957325411106492
  72.187154323267265       -12.015939032751952
  74.374497286416585       -12.041271447868516
  76.605585665085812       -12.036408405716282
  78.880852582200887       -12.007029443152224
  81.200731160687738       -11.958888768989439
  83.565654523472290       -11.894898688987155


# Temperature: 530.000000
# Parameters: -12.067364 0.410406 6.892287 75.194135
  61.891461437911268       -11.267157996513996
  63.866574167350187       -11.531248200173630
  65.883266697679289       -11.732880467991814
  67.941972151824558       -11.880283142751333
  70.043123652711898       -11.980691480180640
  72.187154323267265       -12.040055445474966
  74.374497286416585       -12.066194468717015
  76.605585665085812       -12.062158725905681
  78.880852582200887       -12.033650922172299
  81.200731160687738       -11.986458468247710
  83.565654523472290       -11.923487174607278


# Temperature: 540.000000
# Parameters: -12.092787 0.407355 6.915584 75.263465
  61.891461437911268       -11.287847435493628
  63.866574167350187       -11.552633038732667
  65.883266697679289       -11.754973879109011
  67.941972151824558       -11.903101811854309
  70.043123652711898       -12.004251098764154
  72.187154323267265       -12.064365629502584
  74.374497286416585       -12.091311465046108
  76.605585665085812       -12.088103197768149
  78.880852582200887       -12.060466710402247
  81.200731160687738       -12.014222620779112
  83.565654523472290       -11.952270239944546


# Temperature: 550.000000
# Parameters: -12.118427 0.404292 6.939065 75.333478
  61.891461437911268       -11.308725735189874
  63.866574167350187       -11.574207082101861
  65.883266697679289       -11.777256801818563
  67.941972151824558       -11.926110264093339
  70.043123652711898       -12.028000737825353
  72.187154323267265       -12.088866045438859
  74.374497286416585       -12.116618885022728
  76.605585665085812       -12.114238259106362
  78.880852582200887       -12.087473239426185
  81.200731160687738       -12.042177649876356
  83.565654523472290       -11.981244300000258


# Temperature: 560.000000
# Parameters: -12.144280 0.401217 6.962731 75.404186
  61.891461437911268       -11.329789554164218
  63.866574167350187       -11.595966970187023
  65.883266697679289       -11.799725861516309
  67.941972151824558       -11.949305109317871
  70.043123652711898       -12.051936995812996
  72.187154323267265       -12.113553278259010
  74.374497286416585       -12.142113303257833
  76.605585665085812       -12.140560478312713
  78.880852582200887       -12.114667067272242
  81.200731160687738       -12.070320107349012
  83.565654523472290       -12.010405900365427


# Temperature: 570.000000
# Parameters: -12.170345 0.398128 6.986585 75.475605
  61.891461437911268       -11.351035663948617
  63.866574167350187       -11.617909460010141
  65.883266697679289       -11.822377798641419
  67.941972151824558       -11.972683074493530
  70.043123652711898       -12.076056588292017
  72.187154323267265       -12.138424033163703
  74.374497286416585       -12.167791416660682
  76.605585665085812       -12.167066540895775
  78.880852582200887       -12.142044874266860
  81.200731160687738       -12.098646665232110
  83.565654523472290       -12.039751708929376


# Temperature: 580.000000
# Parameters: -12.196617 0.395027 7.010631 75.547748
  61.891461437911268       -11.372460949045498
  63.866574167350187       -11.640031416381543
  65.883266697679289       -11.845209464530676
  67.941972151824558       -11.996240998519982
  70.043123652711898       -12.100356342761394
  72.187154323267265       -12.163475129360512
  74.374497286416585       -12.193650036147430
  76.605585665085812       -12.193753250516718
  78.880852582200887       -12.169603455779800
  81.200731160687738       -12.127154113713281
  83.565654523472290       -12.069278508624755


# Temperature: 590.000000
# Parameters: -12.223094 0.391912 7.034871 75.620629
  61.891461437911268       -11.394062392417794
  63.866574167350187       -11.662329809827044
  65.883266697679289       -11.868217818309203
  67.941972151824558       -12.019975829121661
  70.043123652711898       -12.124833195544873
  72.187154323267265       -12.188703492808914
  74.374497286416585       -12.219686078349724
  76.605585665085812       -12.220617518625058
  78.880852582200887       -12.197339716005592
  81.200731160687738       -12.155839350768494
  83.565654523472290       -12.098983192245397


# Temperature: 600.000000
# Parameters: -12.249774 0.388785 7.059308 75.694265
  61.891461437911268       -11.415837079634638
  63.866574167350187       -11.684801712442237
  65.883266697679289       -11.891399916526202
  67.941972151824558       -12.043884612483506
  70.043123652711898       -12.149484184535979
  72.187154323267265       -12.214106154147451
  74.374497286416585       -12.245896564578267
  76.605585665085812       -12.247656359276512
  78.880852582200887       -12.225250663817823
  81.200731160687738       -12.184699381125633
  83.565654523472290       -12.128862760373483


# Temperature: 610.000000
# Parameters: -12.276653 0.385645 7.083947 75.768672
  61.891461437911268       -11.437782187470686
  63.866574167350187       -11.707444288564659
  65.883266697679289       -11.914752913154949
  67.941972151824558       -12.067964491178103
  70.043123652711898       -12.174306444015887
  72.187154323267265       -12.239680238329463
  74.374497286416585       -12.272278615640694
  76.605585665085812       -12.274866886023730
  78.880852582200887       -12.253333407587007
  81.200731160687738       -12.213731304863801
  83.565654523472290       -12.158914309978838


# Temperature: 620.000000
# Parameters: -12.303729 0.382491 7.108791 75.843864
  61.891461437911268       -11.459894984942540
  63.866574167350187       -11.730254791664519
  65.883266697679289       -11.938274052337807
  67.941972151824558       -12.092212701056406
  70.043123652711898       -12.199297200507715
  72.187154323267265       -12.265422965659509
  74.374497286416585       -12.298829443550151
  76.605585665085812       -12.302246304661304
  78.880852582200887       -12.281585147925609
  81.200731160687738       -12.242932320522609
  83.565654523472290       -12.189135032346089


# Temperature: 630.000000
# Parameters: -12.331001 0.379324 7.133842 75.919861
  61.891461437911268       -11.482172822944475
  63.866574167350187       -11.753230565381108
  65.883266697679289       -11.961960665276958
  67.941972151824558       -12.116626563992758
  70.043123652711898       -12.224453767594396
  72.187154323267265       -12.291331643501962
  74.374497286416585       -12.325546348416029
  76.605585665085812       -12.329791911152919
  78.880852582200887       -12.310003174578753
  81.200731160687738       -12.272299713701477
  83.565654523472290       -12.219522211001799


# Temperature: 640.000000
# Parameters: -12.358466 0.376145 7.159104 75.996678
  61.891461437911268       -11.504613135284881
  63.866574167350187       -11.776369032122124
  65.883266697679289       -11.985810166088690
  67.941972151824558       -12.141203485812037
  70.043123652711898       -12.249773544882245
  72.187154323267265       -12.317403662135305
  74.374497286416585       -12.352426717407532
  76.605585665085812       -12.357501086449215
  78.880852582200887       -12.338584865387801
  81.200731160687738       -12.301830856023212
  83.565654523472290       -12.250073212386646


# Temperature: 650.000000
# Parameters: -12.386121 0.372951 7.184582 76.074334
  61.891461437911268       -11.527213435576973
  63.866574167350187       -11.799667693063666
  65.883266697679289       -12.009820047657689
  67.941972151824558       -12.165940951107515
  70.043123652711898       -12.275254008673134
  72.187154323267265       -12.343636495788552
  74.374497286416585       -12.379468015425834
  76.605585665085812       -12.385371292342093
  78.880852582200887       -12.367327675926099
  81.200731160687738       -12.331523199951873
  83.565654523472290       -12.280785488964689


# Temperature: 660.000000
# Parameters: -12.413964 0.369745 7.210278 76.152848
  61.891461437911268       -11.549971307910955
  63.866574167350187       -11.823124125040957
  65.883266697679289       -12.033987877491338
  67.941972151824558       -12.190836521168023
  70.043123652711898       -12.300892715073754
  72.187154323267265       -12.370027691240558
  74.374497286416585       -12.406667788213369
  76.605585665085812       -12.413400067318999
  78.880852582200887       -12.396229142608234
  81.200731160687738       -12.361374277756349
  83.565654523472290       -12.311656566786260


# Temperature: 670.000000
# Parameters: -12.441994 0.366525 7.236197 76.232240
  61.891461437911268       -11.572884409963304
  63.866574167350187       -11.846735977439062
  65.883266697679289       -12.058311297719721
  67.941972151824558       -12.215887829832232
  70.043123652711898       -12.326687291704218
  72.187154323267265       -12.396574871965733
  74.374497286416585       -12.434023649916703
  76.605585665085812       -12.441585023453651
  78.880852582200887       -12.425286873362223
  81.200731160687738       -12.391381695291802
  83.565654523472290       -12.342684048597240


# Temperature: 680.000000
# Parameters: -12.470208 0.363292 7.262343 76.312529
  61.891461437911268       -11.595950467814633
  63.866574167350187       -11.870500967010756
  65.883266697679289       -12.082788015767775
  67.941972151824558       -12.241092579342945
  70.043123652711898       -12.352635433552349
  72.187154323267265       -12.423275729842619
  74.374497286416585       -12.461533290341531
  76.605585665085812       -12.469923845369609
  78.880852582200887       -12.454498547629493
  81.200731160687738       -12.421543127853951
  83.565654523472290       -12.373865608656924


# Temperature: 690.000000
# Parameters: -12.498606 0.360045 7.288720 76.393736
  61.891461437911268       -11.619167270767566
  63.866574167350187       -11.894416874767249
  65.883266697679289       -12.107415808501006
  67.941972151824558       -12.266448539310687
  70.043123652711898       -12.378734906082963
  72.187154323267265       -12.450128023081048
  74.374497286416585       -12.489194463551978
  76.605585665085812       -12.498414284021717
  78.880852582200887       -12.483861914292037
  81.200731160687738       -12.451856320179088
  83.565654523472290       -12.405198987555895


# Temperature: 700.000000
# Parameters: -12.527184 0.356784 7.315331 76.475882
  61.891461437911268       -11.642532671346725
  63.866574167350187       -11.918481547014611
  65.883266697679289       -12.132192513934074
  67.941972151824558       -12.291953542567983
  70.043123652711898       -12.404983536946455
  72.187154323267265       -12.477129575185709
  74.374497286416585       -12.517004987870601
  76.605585665085812       -12.527054154623258
  78.880852582200887       -12.513374784417429
  81.200731160687738       -12.482319081261933
  83.565654523472290       -12.436681993252451


# Temperature: 710.000000
# Parameters: -12.555941 0.353510 7.342182 76.558990
  61.891461437911268       -11.666044583225895
  63.866574167350187       -11.942692889135216
  65.883266697679289       -12.157116032267217
  67.941972151824558       -12.317605482060088
  70.043123652711898       -12.431379214942373
  72.187154323267265       -12.504278271846873
  74.374497286416585       -12.544962744841966
  76.605585665085812       -12.555841333536662
  78.880852582200887       -12.543035032295252
  81.200731160687738       -12.512929284355639
  83.565654523472290       -12.468312493817612


# Temperature: 720.000000
# Parameters: -12.584876 0.350223 7.369276 76.643083
  61.891461437911268       -11.689700973973029
  63.866574167350187       -11.967048863514878
  65.883266697679289       -12.182184318631268
  67.941972151824558       -12.343402310844985
  70.043123652711898       -12.457919887946570
  72.187154323267265       -12.531572055758259
  74.374497286416585       -12.573065674050513
  76.605585665085812       -12.584773758273519
  78.880852582200887       -12.572840593364237
  81.200731160687738       -12.543684858680384
  83.565654523472290       -12.500088419507980


# Temperature: 730.000000
# Parameters: -12.613987 0.346922 7.396619 76.728185
  61.891461437911268       -11.713499870232374
  63.866574167350187       -11.991547489542867
  65.883266697679289       -12.207395388269791
  67.941972151824558       -12.369342037947677
  70.043123652711898       -12.484603558765491
  72.187154323267265       -12.559008926617034
  74.374497286416585       -12.601311772084129
  76.605585665085812       -12.613849423348864
  78.880852582200887       -12.602789456957289
  81.200731160687738       -12.574583794605498
  83.565654523472290       -12.532007755510755


# Temperature: 740.000000
# Parameters: -12.643272 0.343607 7.424214 76.814320
  61.891461437911268       -11.737439349433075
  63.866574167350187       -12.016186839466197
  65.883266697679289       -12.232747307211241
  67.941972151824558       -12.395422723178058
  70.043123652711898       -12.511428286172604
  72.187154323267265       -12.586586939050962
  74.374497286416585       -12.629699089424875
  76.605585665085812       -12.643066375099046
  78.880852582200887       -12.632879668374336
  81.200731160687738       -12.605624133285204
  83.565654523472290       -12.564068542980158


# Temperature: 750.000000
# Parameters: -12.672731 0.340278 7.452068 76.901514
  61.891461437911268       -11.761517539789168
  63.866574167350187       -12.040965035280339
  65.883266697679289       -12.258238192268958
  67.941972151824558       -12.421642481276622
  70.043123652711898       -12.538392178689843
  72.187154323267265       -12.614304198472697
  74.374497286416585       -12.658225730448974
  76.605585665085812       -12.672422715827445
  78.880852582200887       -12.663109325773046
  81.200731160687738       -12.636803971840740
  83.565654523472290       -12.596268876964578


# Temperature: 760.000000
# Parameters: -12.702361 0.336935 7.480184 76.989793
  61.891461437911268       -11.785732618226719
  63.866574167350187       -12.065880248729233
  65.883266697679289       -12.283866211041181
  67.941972151824558       -12.447999475695898
  70.043123652711898       -12.565493397696885
  72.187154323267265       -12.642158863152636
  74.374497286416585       -12.686889848244695
  76.605585665085812       -12.701916594476618
  78.880852582200887       -12.693476579132406
  81.200731160687738       -12.668121455068963
  83.565654523472290       -12.628606900188020


# Temperature: 770.000000
# Parameters: -12.732161 0.333579 7.508568 77.079185
  61.891461437911268       -11.810082809347415
  63.866574167350187       -12.090930700268858
  65.883266697679289       -12.309629578801751
  67.941972151824558       -12.474491915491170
  70.043123652711898       -12.592730148103310
  72.187154323267265       -12.670149135927506
  74.374497286416585       -12.715689642539488
  76.605585665085812       -12.731546210774017
  78.880852582200887       -12.723979624034163
  81.200731160687738       -12.699574780624474
  83.565654523472290       -12.661080807195800


# Temperature: 780.000000
# Parameters: -12.762131 0.330208 7.537225 77.169718
  61.891461437911268       -11.834566382319270
  63.866574167350187       -12.116114652848673
  65.883266697679289       -12.335526555390848
  67.941972151824558       -12.501118059466194
  70.043123652711898       -12.620100684567166
  72.187154323267265       -12.698273267309652
  74.374497286416585       -12.744623362809266
  76.605585665085812       -12.761309810049850
  78.880852582200887       -12.754616702699243
  81.200731160687738       -12.731162186582495
  83.565654523472290       -12.693688837099570


# Temperature: 790.000000
# Parameters: -12.792268 0.326824 7.566160 77.261423
  61.891461437911268       -11.859181649840206
  63.866574167350187       -12.141430416057315
  65.883266697679289       -12.361555446251408
  67.941972151824558       -12.527876205808919
  70.043123652711898       -12.647603305276407
  72.187154323267265       -12.726529551341320
  74.374497286416585       -12.773689299987000
  76.605585665085812       -12.791205682200660
  78.880852582200887       -12.785386106060617
  81.200731160687738       -12.762881961803142
  83.565654523472290       -12.726429274613743


# Temperature: 800.000000
# Parameters: -12.822572 0.323425 7.595381 77.354329
  61.891461437911268       -11.883926967101623
  63.866574167350187       -12.166876339904059
  65.883266697679289       -12.387714596210571
  67.941972151824558       -12.554764700382913
  70.043123652711898       -12.675236348839610
  72.187154323267265       -12.754916327667516
  74.374497286416585       -12.802885790608416
  76.605585665085812       -12.821232161689323
  78.880852582200887       -12.816286162362603
  81.200731160687738       -12.794732435567159
  83.565654523472290       -12.759300449019058


# Temperature: 810.000000
# Parameters: -12.853042 0.320013 7.624890 77.448468
  61.891461437911268       -11.908800729715551
  63.866574167350187       -12.192450815855226
  65.883266697679289       -12.414002393625381
  67.941972151824558       -12.581781925326659
  70.043123652711898       -12.702998198431690
  72.187154323267265       -12.783431973244594
  74.374497286416585       -12.832211210593442
  76.605585665085812       -12.851387621326488
  78.880852582200887       -12.847315246488701
  81.200731160687738       -12.826711977575917
  83.565654523472290       -12.792300727944037


# Temperature: 820.000000
# Parameters: -12.883677 0.316586 7.654697 77.543875
  61.891461437911268       -11.933801369568940
  63.866574167350187       -12.218152273724915
  65.883266697679289       -12.440417265200656
  67.941972151824558       -12.608926306308550
  70.043123652711898       -12.730887273502480
  72.187154323267265       -12.812074906485964
  74.374497286416585       -12.861663976282635
  76.605585665085812       -12.881670476416280
  78.880852582200887       -12.878471770633762
  81.200731160687738       -12.858819000024262
  83.565654523472290       -12.825428523583525


# Temperature: 830.000000
# Parameters: -12.914475 0.313146 7.684805 77.640582
  61.891461437911268       -11.958927360005793
  63.866574167350187       -12.243979179602142
  65.883266697679289       -12.466957674952562
  67.941972151824558       -12.636196302162626
  70.043123652711898       -12.758902032886017
  72.187154323267265       -12.840843586225660
  74.374497286416585       -12.891242542364322
  76.605585665085812       -12.912079179574182
  78.880852582200887       -12.909754186376837
  81.200731160687738       -12.891051953454824
  83.565654523472290       -12.858682283370872


# Temperature: 840.000000
# Parameters: -12.945436 0.309691 7.715222 77.738626
  61.891461437911268       -11.984177207535758
  63.866574167350187       -12.269930039996559
  65.883266697679289       -12.493622124208615
  67.941972151824558       -12.663590412143542
  70.043123652711898       -12.787040972727681
  72.187154323267265       -12.869736503426934
  74.374497286416585       -12.920945399801758
  76.605585665085812       -12.942612220727014
  78.880852582200887       -12.941160980535470
  81.200731160687738       -12.923409322612292
  83.565654523472290       -12.892060492050769


# Temperature: 850.000000
# Parameters: -12.976558 0.306222 7.745954 77.838044
  61.891461437911268       -12.009549455979830
  63.866574167350187       -12.296003392510599
  65.883266697679289       -12.520409147461974
  67.941972151824558       -12.691107170744461
  70.043123652711898       -12.815302624411354
  72.187154323267265       -12.898752188437237
  74.374497286416585       -12.950771076869540
  76.605585665085812       -12.973268125040100
  78.880852582200887       -12.972690678274983
  81.200731160687738       -12.955889632661989
  83.565654523472290       -12.925561672715684


# Temperature: 860.000000
# Parameters: -13.007842 0.302739 7.777007 77.938875
  61.891461437911268       -12.035042680251792
  63.866574167350187       -12.322197811021622
  65.883266697679289       -12.547317317553571
  67.941972151824558       -12.718745143551327
  70.043123652711898       -12.843685552486557
  72.187154323267265       -12.927889204769667
  74.374497286416585       -12.980718133971486
  76.605585665085812       -13.004045452917257
  78.880852582200887       -13.004341838962768
  81.200731160687738       -12.988491439862026
  83.565654523472290       -12.959184381623730


# Temperature: 870.000000
# Parameters: -13.039286 0.299241 7.808390 78.041158
  61.891461437911268       -12.060655489467502
  63.866574167350187       -12.348511901536204
  65.883266697679289       -12.574345235307849
  67.941972151824558       -12.746502933461441
  70.043123652711898       -12.872188356741304
  72.187154323267265       -12.957146149102957
  74.374497286416585       -13.010785167786333
  76.605585665085812       -13.034942798964369
  78.880852582200887       -13.036113054095429
  81.200731160687738       -13.021213335709010
  83.565654523472290       -12.992927207162232


# Temperature: 880.000000
# Parameters: -13.070889 0.295729 7.840109 78.144937
  61.891461437911268       -12.086386523835602
  63.866574167350187       -12.374944299080857
  65.883266697679289       -12.601491535751318
  67.941972151824558       -12.774379171355607
  70.043123652711898       -12.900809665983557
  72.187154323267265       -12.986521650245070
  74.374497286416585       -13.040970804012758
  76.605585665085812       -13.065958786807258
  78.880852582200887       -13.068002947298790
  81.200731160687738       -13.054053941755908
  83.565654523472290       -13.026788773993442


# Temperature: 890.000000
# Parameters: -13.102651 0.292203 7.872172 78.250254
  61.891461437911268       -12.112234454657525
  63.866574167350187       -12.401493673920587
  65.883266697679289       -12.628754885003286
  67.941972151824558       -12.802372520243850
  70.043123652711898       -12.929548143223332
  72.187154323267265       -13.016014366023891
  74.374497286416585       -13.071273700478653
  76.605585665085812       -13.097092074273817
  78.880852582200887       -13.100010175364318
  81.200731160687738       -13.087011914794191
  83.565654523472290       -13.060767732690266


# Temperature: 900.000000
# Parameters: -13.134571 0.288663 7.904586 78.357154
  61.891461437911268       -12.138197981218219
  63.866574167350187       -12.428158723267492
  65.883266697679289       -12.656133978202989
  67.941972151824558       -12.830481674228984
  70.043123652711898       -12.958402478417742
  72.187154323267265       -13.045622987432958
  74.374497286416585       -13.101692545068271
  76.605585665085812       -13.128341348211876
  78.880852582200887       -13.132133423066989
  81.200731160687738       -13.120085936489552
  83.565654523472290       -13.094862769064108


# Temperature: 910.000000
# Parameters: -13.166649 0.285108 7.937359 78.465687
  61.891461437911268       -12.164275831822566
  63.866574167350187       -12.454938171280745
  65.883266697679289       -12.683627537436756
  67.941972151824558       -12.858705353324481
  70.043123652711898       -12.987371391580259
  72.187154323267265       -13.075346233449316
  74.374497286416585       -13.132226055722235
  76.605585665085812       -13.159705323452778
  78.880852582200887       -13.164371404201715
  81.200731160687738       -13.153274722709760
  83.565654523472290       -13.129072593800601


# Temperature: 920.000000
# Parameters: -13.198884 0.281539 7.970501 78.575899
  61.891461437911268       -12.190466763795389
  63.866574167350187       -12.481830774248742
  65.883266697679289       -12.711234315883699
  67.941972151824558       -12.887042308636602
  70.043123652711898       -13.016453630707865
  72.187154323267265       -13.105182848960672
  74.374497286416585       -13.162872977328249
  76.605585665085812       -13.191182743847797
  78.880852582200887       -13.196722862619778
  81.200731160687738       -13.186577015233244
  83.565654523472290       -13.163395949714602


# Temperature: 930.000000
# Parameters: -13.231276 0.277955 8.004019 78.687845
  61.891461437911268       -12.216769558299310
  63.866574167350187       -12.508835309188406
  65.883266697679289       -12.738953091597166
  67.941972151824558       -12.915491316145845
  70.043123652711898       -13.045647969708204
  72.187154323267265       -13.135131607874666
  74.374497286416585       -13.193632080684676
  76.605585665085812       -13.222772381231723
  78.880852582200887       -13.229186568083112
  81.200731160687738       -13.219991580712655
  83.565654523472290       -13.197831604495189


# Temperature: 940.000000
# Parameters: -13.263823 0.274357 8.037922 78.801576
  61.891461437911268       -12.243183024480471
  63.866574167350187       -12.535950585245871
  65.883266697679289       -12.766782667504737
  67.941972151824558       -12.944051178779787
  70.043123652711898       -13.074953211508852
  72.187154323267265       -13.165191308973169
  74.374497286416585       -13.224502165609815
  76.605585665085812       -13.254473031277154
  78.880852582200887       -13.261761316264312
  81.200731160687738       -13.253517216893446
  83.565654523472290       -13.232378351742108


# Temperature: 950.000000
# Parameters: -13.296527 0.270745 8.072220 78.917151
  61.891461437911268       -12.269705996359239
  63.866574167350187       -12.563175432295802
  65.883266697679289       -12.794721873481075
  67.941972151824558       -12.972720722267388
  70.043123652711898       -13.104368179765920
  72.187154323267265       -13.195360779021572
  74.374497286416585       -13.255482054723348
  76.605585665085812       -13.286283518676619
  78.880852582200887       -13.294445929783061
  81.200731160687738       -13.287152744322441
  83.565654523472290       -13.267035013038612


# Temperature: 960.000000
# Parameters: -13.329385 0.267119 8.106922 79.034627
  61.891461437911268       -12.296337330757364
  63.866574167350187       -12.590508707159950
  65.883266697679289       -12.822769564275079
  67.941972151824558       -13.001498801357544
  70.043123652711898       -13.133891728191875
  72.187154323267265       -13.225638865513783
  74.374497286416585       -13.286570596555611
  76.605585665085812       -13.318202689887606
  78.880852582200887       -13.327239254060414
  81.200731160687738       -13.320897007384275
  83.565654523472290       -13.301800431732907


# Temperature: 970.000000
# Parameters: -13.362399 0.263478 8.142038 79.154066
  61.891461437911268       -12.323075909370825
  63.866574167350187       -12.617949287388591
  65.883266697679289       -12.850924617437023
  67.941972151824558       -13.030384289454826
  70.043123652711898       -13.163522728118435
  72.187154323267265       -13.256024443927227
  74.374497286416585       -13.317766663474750
  76.605585665085812       -13.350229415205407
  78.880852582200887       -13.360140161464518
  81.200731160687738       -13.354748877410664
  83.565654523472290       -13.336673479156712


# Temperature: 980.000000
# Parameters: -13.395568 0.259822 8.177580 79.275533
  61.891461437911268       -12.349920635660560
  63.866574167350187       -12.645496075406228
  65.883266697679289       -12.879185931245710
  67.941972151824558       -13.059376087947314
  70.043123652711898       -13.193260079897255
  72.187154323267265       -13.286516408395002
  74.374497286416585       -13.349069151686715
  76.605585665085812       -13.382362590835969
  78.880852582200887       -13.393147543019191
  81.200731160687738       -13.388707246461856
  83.565654523472290       -13.371653045297418


# Temperature: 990.000000
# Parameters: -13.428892 0.256153 8.213556 79.399094
  61.891461437911268       -12.376870436925305
  63.866574167350187       -12.673147996438756
  65.883266697679289       -12.907552430927026
  67.941972151824558       -13.088473115842341
  70.043123652711898       -13.223102702535666
  72.187154323267265       -13.317113678960862
  74.374497286416585       -13.380476978125982
  76.605585665085812       -13.414601132677344
  78.880852582200887       -13.426260317731762
  81.200731160687738       -13.422771029399470
  83.565654523472290       -13.406738046053073


# Temperature: 1000.000000
# Parameters: -13.462370 0.252469 8.249978 79.524822
  61.891461437911268       -12.403924259119478
  63.866574167350187       -12.700903996440584
  65.883266697679289       -12.936023058289681
  67.941972151824558       -13.117674317021462
  70.043123652711898       -13.253049536805950
  72.187154323267265       -13.347815197433516
  74.374497286416585       -13.411989082528406
  76.605585665085812       -13.446943979428964
  78.880852582200887       -13.459477421192382
  81.200731160687738       -13.456939164922940
  83.565654523472290       -13.441927418050259


