   0.000000000000000        -0.005580908272553
  10.000000000000000        -0.005580580657051
  20.000000000000000        -0.005572911890640
  30.000000000000000        -0.005539400305597
  40.000000000000000        -0.005470869686847
  50.000000000000000        -0.005369814318000
  60.000000000000000        -0.005242398943735
  70.000000000000000        -0.005094552033860
  80.000000000000000        -0.004930966730937
  90.000000000000000        -0.004755129258787
 100.000000000000000        -0.004569581528397
 110.000000000000000        -0.004376177894031
 120.000000000000000        -0.004176282012064
 130.000000000000000        -0.003970908161221
 140.000000000000000        -0.003760819988520
 150.000000000000000        -0.003546599226270
 160.000000000000000        -0.003328693778382
 170.000000000000000        -0.003107451774338
 180.000000000000000        -0.002883146121456
 190.000000000000000        -0.002655991941120
 200.000000000000000        -0.002426159913915
 210.000000000000000        -0.002193785356168
 220.000000000000000        -0.001958975855778
 230.000000000000000        -0.001721817077882
 240.000000000000000        -0.001482376088740
 250.000000000000000        -0.001240705578443
 260.000000000000000        -0.000996845994499
 270.000000000000000        -0.000750827421235
 280.000000000000000        -0.000502671735960
 290.000000000000000        -0.000252393202583
 300.000000000000000         0.000000000000000
 310.000000000000000         0.000254504843077
 320.000000000000000         0.000511123443597
 330.000000000000000         0.000769861748588
 340.000000000000000         0.001030729453451
 350.000000000000000         0.001293739554324
 360.000000000000000         0.001558908065004
 370.000000000000000         0.001826253446631
 380.000000000000000         0.002095797107982
 390.000000000000000         0.002367562435627
 400.000000000000000         0.002641575315813
 410.000000000000000         0.002917863247261
 420.000000000000000         0.003196456235599
 430.000000000000000         0.003477385545670
 440.000000000000000         0.003760684920189
 450.000000000000000         0.004046389435042
 460.000000000000000         0.004334535996631
 470.000000000000000         0.004625163274483
 480.000000000000000         0.004918311712524
 490.000000000000000         0.005214023364609
 500.000000000000000         0.005512341936484
 510.000000000000000         0.005813312945135
 520.000000000000000         0.006116983338724
 530.000000000000000         0.006423402256550
 540.000000000000000         0.006732620300521
 550.000000000000000         0.007044690013052
 560.000000000000000         0.007359665548833
 570.000000000000000         0.007677603104222
 580.000000000000000         0.007998560973216
 590.000000000000000         0.008322599008143
 600.000000000000000         0.008649779398213
 610.000000000000000         0.008980166319702
 620.000000000000000         0.009313826147207
 630.000000000000000         0.009650827383346
 640.000000000000000         0.009991240862539
 650.000000000000000         0.010335139940503
 660.000000000000000         0.010682600285840
 670.000000000000000         0.011033700144455
 680.000000000000000         0.011388520410864
 690.000000000000000         0.011747144827522
 700.000000000000000         0.012109659976391
 710.000000000000000         0.012476155316173
 720.000000000000000         0.012846723511412
 730.000000000000000         0.013221460466271
 740.000000000000000         0.013600465430908
 750.000000000000000         0.013983841123516
 760.000000000000000         0.014371693768860
 770.000000000000000         0.014764134136233
 780.000000000000000         0.015161276068602
 790.000000000000000         0.015563238167659
 800.000000000000000         0.015970143437430
 810.000000000000000         0.016382118907911
 820.000000000000000         0.016799297270934
 830.000000000000000         0.017221815427647
 840.000000000000000         0.017649816106722
 850.000000000000000         0.018083447608511
 860.000000000000000         0.018522863131621
 870.000000000000000         0.018968223793089
 880.000000000000000         0.019419695325340
 890.000000000000000         0.019877450694464
 900.000000000000000         0.020341671190841
 910.000000000000000         0.020812543501399
 920.000000000000000         0.021290264679426
 930.000000000000000         0.021775037397867
 940.000000000000000         0.022267075739598
 950.000000000000000         0.022766600980609
 960.000000000000000         0.023273845198953
 970.000000000000000         0.023789051007800
 980.000000000000000         0.024312472793494
 990.000000000000000         0.024844373262008
1000.000000000000000         0.025385030573762
