   0.000000000000000        76.027706887543061
  10.000000000000000        76.026954642280344
  20.000000000000000        76.017071398101038
  30.000000000000000        75.981282790604325
  40.000000000000000        75.908800915595620
  50.000000000000000        75.800303699313417
  60.000000000000000        75.661839255152429
  70.000000000000000        75.500261727672665
  80.000000000000000        75.321581256994293
  90.000000000000000        75.130643272727653
 100.000000000000000        74.931175103068114
 110.000000000000000        74.726013904125111
 120.000000000000000        74.517282417584624
 130.000000000000000        74.306554431787546
 140.000000000000000        74.095014976043274
 150.000000000000000        73.883559366149257
 160.000000000000000        73.672846695469900
 170.000000000000000        73.463389214528775
 180.000000000000000        73.255570603504253
 190.000000000000000        73.049697551811903
 200.000000000000000        72.845995585283035
 210.000000000000000        72.644646782605790
 220.000000000000000        72.445800588948870
 230.000000000000000        72.249578859963947
 240.000000000000000        72.056055838320404
 250.000000000000000        71.865333397877080
 260.000000000000000        71.677453141548199
 270.000000000000000        71.492473067491758
 280.000000000000000        71.310433981133173
 290.000000000000000        71.131373731313488
 300.000000000000000        70.955325810998090
 310.000000000000000        70.782315937692800
 320.000000000000000        70.612355476546711
 330.000000000000000        70.445470790702387
 340.000000000000000        70.281694893610890
 350.000000000000000        70.121017450816353
 360.000000000000000        69.963462565889088
 370.000000000000000        69.809036869350976
 380.000000000000000        69.657762929321066
 390.000000000000000        69.509634514313333
 400.000000000000000        69.364678455371504
 410.000000000000000        69.222861036198836
 420.000000000000000        69.084241624163923
 430.000000000000000        68.948805581921576
 440.000000000000000        68.816538121282747
 450.000000000000000        68.687471714648822
 460.000000000000000        68.561606385525550
 470.000000000000000        68.438911201974449
 480.000000000000000        68.319444299720388
 490.000000000000000        68.203176255358386
 500.000000000000000        68.090136650569804
 510.000000000000000        67.980276679771109
 520.000000000000000        67.873652039260236
 530.000000000000000        67.770230678419409
 540.000000000000000        67.670034006262895
 550.000000000000000        67.573061681643338
 560.000000000000000        67.479311634940217
 570.000000000000000        67.388783248288291
 580.000000000000000        67.301464719565615
 590.000000000000000        67.217408377936394
 600.000000000000000        67.136566059302325
 610.000000000000000        67.058927596858936
 620.000000000000000        66.984521112996205
 630.000000000000000        66.913380624478663
 640.000000000000000        66.845417479863372
 650.000000000000000        66.780739373547249
 660.000000000000000        66.719223912670586
 670.000000000000000        66.660976894888023
 680.000000000000000        66.605949132422737
 690.000000000000000        66.554134480925512
 700.000000000000000        66.505621204992835
 710.000000000000000        66.460214963953987
 720.000000000000000        66.418128338966682
 730.000000000000000        66.379237245907092
 740.000000000000000        66.343527321081865
 750.000000000000000        66.311106008758131
 760.000000000000000        66.281895189179920
 770.000000000000000        66.255835741398542
 780.000000000000000        66.233024523417441
 790.000000000000000        66.213415231609801
 800.000000000000000        66.197061145304261
 810.000000000000000        66.183956320280586
 820.000000000000000        66.174066661517799
 830.000000000000000        66.167215845064362
 840.000000000000000        66.163721907755175
 850.000000000000000        66.163359400607064
 860.000000000000000        66.166228479341186
 870.000000000000000        66.172332908395319
 880.000000000000000        66.181621415467447
 890.000000000000000        66.194078498858076
 900.000000000000000        66.209621296506484
 910.000000000000000        66.228468840281039
 920.000000000000000        66.250250584396497
 930.000000000000000        66.275761590794914
 940.000000000000000        66.303807284215139
 950.000000000000000        66.335329992580384
 960.000000000000000        66.370157335118535
 970.000000000000000        66.407781066793888
 980.000000000000000        66.449125644842312
 990.000000000000000        66.493207627537103
1000.000000000000000        66.540505569136414
