# temperature   10.000000000000000
#    0.000000164494311    0.000045246030522   -0.012491956254617    0.869713455094187  -19.096306652228336
  56.421670040000002    0.031850900000000
  58.222227920000002    0.041974200000000
  60.060690899999997    0.048715900000000
  61.937453820000002    0.088452600000000
  63.852911519999999    0.095343700000000
  65.807458859999997    0.110219800000000
  67.801490670000007    0.070420400000000
  69.835401800000000    0.094211100000000
  71.909587099999996    0.181505000000000
  74.024441400000001    0.453991900000000
  76.180359559999999    0.564018600000000


# temperature   20.000000000000000
#   -0.000001767981390    0.001015499249750   -0.149379890940803    8.497192595968217 -168.308781745037521
  56.421670040000002    0.298667400000000
  58.222227920000002    0.380135100000000
  60.060690899999997    0.453363300000000
  61.937453820000002    0.664470000000000
  63.852911519999999    0.741643700000000
  65.807458859999997    0.869335700000000
  67.801490670000007    0.923831800000000
  69.835401800000000    1.117760100000000
  71.909587099999996    1.850938300000000
  74.024441400000001    3.291146000000000
  76.180359559999999    4.143939500000000


# temperature   30.000000000000000
#   -0.000015645741423    0.005204529253135   -0.606271170146575   30.112213696536489 -544.935426584794982
  56.421670040000002    1.140067400000000
  58.222227920000002    1.485518500000000
  60.060690899999997    1.833169400000000
  61.937453820000002    2.429791600000000
  63.852911519999999    2.795850000000000
  65.807458859999997    3.438550600000000
  67.801490670000007    4.963098600000000
  69.835401800000000    5.490920600000000
  71.909587099999996    7.347779900000000
  74.024441400000001    9.862740900000000
  76.180359559999999   11.836344900000000


# temperature   40.000000000000000
#   -0.000030336055103    0.009129931896281   -0.989792806286399   46.536422352825291 -806.319436370666267
  56.421670040000002    3.102472300000000
  58.222227920000002    4.001254900000000
  60.060690899999997    4.915930500000000
  61.937453820000002    6.113078700000000
  63.852911519999999    7.008773800000000
  65.807458859999997    8.671156800000000
  67.801490670000007   12.620090800000000
  69.835401800000000   13.536444299999999
  71.909587099999996   16.153417500000000
  74.024441400000001   18.983552400000001
  76.180359559999999   21.854792300000000


# temperature   50.000000000000000
#   -0.000033986742222    0.009685822045674   -0.998545560255277   44.909644493158595 -748.445123787342027
  56.421670040000002    6.473777200000000
  58.222227920000002    8.112908300000001
  60.060690899999997    9.753589900000000
  61.937453820000002   11.598880200000000
  63.852911519999999   13.091602300000000
  65.807458859999997   15.900489100000000
  67.801490670000007   21.921810300000001
  69.835401800000000   23.176990700000001
  71.909587099999996   26.122748200000000
  74.024441400000001   28.842729800000001
  76.180359559999999   32.237108200000002


# temperature   60.000000000000000
#   -0.000027457553625    0.007333398017318   -0.701547013882243   29.253792295563969 -452.587103258342495
  56.421670040000002   11.080039700000000
  58.222227920000002   13.467272500000000
  60.060690899999997   15.814979200000000
  61.937453820000002   18.202458499999999
  63.852911519999999   20.218919499999998
  65.807458859999997   23.982645000000002
  67.801490670000007   31.284618900000002
  69.835401800000000   32.783257300000002
  71.909587099999996   35.799676400000003
  74.024441400000001   38.275647900000003
  76.180359559999999   41.873306999999997


# temperature   70.000000000000000
#   -0.000015283077303    0.003445121492182   -0.250917161626087    6.893066669387458  -48.307766242563979
  56.421670040000002   16.514881299999999
  58.222227920000002   19.537035100000001
  60.060690899999997   22.466595999999999
  61.937453820000002   25.232732100000000
  63.852911519999999   27.641143899999999
  65.807458859999997   32.055691099999997
  67.801490670000007   39.935836999999999
  69.835401800000000   41.574832700000002
  71.909587099999996   44.519796700000001
  74.024441400000001   46.733611900000000
  76.180359559999999   50.311119900000001


# temperature   80.000000000000000
#   -0.000001099268827   -0.000929029114347    0.241611031481294  -16.982140283670038  375.422159745380895
  56.421670040000002   22.361208999999999
  58.222227920000002   25.857190299999999
  60.060690899999997   29.206633100000001
  61.937453820000002   32.192857900000000
  63.852911519999999   34.854049199999999
  65.807458859999997   39.627727600000000
  67.801490670000007   47.594594899999997
  69.835401800000000   49.285513999999999
  71.909587099999996   52.081774099999997
  74.024441400000001   54.050490600000003
  76.180359559999999   57.472671800000001


# temperature   90.000000000000000
#    0.000012955926159   -0.005189562946680    0.714061442125387  -39.574088909692293  771.946583679198625
  56.421670040000002   28.285190300000000
  58.222227920000002   32.092566200000000
  60.060690899999997   35.704538399999997
  61.937453820000002   38.781718300000001
  63.852911519999999   41.573769599999999
  65.807458859999997   46.474761800000003
  67.801490670000007   54.224018299999997
  69.835401800000000   55.901575299999998
  71.909587099999996   58.510879799999998
  74.024441400000001   60.260072899999997
  76.180359559999999   63.457144399999997


# temperature  100.000000000000000
#    0.000025836784407   -0.009053965931727    1.138388021210900  -59.671411526239936 1121.965576796357254
  56.421670040000002   34.053483700000001
  58.222227920000002   38.030870299999997
  60.060690899999997   41.771841500000001
  61.937453820000002   44.844567900000001
  63.852911519999999   47.671610500000000
  65.807458859999997   52.534762800000003
  67.801490670000007   59.896710900000002
  69.835401800000000   61.518010699999998
  71.909587099999996   63.926459800000003
  74.024441400000001   65.482227600000002
  76.180359559999999   68.427040199999993


# temperature  110.000000000000000
#    0.000037149273759   -0.012424621057025    1.505906252814649  -76.948562933000048 1421.137103786214084
  56.421670040000002   39.520145999999997
  58.222227920000002   43.554693200000003
  60.060690899999997   47.320614599999999
  61.937453820000002   50.323309799999997
  63.852911519999999   53.115702700000000
  65.807458859999997   57.832896599999998
  67.801490670000007   64.726142499999995
  69.835401800000000   66.266077699999997
  71.909587099999996   68.474583199999998
  74.024441400000001   69.861173899999997
  76.180359559999999   72.551841499999995


# temperature  120.000000000000000
#    0.000046847246542   -0.015300330089756    1.817782909578875  -91.519109825304099 1672.338368300932871
  56.421670040000002   44.605618600000000
  58.222227920000002   48.612708400000002
  60.060690899999997   52.327610600000000
  61.937453820000002   55.218281099999999
  63.852911519999999   57.928865999999999
  65.807458859999997   62.435289300000001
  67.801490670000007   68.833041399999999
  69.835401800000000   70.279161000000002
  71.909587099999996   72.297050799999994
  74.024441400000001   73.536184300000002
  76.180359559999999   75.984471200000002


# temperature  130.000000000000000
#    0.000055050104996   -0.017724223370124    2.079539880380641 -103.682224136575371 1881.351322816230322
  56.421670040000002   49.276738600000002
  58.222227920000002   53.196256099999999
  60.060690899999997   56.807875199999998
  61.937453820000002   59.561989699999998
  63.852911519999999   62.161208999999999
  65.807458859999997   66.422681900000001
  67.801490670000007   72.330186400000002
  69.835401800000000   73.678399499999998
  71.909587099999996   75.519256999999996
  74.024441400000001   76.630022199999999
  76.180359559999999   78.854180299999996


# temperature  140.000000000000000
#    0.000061941247547   -0.019755280925883    2.298105939410131 -113.789366422488570 2054.639140460566523
  56.421670040000002   53.530657300000001
  58.222227920000002   57.322237399999999
  60.060690899999997   60.796941400000001
  61.937453820000002   63.402316100000000
  63.852911519999999   65.873585700000007
  65.807458859999997   69.876524799999999
  67.801490670000007   75.316648000000001
  69.835401800000000   76.568055700000002
  71.909587099999996   78.247136600000005
  74.024441400000001   79.246120099999999
  76.180359559999999   81.266722799999997


# temperature  150.000000000000000
#    0.000067715858744   -0.021454005704477    2.480368588919897 -122.180517144890530 2198.312612659676688
  56.421670040000002   57.383004200000002
  58.222227920000002   61.021438500000002
  60.060690899999997   64.339543000000006
  61.937453820000002   66.792394700000003
  63.852911519999999   69.128270299999997
  65.807458859999997   72.872340800000003
  67.801490670000007   77.876660500000000
  69.835401800000000   79.035379000000006
  71.909587099999996   80.568089900000004
  74.024441400000001   81.469603699999993
  76.180359559999999   83.307255799999993


# temperature  160.000000000000000
#    0.000072556143517   -0.022875856618649    2.632536375970902 -129.157405562212290 2317.719470786766124
  56.421670040000002   60.859677599999998
  58.222227920000002   64.330973599999993
  60.060690899999997   67.482851100000005
  61.937453820000002   69.784897200000003
  63.852911519999999   71.984124300000005
  65.807458859999997   75.477111699999995
  67.801490670000007   80.080572900000007
  69.835401800000000   81.152306999999993
  71.909587099999996   82.553368199999994
  74.024441400000001   83.369712199999995
  76.180359559999999   85.043880700000003


# temperature  170.000000000000000
#    0.000076621963109   -0.024068952907162    2.759938514419422 -134.976288007817942 2417.355814814508904
  56.421670040000002   63.991416700000002
  58.222227920000002   67.289631000000000
  60.060690899999997   70.272671900000006
  61.937453820000002   72.429069299999995
  63.852911519999999   74.494417900000002
  65.807458859999997   77.748764399999999
  67.801490670000007   81.986584600000000
  69.835401800000000   82.977725599999999
  71.909587099999996   84.260756900000004
  74.024441400000001   85.002482299999997
  76.180359559999999   86.530972899999995


# temperature  180.000000000000000
#    0.000080048733356   -0.025073755122301    2.867022325458412 -139.849328416323658 2500.914794187318421
  56.421670040000002   66.810368900000000
  58.222227920000002   69.935168700000006
  60.060690899999997   72.751499199999998
  61.937453820000002   74.769416600000000
  63.852911519999999   76.706143499999996
  65.807458859999997   79.736669800000001
  67.801490670000007   83.642633300000000
  69.835401800000000   84.559710400000000
  71.909587099999996   85.737068199999996
  74.024441400000001   86.413224000000000
  76.180359559999999   87.812016900000003


# temperature  190.000000000000000
#    0.000082948789474   -0.025923654902255    2.957437649018581 -143.949558843732348 2571.388741585837124
  56.421670040000002   69.348028400000004
  58.222227920000002   72.302866499999993
  60.060690899999997   74.957683000000003
  61.937453820000002   76.845334300000005
  63.852911519999999   78.660118400000002
  65.807458859999997   81.482563499999998
  67.801490670000007   85.088160000000002
  69.835401800000000   85.937518999999995
  71.909587099999996   87.020278399999995
  74.024441400000001   87.638632000000001
  76.180359559999999   88.921909499999998


# temperature  200.000000000000000
#    0.000085414386637   -0.026645967818764    3.034156813400758 -147.417146492391879 2631.187858232559847
  56.421670040000002   71.634081399999999
  58.222227920000002   74.424861899999996
  60.060690899999997   76.925241499999998
  61.937453820000002   78.691245800000004
  63.852911519999999   80.391467300000002
  65.807458859999997   83.021579900000006
  67.801490670000007   86.355645199999998
  69.835401800000000   87.143274199999993
  71.909587099999996   88.141287700000007
  74.024441400000001   88.708517900000004
  76.180359559999999   89.888784700000002


# temperature  210.000000000000000
#    0.000087520835838   -0.027262926026448    3.099590166488653 -150.365236703422283 2682.247883223901226
  56.421670040000002   73.695835400000007
  58.222227920000002   76.329954200000003
  60.060690899999997   78.684021799999996
  61.937453820000002   80.336991400000002
  63.852911519999999   81.930255700000004
  65.807458859999997   84.383251200000004
  67.801490670000007   87.471898199999998
  69.835401800000000   88.203343700000005
  71.909587099999996   89.125337799999997
  74.024441400000001   89.647200600000005
  76.180359559999999   90.735444500000000


# temperature  220.000000000000000
#    0.000089329382100   -0.027792569732427    3.155687770494672 -152.885000645895957 2726.121528400379702
  56.421670040000002   75.558009699999999
  58.222227920000002   78.043677700000003
  60.060690899999997   80.260033000000007
  61.937453820000002   81.808317099999996
  63.852911519999999   83.302149200000002
  65.807458859999997   85.592405499999998
  67.801490670000007   88.459117399999997
  69.835401800000000   89.139455699999999
  71.909587099999996   89.993141699999995
  74.024441400000001   90.474610999999996
  76.180359559999999   91.480472700000007


# temperature  230.000000000000000
#    0.000090889868657   -0.028249554872743    3.204029798384525 -155.050045976147345 2764.057183857986274
  56.421670040000002   77.242742300000003
  58.222227920000002   79.588515200000003
  60.060690899999997   81.675847500000003
  61.937453820000002   83.127382200000000
  63.852911519999999   84.529037599999995
  65.807458859999997   86.669945499999997
  67.801490670000007   89.335750899999994
  69.835401800000000   89.969591800000003
  71.909587099999996   90.761778100000001
  74.024441400000001   91.207164700000007
  76.180359559999999   92.139102199999996


# temperature  240.000000000000000
#    0.000092242935353   -0.028645813609453    3.245899786479303 -156.919957338067661 2797.061487150535868
  56.421670040000002   78.769718400000002
  58.222227920000002   80.984177500000001
  60.060690899999997   82.951013500000002
  61.937453820000002   84.313242000000002
  63.852911519999999   85.629597599999997
  65.807458859999997   87.633507199999997
  67.801490670000007   90.117192200000005
  69.835401800000000   90.708701399999995
  71.909587099999996   91.445399600000002
  74.024441400000001   91.858451299999999
  76.180359559999999   92.723890600000004


# temperature  250.000000000000000
#    0.000093421824006   -0.028991094578414    3.282344268881573 -158.543163051422226 2825.949691568989692
  56.421670040000002   80.156360399999997
  58.222227920000002   82.247901299999995
  60.060690899999997   84.102446700000002
  61.937453820000002   85.382285600000003
  63.852911519999999   86.619783100000006
  65.807458859999997   88.498010800000003
  67.801490670000007   90.816339499999998
  69.835401800000000   91.369269799999998
  71.909587099999996   92.055792699999998
  74.024441400000001   92.439777899999996
  76.180359559999999   93.245248399999994


# temperature  260.000000000000000
#    0.000094453663618   -0.029293349364342    3.314215543017424 -159.958990374757178 2851.381666022034096
  56.421670040000002   81.418043299999994
  58.222227920000002   83.394741800000006
  60.060690899999997   85.144787199999996
  61.937453820000002   86.348622899999995
  63.852911519999999   87.513247600000000
  65.807458859999997   89.276116999999999
  67.801490670000007   91.444046900000004
  69.835401800000000   91.961773300000004
  71.909587099999996   92.602822300000000
  74.024441400000001   92.960600600000006
  76.180359559999999   93.711853899999994


# temperature  270.000000000000000
#    0.000095360914151   -0.029559153111999    3.342216989995346 -161.199797192308864 2873.898647500018797
  56.421670040000002   82.568312899999995
  58.222227920000002   84.437844999999996
  60.060690899999997   86.090716900000004
  61.937453820000002   87.224420300000006
  63.852911519999999   88.321701399999995
  65.807458859999997   89.978604200000007
  67.801490670000007   92.009487100000001
  69.835401800000000   92.495042799999993
  71.909587099999996   93.094784799999999
  74.024441400000001   93.428866099999993
  76.180359559999999   94.130979199999999


# temperature  280.000000000000000
#    0.000096162053583   -0.029793914553374    3.366926544641794 -162.292103884931180 2893.943023001987513
  56.421670040000002   83.619095599999994
  58.222227920000002   85.388694599999994
  60.060690899999997   86.951236300000005
  61.937453820000002   88.020188000000005
  63.852911519999999   89.055213699999996
  65.807458859999997   90.614679600000002
  67.801490670000007   92.520444600000005
  69.835401800000000   92.976555599999998
  71.909587099999996   93.538690900000006
  74.024441400000001   93.851285300000001
  76.180359559999999   94.508750000000006


# temperature  290.000000000000000
#    0.000096872367090   -0.030002106334735    3.388821487286567 -163.257753961712126 2911.878166115834119
  56.421670040000002   84.580891500000007
  58.222227920000002   86.257331500000006
  60.060690899999997   87.735904000000005
  61.937453820000002   88.745025900000002
  63.852911519999999   89.722465700000001
  65.807458859999997   91.192234499999998
  67.801490670000007   92.983553400000005
  69.835401800000000   93.412670500000004
  71.909587099999996   93.940492000000006
  74.024441400000001   94.233551399999996
  76.180359559999999   94.850351300000000


# temperature  300.000000000000000
#    0.000097504657459   -0.030187472379185    3.408300769110318 -164.114960179769582 2928.006362426917804
  56.421670040000002   85.462950300000003
  58.222227920000002   87.052546599999999
  60.060690899999997   88.453041700000000
  61.937453820000002   89.406830799999994
  63.852911519999999   90.330963100000005
  65.807458859999997   91.718055899999996
  67.801490670000007   93.404489799999993
  69.835401800000000   93.808818599999995
  71.909587099999996   94.305262499999998
  74.024441400000001   94.580516000000003
  76.180359559999999   95.160192699999996


# temperature  310.000000000000000
#    0.000098069624504   -0.030353141044515    3.425697366458772 -164.878886481013751 2942.578736527662841
  56.421670040000002   86.273427100000006
  58.222227920000002   87.782048200000006
  60.060690899999997   89.109910299999996
  61.937453820000002   90.012472900000006
  63.852911519999999   90.887213500000001
  65.807458859999997   92.198000899999997
  67.801490670000007   93.788129600000005
  69.835401800000000   94.169657000000001
  71.909587099999996   94.637347500000004
  74.024441400000001   94.896331500000002
  76.180359559999999   95.442041099999997


# temperature  320.000000000000000
#    0.000098576221738   -0.030501730817234    3.441289767855549 -165.562187881897813 2955.804472359164265
  56.421670040000002   87.019520799999995
  58.222227920000002   88.452607400000005
  60.060690899999997   89.712859199999997
  61.937453820000002   90.567944400000002
  63.852911519999999   91.396875499999993
  65.807458859999997   92.637140700000003
  67.801490670000007   94.138677299999998
  69.835401800000000   94.499195599999993
  71.909587099999996   94.940482900000006
  74.024441400000001   95.184566200000006
  76.180359559999999   95.699128700000003


# temperature  330.000000000000000
#    0.000099032066600   -0.030635467411716    3.455314320360885 -166.175577302239077 2967.860333964650636
  56.421670040000002   87.707595200000000
  58.222227920000002   89.070183299999997
  60.060690899999997   90.267453300000000
  61.937453820000002   91.078485200000003
  63.852911519999999   91.864883599999999
  65.807458859999997   93.039880400000001
  67.801490670000007   94.459771300000000
  69.835401800000000   94.800899500000000
  71.909587099999996   95.217893599999996
  74.024441400000001   95.448299000000006
  76.180359559999999   95.934239899999994


# temperature  340.000000000000000
#    0.000099443550365   -0.030756219976533    3.467969440076284 -166.728030906336159 2978.894211830838231
  56.421670040000002   88.343284400000002
  58.222227920000002   89.640030600000003
  60.060690899999997   90.778582200000002
  61.937453820000002   91.548688799999994
  63.852911519999999   92.295552900000004
  65.807458859999997   93.410059200000006
  67.801490670000007   94.754571799999994
  69.835401800000000   95.077774700000006
  71.909587099999996   95.472373300000001
  74.024441400000001   95.690196700000001
  76.180359559999999   96.149782900000005


# temperature  350.000000000000000
#    0.000099816150333   -0.030865589150405    3.479424804868013 -167.227206804786846 2989.032117537557497
  56.421670040000002   88.931585100000007
  58.222227920000002   90.166792700000002
  60.060690899999997   91.250551799999997
  61.937453820000002   91.982593100000003
  63.852911519999999   92.692667400000005
  65.807458859999997   93.751032800000004
  67.801490670000007   95.025832500000007
  69.835401800000000   95.332437400000003
  71.909587099999996   95.706351799999993
  74.024441400000001   95.912576999999999
  76.180359559999999   96.347848400000004


# temperature  360.000000000000000
#    0.000100154534627   -0.030964940080473    3.489825081500592 -167.679623474282323 2998.381240661227366
  56.421670040000002   89.476936400000000
  58.222227920000002   90.654580800000005
  60.060690899999997   91.687162900000004
  61.937453820000002   92.383756000000005
  63.852911519999999   93.059554599999998
  65.807458859999997   94.065743400000002
  67.801490670000007   95.275961100000004
  69.835401800000000   95.567172799999994
  71.909587099999996   95.921948799999996
  74.024441400000001   96.117461899999995
  76.180359559999999   96.530258200000006


# temperature  370.000000000000000
#    0.000100462678757   -0.031055435457923    3.499293365303864 -168.090814082554630 3007.032449189264753
  56.421670040000002   89.983288999999999
  58.222227920000002   91.107043000000004
  60.060690899999997   92.091778800000000
  61.937453820000002   92.755320299999994
  63.852911519999999   93.399148299999993
  65.807458859999997   94.356778500000004
  67.801490670000007   95.507069299999998
  69.835401800000000   95.783983100000000
  71.909587099999996   96.121020299999998
  74.024441400000001   96.306620800000005
  76.180359559999999   96.698604799999998


# temperature  380.000000000000000
#    0.000100744090129   -0.031138099215594    3.507937859610980 -168.465632073221769 3015.065427428986823
  56.421670040000002   90.454165599999996
  58.222227920000002   91.527422999999999
  60.060690899999997   92.467382000000001
  61.937453820000002   93.100069500000004
  63.852911519999999   93.714041699999996
  65.807458859999997   94.626419400000003
  67.801490670000007   95.721014800000006
  69.835401800000000   95.984628099999995
  71.909587099999996   96.305196199999997
  74.024441400000001   96.481607299999993
  76.180359559999999   96.854285099999998


# temperature  390.000000000000000
#    0.000101001677735   -0.031213783827338    3.515848784442346 -168.808119135431525 3022.546510651838616
  56.421670040000002   90.892712799999998
  58.222227920000002   91.918610799999996
  60.060690899999997   92.816623899999996
  61.937453820000002   93.420473999999999
  63.852911519999999   94.006533099999999
  65.807458859999997   94.876683400000005
  67.801490670000007   95.919436800000000
  69.835401800000000   96.170659299999997
  71.909587099999996   96.475912300000005
  74.024441400000001   96.643789799999993
  76.180359559999999   96.998528500000006


# temperature  400.000000000000000
#    0.000101238084578   -0.031283260693887    3.523107520047049 -169.121911909836911 3029.535387636944506
  56.421670040000002   91.301746600000001
  58.222227920000002   92.283186599999993
  60.060690899999997   93.141866100000001
  61.937453820000002   93.718732099999997
  63.852911519999999   94.278664100000000
  65.807458859999997   95.109359100000006
  67.801490670000007   96.103785400000007
  69.835401800000000   96.343448199999997
  71.909587099999996   96.634437100000000
  74.024441400000001   96.794376700000001
  76.180359559999999   97.132419600000006


# temperature  410.000000000000000
#    0.000101455520156   -0.031347176989563    3.529782428910252 -169.410060791367670 3036.082123512963335
  56.421670040000002   91.683791600000006
  58.222227920000002   92.623458799999995
  60.060690899999997   93.445217499999998
  61.937453820000002   93.996803900000003
  63.852911519999999   94.532252999999997
  65.807458859999997   95.326036000000002
  67.801490670000007   96.275347199999999
  69.835401800000000   96.504210900000004
  71.909587099999996   96.781894399999999
  74.024441400000001   96.934438599999993
  76.180359559999999   97.256918600000006


# temperature  420.000000000000000
#    0.000101655943150   -0.031406105919022    3.535933992573253 -169.675260300251693 3042.230980347563218
  56.421670040000002   92.041115599999998
  58.222227920000002   92.941496400000005
  60.060690899999997   93.728564500000005
  61.937453820000002   94.256441400000000
  63.852911519999999   94.768922599999996
  65.807458859999997   95.528130300000001
  67.801490670000007   96.435266499999997
  69.835401800000000   96.654027999999997
  71.909587099999996   96.919282800000005
  74.024441400000001   97.064926099999994
  76.180359559999999   97.372877900000006


# temperature  430.000000000000000
#    0.000101841098199   -0.031460557030786    3.541615864557193 -169.919894865731550 3048.021129214476332
  56.421670040000002   92.375758899999994
  58.222227920000002   93.239157800000001
  60.060690899999997   93.993598599999999
  61.937453820000002   94.499213600000004
  63.852911519999999   94.990124600000001
  65.807458859999997   95.716907000000006
  67.801490670000007   96.584563599999996
  69.835401800000000   96.793862899999993
  71.909587099999996   97.047491399999998
  74.024441400000001   97.186685900000001
  76.180359559999999   97.481055600000005


# temperature  440.000000000000000
#    0.000102012455390   -0.031510961836679    3.546873593122052 -170.145987808548824 3053.485868733068855
  56.421670040000002   92.689560700000001
  58.222227920000002   93.518115100000003
  60.060690899999997   94.241839200000001
  61.937453820000002   94.726528799999997
  63.852911519999999   95.197160400000001
  65.807458859999997   95.893498199999996
  67.801490670000007   96.724150499999993
  69.835401800000000   96.924575700000005
  71.909587099999996   97.167314000000005
  74.024441400000001   97.300473800000006
  76.180359559999999   97.582128299999994


# temperature  450.000000000000000
#    0.000102171407674   -0.031557726028554    3.551749768331133 -170.355424913434149 3058.656234799539106
  56.421670040000002   92.984181800000002
  58.222227920000002   93.779875700000005
  60.060690899999997   94.474654200000003
  61.937453820000002   94.939653600000000
  63.852911519999999   95.391199400000005
  65.807458859999997   96.058919799999998
  67.801490670000007   96.854844400000005
  69.835401800000000   97.046937000000000
  71.909587099999996   97.279461299999994
  74.024441400000001   97.406966100000005
  76.180359559999999   97.676701199999997


# temperature  460.000000000000000
#    0.000102319036703   -0.031601168958444    3.556278162728111 -170.549702024487345 3063.556916378378901
  56.421670040000002   93.261124100000004
  58.222227920000002   94.025800799999999
  60.060690899999997   94.693276999999995
  61.937453820000002   95.139729299999999
  63.852911519999999   95.573294099999998
  65.807458859999997   96.214084799999995
  67.801490670000007   96.977378799999997
  69.835401800000000   97.161638199999999
  71.909587099999996   97.384570699999998
  74.024441400000001   97.506769199999994
  76.180359559999999   97.765316600000006


# temperature  470.000000000000000
#    0.000102456466029   -0.031641617269502    3.560492994415874 -170.730329953254994 3068.212853536077546
  56.421670040000002   93.521748500000001
  58.222227920000002   94.257122199999998
  60.060690899999997   94.898821999999996
  61.937453820000002   95.327786099999997
  63.852911519999999   95.744394099999994
  65.807458859999997   96.359815999999995
  67.801490670000007   97.092413899999997
  69.835401800000000   97.269300900000005
  71.909587099999996   97.483215099999995
  74.024441400000001   97.600428500000007
  76.180359559999999   97.848461799999995


# temperature  480.000000000000000
#    0.000102584573253   -0.031679329193038    3.564421480906783 -170.898509482291303 3072.643926435519006
  56.421670040000002   93.767289899999994
  58.222227920000002   94.474955899999998
  60.060690899999997   95.092298099999994
  61.937453820000002   95.504756200000003
  63.852911519999999   95.905357300000006
  65.807458859999997   96.496855900000000
  67.801490670000007   97.200544800000003
  69.835401800000000   97.370485599999995
  71.909587099999996   97.575910800000003
  74.024441400000001   97.688434900000004
  76.180359559999999   97.926575499999998


# temperature  490.000000000000000
#    0.000102704182902   -0.031714546161832    3.568088985180498 -171.055357648250435 3076.868659229295645
  56.421670040000002   93.998870699999998
  58.222227920000002   94.680315300000004
  60.060690899999997   95.274619900000005
  61.937453820000002   95.671484000000007
  63.852911519999999   96.056960500000002
  65.807458859999997   96.625876199999993
  67.801490670000007   97.302309199999996
  69.835401800000000   97.465698500000002
  71.909587099999996   97.663123799999994
  74.024441400000001   97.771231900000004
  76.180359559999999   98.000053600000001


# temperature  500.000000000000000
#    0.000102816045026   -0.031747487756066    3.571518569726897 -171.201889968420176 3080.903947985530522
  56.421670040000002   94.217512600000006
  58.222227920000002   94.874121400000007
  60.060690899999997   95.446618200000003
  61.937453820000002   95.828736000000006
  63.852911519999999   96.199908600000001
  65.807458859999997   96.747485400000002
  67.801490670000007   97.398194000000004
  69.835401800000000   97.555397499999998
  71.909587099999996   97.745275699999993
  74.024441400000001   97.849220299999999
  76.180359559999999   98.069254000000001


# temperature  510.000000000000000
#    0.000102920807364   -0.031778343772586    3.574730149499719 -171.338980100788632 3084.764341318254992
  56.421670040000002   94.424147099999999
  58.222227920000002   95.057213500000003
  60.060690899999997   95.609048799999997
  61.937453820000002   95.977209299999998
  63.852911519999999   96.334841600000004
  65.807458859999997   96.862235900000002
  67.801490670000007   97.488640500000002
  69.835401800000000   97.639997600000001
  71.909587099999996   97.822748399999995
  74.024441400000001   97.922763399999994
  76.180359559999999   98.134500700000004


# temperature  520.000000000000000
#    0.000103019048477   -0.031807284041254    3.577741557814007 -171.467410081404665 3088.462911135400191
  56.421670040000002   94.619624700000003
  58.222227920000002   95.230356700000002
  60.060690899999997   95.762600399999997
  61.937453820000002   96.117538600000003
  63.852911519999999   96.462342199999995
  65.807458859999997   96.970629900000006
  67.801490670000007   97.574049700000003
  69.835401800000000   97.719875900000005
  71.909587099999996   97.895888900000003
  74.024441400000001   97.992191099999999
  76.180359559999999   98.196088099999997


# temperature  530.000000000000000
#    0.000103111333534   -0.031834473620161    3.580570089259803 -171.587939370071155 3092.012403200029439
  56.421670040000002   94.804723100000004
  58.222227920000002   95.394250000000000
  60.060690899999997   95.907901499999994
  61.937453820000002   96.250302899999994
  63.852911519999999   96.582941700000006
  65.807458859999997   97.073124899999996
  67.801490670000007   97.654786700000002
  69.835401800000000   97.795375600000000
  71.909587099999996   97.965012500000000
  74.024441400000001   98.057803199999995
  76.180359559999999   98.254283500000000


# temperature  540.000000000000000
#    0.000103198107301   -0.031860043467017    3.583229489287228 -171.701167594114906 3095.422894473465021
  56.421670040000002   94.980154299999995
  58.222227920000002   95.549532999999997
  60.060690899999997   96.045526699999996
  61.937453820000002   96.376031100000006
  63.852911519999999   96.697124900000006
  65.807458859999997   97.170138199999997
  67.801490670000007   97.731184099999993
  69.835401800000000   97.866809000000003
  71.909587099999996   98.030406799999994
  74.024441400000001   98.119872999999998
  76.180359559999999   98.309330399999993


# temperature  550.000000000000000
#    0.000103279808743   -0.031884122099108    3.585733219039615 -171.807683332374580 3098.704322319142648
  56.421670040000002   95.146571300000005
  58.222227920000002   95.696791599999997
  60.060690899999997   96.176001900000003
  61.937453820000002   96.495207300000004
  63.852911519999999   96.805335400000004
  65.807458859999997   97.262051299999996
  67.801490670000007   97.803545600000007
  69.835401800000000   97.934461600000006
  71.909587099999996   98.092333800000006
  74.024441400000001   98.178649899999996
  76.180359559999999   98.361451099999996


# temperature  560.000000000000000
#    0.000103356809861   -0.031906819192442    3.588092800096748 -171.907989505488587 3101.865219856241765
  56.421670040000002   95.304573399999995
  58.222227920000002   95.836562999999998
  60.060690899999997   96.299809100000004
  61.937453820000002   96.608274899999998
  63.852911519999999   96.907979299999994
  65.807458859999997   97.349213100000000
  67.801490670000007   97.872149199999996
  69.835401800000000   97.998594199999999
  71.909587099999996   98.151033499999997
  74.024441400000001   98.234361600000000
  76.180359559999999   98.410848400000006


# temperature  570.000000000000000
#    0.000103429497193   -0.031928247239196    3.590319968227009 -172.002598270566523 3104.914280115913698
  56.421670040000002   95.454711700000004
  58.222227920000002   95.969341099999994
  60.060690899999997   96.417390900000001
  61.937453820000002   96.715640699999994
  63.852911519999999   97.005429100000001
  65.807458859999997   97.431943500000003
  67.801490670000007   97.937249199999997
  69.835401800000000   98.059445699999998
  71.909587099999996   98.206725199999994
  74.024441400000001   98.287216700000002
  76.180359559999999   98.457708299999993


# temperature  580.000000000000000
#    0.000103498163371   -0.031948492890105    3.592423836312206 -172.091906218758965 3107.858299361244462
  56.421670040000002   95.597493400000005
  58.222227920000002   96.095579999999998
  60.060690899999997   96.529153899999997
  61.937453820000002   96.817678799999996
  63.852911519999999   97.098026700000005
  65.807458859999997   97.510535899999994
  67.801490670000007   97.999078900000001
  69.835401800000000   98.117235100000002
  71.909587099999996   98.259610100000003
  74.024441400000001   98.337406500000000
  76.180359559999999   98.502200799999997


# temperature  590.000000000000000
#    0.000103563117595   -0.031967646308763    3.594413807566368 -172.176322263914528 3110.704273549914433
  56.421670040000002   95.733386100000004
  58.222227920000002   96.215697700000007
  60.060690899999997   96.635472699999994
  61.937453820000002   96.914732900000004
  63.852911519999999   97.186086900000006
  65.807458859999997   97.585260199999993
  67.801490670000007   98.057852800000006
  69.835401800000000   98.172163600000005
  71.909587099999996   98.309872999999996
  74.024441400000001   98.385106500000006
  76.180359559999999   98.544482299999999


# temperature  600.000000000000000
#    0.000103624610594   -0.031985781532137    3.596297651891918 -172.256183981295919 3113.458036283882848
  56.421670040000002   95.862821100000005
  58.222227920000002   96.330080100000004
  60.060690899999997   96.736692099999999
  61.937453820000002   97.007120099999995
  63.852911519999999   97.269899199999998
  65.807458859999997   97.656364600000003
  67.801490670000007   98.113767999999993
  69.835401800000000   98.224416099999999
  71.909587099999996   98.357683600000001
  74.024441400000001   98.430477999999994
  76.180359559999999   98.584696399999999


# temperature  610.000000000000000
#    0.000103682883902   -0.032002969519810    3.598082793343438 -172.331813640225363 3116.125167828054146
  56.421670040000002   95.986196800000002
  58.222227920000002   96.439083100000005
  60.060690899999997   96.833130499999996
  61.937453820000002   97.095132500000005
  63.852911519999999   97.349730699999995
  65.807458859999997   97.724077899999997
  67.801490670000007   98.167006099999995
  69.835401800000000   98.274162899999993
  71.909587099999996   98.403198300000000
  74.024441400000001   98.473669700000002
  76.180359559999999   98.622975199999999


# temperature  620.000000000000000
#    0.000103738172225   -0.032019278710778    3.599776360830687 -172.403520278746896 3118.711028603959221
  56.421670040000002   96.103881900000005
  58.222227920000002   96.543035900000007
  60.060690899999997   96.925082099999997
  61.937453820000002   97.179040200000003
  63.852911519999999   97.425827900000002
  65.807458859999997   97.788611299999999
  67.801490670000007   98.217734500000006
  69.835401800000000   98.321561099999997
  71.909587099999996   98.446561299999999
  74.024441400000001   98.514818399999996
  76.180359559999999   98.659440599999996


# temperature  630.000000000000000
#    0.000103790678775   -0.032034768793149    3.601384593588488 -172.471574197846991 3121.220344429154466
  56.421670040000002   96.216217599999993
  58.222227920000002   96.642242999999993
  60.060690899999997   97.012818699999997
  61.937453820000002   97.259092600000002
  63.852911519999999   97.498418799999996
  65.807458859999997   97.850159599999998
  67.801490670000007   98.266107899999994
  69.835401800000000   98.366755600000005
  71.909587099999996   98.487905699999999
  74.024441400000001   98.554050500000002
  76.180359559999999   98.694204900000003


# temperature  640.000000000000000
#    0.000103840576328   -0.032049491047540    3.602912884786163 -172.536209404263730 3123.657258654508951
  56.421670040000002   96.323520099999996
  58.222227920000002   96.736986400000006
  60.060690899999997   97.096592200000003
  61.937453820000002   97.335520799999998
  63.852911519999999   97.567714300000006
  65.807458859999997   97.908903400000000
  67.801490670000007   98.312269200000003
  69.835401800000000   98.409880500000000
  71.909587099999996   98.527354200000005
  74.024441400000001   98.591482900000003
  76.180359559999999   98.727372099999997


# temperature  650.000000000000000
#    0.000103888053297   -0.032063500072527    3.604366888355398 -172.597669456645804 3126.026035098362627
  56.421670040000002   96.426083000000006
  58.222227920000002   96.827527900000007
  60.060690899999997   97.176636099999996
  61.937453820000002   97.408538899999996
  63.852911519999999   97.633909500000001
  65.807458859999997   97.965009600000002
  67.801490670000007   98.356350800000001
  69.835401800000000   98.451059700000002
  71.909587099999996   98.565020799999999
  74.024441400000001   98.627223599999994
  76.180359559999999   98.759038200000006


# temperature  660.000000000000000
#    0.000103933234365   -0.032076833430351    3.605750574526114 -172.656125414959121 3128.329768706905270
  56.421670040000002   96.524178899999995
  58.222227920000002   96.914110399999998
  60.060690899999997   97.253167000000005
  61.937453820000002   97.478345599999997
  63.852911519999999   97.697185800000000
  65.807458859999997   98.018632999999994
  67.801490670000007   98.398475099999999
  69.835401800000000   98.490408200000005
  71.909587099999996   98.601010799999997
  74.024441400000001   98.661372799999995
  76.180359559999999   98.789292300000000


# temperature  670.000000000000000
#    0.000103976288030   -0.032089540287254    3.607069074883545 -172.711800778988277 3130.572433496938174
  56.421670040000002   96.618061200000000
  58.222227920000002   96.996959500000003
  60.060690899999997   97.326386200000002
  61.937453820000002   97.545125200000001
  63.852911519999999   97.757711200000003
  65.807458859999997   98.069917300000000
  67.801490670000007   98.438755999999998
  69.835401800000000   98.528032400000001
  71.909587099999996   98.635421899999997
  74.024441400000001   98.694023099999995
  76.180359559999999   98.818216699999994


# temperature  680.000000000000000
#    0.000104017334363   -0.032101655860915    3.608326040607671 -172.764850612975209 3132.756817758972829
  56.421670040000002   96.707965700000003
  58.222227920000002   97.076285400000003
  60.060690899999997   97.396480699999998
  61.937453820000002   97.609049200000001
  63.852911519999999   97.815642199999999
  65.807458859999997   98.118995999999996
  67.801490670000007   98.477299099999996
  69.835401800000000   98.564031499999999
  71.909587099999996   98.668344899999994
  74.024441400000001   98.725260899999995
  76.180359559999999   98.845888000000002


# temperature  690.000000000000000
#    0.000104056496870   -0.032113216935728    3.609525357069054 -172.815444674751490 3134.886019573855265
  56.421670040000002   96.794112400000003
  58.222227920000002   97.152283600000004
  60.060690899999997   97.463624699999997
  61.937453820000002   97.670277299999995
  63.852911519999999   97.871124100000003
  65.807458859999997   98.165993200000003
  67.801490670000007   98.514202499999996
  69.835401800000000   98.598497199999997
  71.909587099999996   98.699864099999999
  74.024441400000001   98.755166200000005
  76.180359559999999   98.872377499999999


# temperature  700.000000000000000
#    0.000104093916061   -0.032124263617792    3.610671129913771 -172.863758282253173 3136.963153259621322
  56.421670040000002   96.876705999999999
  58.222227920000002   97.225136199999994
  60.060690899999997   97.527980600000006
  61.937453820000002   97.728958000000006
  63.852911519999999   97.924292500000007
  65.807458859999997   98.211024499999994
  67.801490670000007   98.549557699999994
  69.835401800000000   98.631515199999996
  71.909587099999996   98.730057900000006
  74.024441400000001   98.783813499999994
  76.180359559999999   98.897751400000004


# temperature  710.000000000000000
#    0.000104129660546   -0.032134817062707    3.611765609701501 -172.909887119390987 3138.990051627752564
  56.421670040000002   96.955937899999995
  58.222227920000002   97.295013499999996
  60.060690899999997   97.589699600000003
  61.937453820000002   97.785229999999999
  63.852911519999999   97.975273400000006
  65.807458859999997   98.254197599999998
  67.801490670000007   98.583449799999997
  69.835401800000000   98.663165199999995
  71.909587099999996   98.758999500000002
  74.024441400000001   98.811272200000005
  76.180359559999999   98.922071200000005


# temperature  720.000000000000000
#    0.000104163855474   -0.032144913698460    3.612812597373980 -172.953997179545269 3140.969731119009339
  56.421670040000002   97.031986599999996
  58.222227920000002   97.362074100000001
  60.060690899999997   97.648923199999999
  61.937453820000002   97.839222599999999
  63.852911519999999   98.024184800000000
  65.807458859999997   98.295613000000003
  67.801490670000007   98.615958100000000
  69.835401800000000   98.693521599999997
  71.909587099999996   98.786756900000000
  74.024441400000001   98.837607000000006
  76.180359559999999   98.945394300000004


# temperature  730.000000000000000
#    0.000104196564304   -0.032154572703480    3.613814104653597 -172.996173045790982 3142.903820002387420
  56.421670040000002   97.105019100000007
  58.222227920000002   97.426466500000004
  60.060690899999997   97.705783100000005
  61.937453820000002   97.891056699999993
  63.852911519999999   98.071136600000003
  65.807458859999997   98.335364299999995
  67.801490670000007   98.647156699999996
  69.835401800000000   98.722653600000001
  71.909587099999996   98.813393700000006
  74.024441400000001   98.862878300000006
  76.180359559999999   98.967774500000004


# temperature  740.000000000000000
#    0.000104227908081   -0.032163828540878    3.614773665961881 -173.036566964653446 3144.795062069994856
  56.421670040000002   97.175191900000002
  58.222227920000002   97.488329500000006
  60.060690899999997   97.760402999999997
  61.937453820000002   97.940845199999998
  63.852911519999999   98.116231700000000
  65.807458859999997   98.373539300000004
  67.801490670000007   98.677114799999998
  69.835401800000000   98.750626100000005
  71.909587099999996   98.838969199999994
  74.024441400000001   98.887142299999994
  76.180359559999999   98.989261700000000


# temperature  750.000000000000000
#    0.000104257923886   -0.032172693593911    3.615692654915319 -173.075238141174765 3146.644699781280906
  56.421670040000002   97.242651199999997
  58.222227920000002   97.547792999999999
  60.060690899999997   97.812898300000001
  61.937453820000002   97.988693900000001
  63.852911519999999   98.159566200000000
  65.807458859999997   98.410219799999993
  67.801490670000007   98.705897100000001
  69.835401800000000   98.777499500000005
  71.909587099999996   98.863539000000003
  74.024441400000001   98.910451800000004
  76.180359559999999   99.009902800000006


# temperature  760.000000000000000
#    0.000104286703497   -0.032181194085813    3.616573756891481 -173.112301182600788 3148.454841879607557
  56.421670040000002   97.307534200000006
  58.222227920000002   97.604978900000006
  60.060690899999997   97.863377200000002
  61.937453820000002   98.034701600000005
  63.852911519999999   98.201230300000006
  65.807458859999997   98.445482699999999
  67.801490670000007   98.733564299999998
  69.835401800000000   98.803330700000004
  71.909587099999996   98.887155000000007
  74.024441400000001   98.932856200000003
  76.180359559999999   99.029741400000006


# temperature  770.000000000000000
#    0.000104314325004   -0.032189352699898    3.617419320105265 -173.147856874042219 3150.227379078459307
  56.421670040000002   97.369969699999999
  58.222227920000002   97.660001300000005
  60.060690899999997   97.911941100000007
  61.937453820000002   98.078961399999997
  63.852911519999999   98.241308300000000
  65.807458859999997   98.479399700000002
  67.801490670000007   98.760172900000001
  69.835401800000000   98.828172600000002
  71.909587099999996   98.909865699999997
  74.024441400000001   98.954401500000003
  76.180359559999999   99.048818600000004


# temperature  780.000000000000000
#    0.000104340819941   -0.032197179656428    3.618230455808808 -173.181952194657924 3151.963323658753325
  56.421670040000002   97.430078300000005
  58.222227920000002   97.712967300000003
  60.060690899999997   97.958685299999999
  61.937453820000002   98.121560099999996
  63.852911519999999   98.279879399999999
  65.807458859999997   98.512038300000000
  67.801490670000007   98.785776100000007
  69.835401800000000   98.852075099999993
  71.909587099999996   98.931716899999998
  74.024441400000001   98.975131000000005
  76.180359559999999   99.067172700000000


# temperature  790.000000000000000
#    0.000104366279235   -0.032204700878935    3.619009826295829 -173.214702106024163 3153.664791211032934
  56.421670040000002   97.487973699999998
  58.222227920000002   97.763977699999998
  60.060690899999997   98.003699100000006
  61.937453820000002   98.162579500000007
  63.852911519999999   98.317018000000004
  65.807458859999997   98.543461699999995
  67.801490670000007   98.810423900000004
  69.835401800000000   98.875084599999994
  71.909587099999996   98.952751100000000
  74.024441400000001   98.995085300000000
  76.180359559999999   99.084839700000003


# temperature  800.000000000000000
#    0.000104390750217   -0.032211930348547    3.619758883735293 -173.246167917725813 3155.333007046403054
  56.421670040000002   97.543762400000006
  58.222227920000002   97.813127100000003
  60.060690899999997   98.047066500000000
  61.937453820000002   98.202096499999996
  63.852911519999999   98.352793800000001
  65.807458859999997   98.573729299999997
  67.801490670000007   98.834163000000004
  69.835401800000000   98.897245200000000
  71.909587099999996   98.973008600000000
  74.024441400000001   99.014302400000005
  76.180359559999999   99.101853599999998


# temperature  810.000000000000000
#    0.000104414253147   -0.032218875056647    3.620478406991997 -173.276382379737953 3156.968735042561093
  56.421670040000002   97.597544999999997
  58.222227920000002   97.860504300000002
  60.060690899999997   98.088866400000001
  61.937453820000002   98.240183099999996
  63.852911519999999   98.387272400000001
  65.807458859999997   98.602896900000005
  67.801490670000007   98.857037500000004
  69.835401800000000   98.918597899999995
  71.909587099999996   98.992526999999995
  74.024441400000001   99.032818300000002
  76.180359559999999   99.118245900000005


# temperature  820.000000000000000
#    0.000104436888747   -0.032225563159474    3.621171260369529 -173.305469584834015 3158.574228719487564
  56.421670040000002   97.649415800000000
  58.222227920000002   97.906193200000004
  60.060690899999997   98.129173100000003
  61.937453820000002   98.276907300000005
  63.852911519999999   98.420515600000002
  65.807458859999997   98.631017000000000
  67.801490670000007   98.879088800000005
  69.835401800000000   98.939181500000004
  71.909587099999996   99.011341799999997
  74.024441400000001   99.050666500000005
  76.180359559999999   99.134046600000005


# temperature  830.000000000000000
#    0.000104458649201   -0.032231993852249    3.621837424816413 -173.333426799814617 3160.149651847118548
  56.421670040000002   97.699463899999998
  58.222227920000002   97.950272699999999
  60.060690899999997   98.168056600000000
  61.937453820000002   98.312332999999995
  63.852911519999999   98.452581600000002
  65.807458859999997   98.658139000000006
  67.801490670000007   98.900355700000006
  69.835401800000000   98.959032300000004
  71.909587099999996   99.029486300000002
  74.024441400000001   99.067878699999994
  76.180359559999999   99.149283800000006


# temperature  840.000000000000000
#    0.000104479649377   -0.032238198703807    3.622480077336308 -173.360391287049936 3161.697453495581158
  56.421670040000002   97.747773300000006
  58.222227920000002   97.992817000000002
  60.060690899999997   98.205582899999996
  61.937453820000002   98.346520600000005
  63.852911519999999   98.483524900000006
  65.807458859999997   98.684309600000006
  67.801490670000007   98.920874999999995
  69.835401800000000   98.978184700000000
  71.909587099999996   99.046991899999995
  74.024441400000001   99.084484599999996
  76.180359559999999   99.163983799999997


# temperature  850.000000000000000
#    0.000104499838428   -0.032244165653887    3.623098105489401 -173.386313759951918 3163.217045115099154
  56.421670040000002   97.794423199999997
  58.222227920000002   98.033896400000003
  60.060690899999997   98.241814199999993
  61.937453820000002   98.379526799999994
  63.852911519999999   98.513397400000002
  65.807458859999997   98.709572399999999
  67.801490670000007   98.940681200000000
  69.835401800000000   98.996671000000006
  71.909587099999996   99.063888300000002
  74.024441400000001   99.100512400000000
  76.180359559999999   99.178171699999993


# temperature  860.000000000000000
#    0.000104519317564   -0.032249922457366    3.623694296677429 -173.411314378245947 3164.710584734203621
  56.421670040000002   97.839488200000005
  58.222227920000002   98.073577000000000
  60.060690899999997   98.276809000000000
  61.937453820000002   98.411405299999998
  63.852911519999999   98.542247599999996
  65.807458859999997   98.733969000000002
  67.801490670000007   98.959806900000004
  69.835401800000000   99.014521599999995
  71.909587099999996   99.080203200000000
  74.024441400000001   99.115988599999994
  76.180359559999999   99.191870800000004


# temperature  870.000000000000000
#    0.000104538100698   -0.032255474030702    3.624269207819635 -173.435417012509646 3166.178671352772653
  56.421670040000002   97.883039199999999
  58.222227920000002   98.111921300000006
  60.060690899999997   98.310622899999998
  61.937453820000002   98.442206600000006
  63.852911519999999   98.570121499999999
  65.807458859999997   98.757538400000001
  67.801490670000007   98.978282800000002
  69.835401800000000   99.031765300000004
  71.909587099999996   99.095963100000006
  74.024441400000001   99.130938099999995
  76.180359559999999   99.205103300000005


# temperature  880.000000000000000
#    0.000104556216075   -0.032260828415122    3.624823641336933 -173.458653688068921 3167.621989342454981
  56.421670040000002   97.925142600000001
  58.222227920000002   98.148988399999993
  60.060690899999997   98.343308100000002
  61.937453820000002   98.471978600000000
  63.852911519999999   98.597062500000007
  65.807458859999997   98.780317299999993
  67.801490670000007   98.996138099999996
  69.835401800000000   99.048429299999995
  71.909587099999996   99.111192700000004
  74.024441400000001   99.145384500000006
  76.180359559999999   99.217890199999999


# temperature  890.000000000000000
#    0.000104573696528   -0.032265995624351    3.625358674320162 -173.481072212355997 3169.041538825430052
  56.421670040000002   97.965861799999999
  58.222227920000002   98.184834100000003
  60.060690899999997   98.374914099999998
  61.937453820000002   98.500766499999997
  63.852911519999999   98.623111800000004
  65.807458859999997   98.802340799999996
  67.801490670000007   99.013400000000004
  69.835401800000000   99.064539199999999
  71.909587099999996   99.125915699999993
  74.024441400000001   99.159350099999997
  76.180359559999999   99.230251199999998


# temperature  900.000000000000000
#    0.000104590580794   -0.032270986717495    3.625875435163096 -173.502720394656706 3170.438276053973368
  56.421670040000002   98.005256500000002
  58.222227920000002   98.219511400000002
  60.060690899999997   98.405487800000003
  61.937453820000002   98.528613000000007
  63.852911519999999   98.648308000000000
  65.807458859999997   98.823641800000004
  67.801490670000007   99.030094599999998
  69.835401800000000   99.080119199999999
  71.909587099999996   99.140153999999995
  74.024441400000001   99.172855999999996
  76.180359559999999   99.242204900000004


# temperature  910.000000000000000
#    0.000104606895254   -0.032275809403600    3.626374718041102 -173.523631551724492 3171.812919281752329
  56.421670040000002   98.043383199999994
  58.222227920000002   98.253070199999996
  60.060690899999997   98.435073500000001
  61.937453820000002   98.555558599999998
  63.852911519999999   98.672687900000000
  65.807458859999997   98.844251400000005
  67.801490670000007   99.046246499999995
  69.835401800000000   99.095192299999994
  71.909587099999996   99.153928800000003
  74.024441400000001   99.185922099999999
  76.180359559999999   99.253769100000000


# temperature  920.000000000000000
#    0.000104622645939   -0.032280466111975    3.626856807368219 -173.543817371036312 3173.165839616861831
  56.421670040000002   98.080295399999997
  58.222227920000002   98.285557900000001
  60.060690899999997   98.463713100000007
  61.937453820000002   98.581641700000006
  63.852911519999999   98.696286400000005
  65.807458859999997   98.864199200000002
  67.801490670000007   99.061878699999994
  69.835401800000000   99.109780200000003
  71.909587099999996   99.167259999999999
  74.024441400000001   99.198567199999999
  76.180359559999999   99.264960500000001


# temperature  930.000000000000000
#    0.000104637892197   -0.032284973396925    3.627323386390416 -173.563350949875399 3174.498409257575076
  56.421670040000002   98.116044099999996
  58.222227920000002   98.317019500000001
  60.060690899999997   98.491446499999995
  61.937453820000002   98.606898400000006
  63.852911519999999   98.719136300000002
  65.807458859999997   98.883513100000002
  67.801490670000007   99.077013399999998
  69.835401800000000   99.123903400000003
  71.909587099999996   99.180166200000002
  74.024441400000001   99.210809200000000
  76.180359559999999   99.275794899999994


# temperature  940.000000000000000
#    0.000104652611750   -0.032289325757754    3.627773915733039 -173.582206435688505 3175.810351780749443
  56.421670040000002   98.150677400000006
  58.222227920000002   98.347497599999997
  60.060690899999997   98.518311199999999
  61.937453820000002   98.631363300000004
  63.852911519999999   98.741268899999994
  65.807458859999997   98.902219700000003
  67.801490670000007   99.091671399999996
  69.835401800000000   99.137581600000004
  71.909587099999996   99.192665500000004
  74.024441400000001   99.222665100000000
  76.180359559999999   99.286287299999998


# temperature  950.000000000000000
#    0.000104666882291   -0.032293544633457    3.628210569131221 -173.600479024661212 3177.103402694217493
  56.421670040000002   98.184241000000000
  58.222227920000002   98.377032499999999
  60.060690899999997   98.544343200000000
  61.937453820000002   98.655069100000006
  63.852911519999999   98.762713800000000
  65.807458859999997   98.920344000000000
  67.801490670000007   99.105872500000004
  69.835401800000000   99.150833000000006
  71.909587099999996   99.204774599999993
  74.024441400000001   99.234150799999995
  76.180359559999999   99.296451899999994


# temperature  960.000000000000000
#    0.000104680661058   -0.032297619380344    3.628632329154746 -173.618123483444691 3178.376984522124530
  56.421670040000002   98.216778399999995
  58.222227920000002   98.405662699999993
  60.060690899999997   98.569576299999994
  61.937453820000002   98.678046600000002
  63.852911519999999   98.783499199999994
  65.807458859999997   98.937910000000002
  67.801490670000007   99.119635400000007
  69.835401800000000   99.163675299999994
  71.909587099999996   99.216509700000003
  74.024441400000001   99.245281700000007
  76.180359559999999   99.306302299999999


# temperature  970.000000000000000
#    0.000104694029783   -0.032301572094385    3.629041397158260 -173.635234836196986 3179.632799521738434
  56.421670040000002   98.248330800000005
  58.222227920000002   98.433424599999995
  60.060690899999997   98.594042900000005
  61.937453820000002   98.700325399999997
  63.852911519999999   98.803651700000003
  65.807458859999997   98.954940399999998
  67.801490670000007   99.132977900000000
  69.835401800000000   99.176125200000001
  71.909587099999996   99.227885900000004
  74.024441400000001   99.256072099999997
  76.180359559999999   99.315851199999997


# temperature  980.000000000000000
#    0.000104706968061   -0.032305398067396    3.629437348294790 -173.651794286279113 3180.870702785732647
  56.421670040000002   98.278937299999996
  58.222227920000002   98.460352799999995
  60.060690899999997   98.617773400000004
  61.937453820000002   98.721933399999998
  63.852911519999999   98.823196699999997
  65.807458859999997   98.971456500000002
  67.801490670000007   99.145916999999997
  69.835401800000000   99.188198299999996
  71.909587099999996   99.238917700000002
  74.024441400000001   99.266535800000000
  76.180359559999999   99.325110699999996


# temperature  990.000000000000000
#    0.000104719493110   -0.032309102088446    3.629820651410772 -173.667820237778386 3182.091122124098547
  56.421670040000002   98.308635300000006
  58.222227920000002   98.486480200000003
  60.060690899999997   98.640797199999994
  61.937453820000002   98.742897200000002
  63.852911519999999   98.842158400000002
  65.807458859999997   98.987478899999999
  67.801490670000007   99.158468700000000
  69.835401800000000   99.199909800000000
  71.909587099999996   99.249618900000002
  74.024441400000001   99.276685799999996
  76.180359559999999   99.334092499999997


# temperature 1000.000000000000000
#    0.000104731648380   -0.032312696651135    3.630192615127132 -173.683371396163068 3183.295198450101907
  56.421670040000002   98.337460300000004
  58.222227920000002   98.511838299999994
  60.060690899999997   98.663141899999999
  61.937453820000002   98.763242099999999
  63.852911519999999   98.860559600000002
  65.807458859999997   99.003027000000003
  67.801490670000007   99.170648299999996
  69.835401800000000   99.211274000000003
  71.909587099999996   99.260002499999999
  74.024441400000001   99.286534500000002
  76.180359559999999   99.342807600000000


