   0.000000000000000    0.000000000000000
  10.000000000000000    0.000003070652527
  20.000000000000000    0.000034760035643
  30.000000000000000    0.000194655497417
  40.000000000000000    0.000544457699781
  50.000000000000000    0.001024132170345
  60.000000000000000    0.001550313559211
  70.000000000000000    0.002066166652619
  80.000000000000000    0.002542102489039
  90.000000000000000    0.002966370569441
 100.000000000000000    0.003337190658148
 110.000000000000000    0.003657735792185
 120.000000000000000    0.003933250692902
 130.000000000000000    0.004169512522763
 140.000000000000000    0.004372073571094
 150.000000000000000    0.004545934538686
 160.000000000000000    0.004695444336625
 170.000000000000000    0.004824310507968
 180.000000000000000    0.004935658738153
 190.000000000000000    0.005032108491215
 200.000000000000000    0.005115849517671
 210.000000000000000    0.005188711598953
 220.000000000000000    0.005252225381079
 230.000000000000000    0.005307674041338
 240.000000000000000    0.005356136297214
 250.000000000000000    0.005398521465699
 260.000000000000000    0.005435599258800
 270.000000000000000    0.005468023019761
 280.000000000000000    0.005496349674058
 290.000000000000000    0.005521055454465
 300.000000000000000    0.005542549208595
 310.000000000000000    0.005561183183040
 320.000000000000000    0.005577262032037
 330.000000000000000    0.005591049854464
 340.000000000000000    0.005602776442558
 350.000000000000000    0.005612642866392
 360.000000000000000    0.005620825027561
 370.000000000000000    0.005627477509984
 380.000000000000000    0.005632736526314
 390.000000000000000    0.005636722697427
 400.000000000000000    0.005639542663815
 410.000000000000000    0.005641291729171
 420.000000000000000    0.005642054124533
 430.000000000000000    0.005641905661331
 440.000000000000000    0.005640914345367
 450.000000000000000    0.005639140800164
 460.000000000000000    0.005636639978607
 470.000000000000000    0.005633461603497
 480.000000000000000    0.005629650100316
 490.000000000000000    0.005625246327648
 500.000000000000000    0.005620287111799
 510.000000000000000    0.005614806399949
 520.000000000000000    0.005608834656978
 530.000000000000000    0.005602400143147
 540.000000000000000    0.005595528623668
 550.000000000000000    0.005588243841820
 560.000000000000000    0.005580567639279
 570.000000000000000    0.005572520254520
 580.000000000000000    0.005564120393660
 590.000000000000000    0.005555385083421
 600.000000000000000    0.005546330776206
 610.000000000000000    0.005536972382408
 620.000000000000000    0.005527323748682
 630.000000000000000    0.005517397830328
 640.000000000000000    0.005507207286284
 650.000000000000000    0.005496763077818
 660.000000000000000    0.005486076550674
 670.000000000000000    0.005475157538966
 680.000000000000000    0.005464015704493
 690.000000000000000    0.005452660334639
 700.000000000000000    0.005441099642212
 710.000000000000000    0.005429342459706
 720.000000000000000    0.005417396002839
 730.000000000000000    0.005405267999173
 740.000000000000000    0.005392965566522
 750.000000000000000    0.005380495328126
 760.000000000000000    0.005367863835962
 770.000000000000000    0.005355077559297
 780.000000000000000    0.005342142282027
 790.000000000000000    0.005329063815119
 800.000000000000000    0.005315847764248
 810.000000000000000    0.005302499449890
 820.000000000000000    0.005289024117201
 830.000000000000000    0.005275426958322
 840.000000000000000    0.005261712587713
 850.000000000000000    0.005247885891213
 860.000000000000000    0.005233951618713
 870.000000000000000    0.005219913951476
 880.000000000000000    0.005205777403358
 890.000000000000000    0.005191546341867
 900.000000000000000    0.005177224551997
 910.000000000000000    0.005162816408757
 920.000000000000000    0.005148325371706
 930.000000000000000    0.005133756706626
 940.000000000000000    0.005119111946864
 950.000000000000000    0.005104396684071
 960.000000000000000    0.005089614188777
 970.000000000000000    0.005074766572820
 980.000000000000000    0.005059860325583
 990.000000000000000    0.005044895515483
1000.000000000000000    0.005029877377743
