   0.000000000000000       -14.828594332067883
  10.000000000000000       -14.828594587331715
  20.000000000000000       -14.828603038512652
  30.000000000000000       -14.828655734565549
  40.000000000000000       -14.828843060273337
  50.000000000000000       -14.829287092296520
  60.000000000000000       -14.830100528801253
  70.000000000000000       -14.831369367398711
  80.000000000000000       -14.833152154901107
  90.000000000000000       -14.835484883464007
 100.000000000000000       -14.838386533703916
 110.000000000000000       -14.841863945459409
 120.000000000000000       -14.845915513824433
 130.000000000000000       -14.850533937565364
 140.000000000000000       -14.855708241709710
 150.000000000000000       -14.861425166671598
 160.000000000000000       -14.867670108838816
 170.000000000000000       -14.874427844570691
 180.000000000000000       -14.881682952169299
 190.000000000000000       -14.889420151588387
 200.000000000000000       -14.897624466680725
 210.000000000000000       -14.906281385158344
 220.000000000000000       -14.915376933362937
 230.000000000000000       -14.924897711407301
 240.000000000000000       -14.934830871188192
 250.000000000000000       -14.945164217720615
 260.000000000000000       -14.955886068516756
 270.000000000000000       -14.966985339247513
 280.000000000000000       -14.978451470637873
 290.000000000000000       -14.990274423885035
 300.000000000000000       -15.002444647291325
 310.000000000000000       -15.014953047144473
 320.000000000000000       -15.027790951660533
 330.000000000000000       -15.040950122911765
 340.000000000000000       -15.054422720082094
 350.000000000000000       -15.068201215278867
 360.000000000000000       -15.082278468308200
 370.000000000000000       -15.096647639768280
 380.000000000000000       -15.111302214410925
 390.000000000000000       -15.126235928427342
 400.000000000000000       -15.141442825514289
 410.000000000000000       -15.156917132111687
 420.000000000000000       -15.172653421712479
 430.000000000000000       -15.188646405270267
 440.000000000000000       -15.204891006645244
 450.000000000000000       -15.221382402942533
 460.000000000000000       -15.238115922740700
 470.000000000000000       -15.255087038275489
 480.000000000000000       -15.272291489115952
 490.000000000000000       -15.289725077860298
 500.000000000000000       -15.307383822603175
 510.000000000000000       -15.325263797676772
 520.000000000000000       -15.343361328265583
 530.000000000000000       -15.361672771630662
 540.000000000000000       -15.380194665983430
 550.000000000000000       -15.398923640890759
 560.000000000000000       -15.417856435024429
 570.000000000000000       -15.436989893676639
 580.000000000000000       -15.456320950430387
 590.000000000000000       -15.475846698796570
 600.000000000000000       -15.495564221948085
 610.000000000000000       -15.515470727293589
 620.000000000000000       -15.535563543346216
 630.000000000000000       -15.555840082902950
 640.000000000000000       -15.576297713743577
 650.000000000000000       -15.596934066503611
 660.000000000000000       -15.617746619296673
 670.000000000000000       -15.638733134511286
 680.000000000000000       -15.659891289372188
 690.000000000000000       -15.681218863853111
 700.000000000000000       -15.702713781077186
 710.000000000000000       -15.724373762296759
 720.000000000000000       -15.746196953184766
 730.000000000000000       -15.768181243264593
 740.000000000000000       -15.790324671283342
 750.000000000000000       -15.812625436730961
 760.000000000000000       -15.835081607457242
 770.000000000000000       -15.857691327622160
 780.000000000000000       -15.880452915858346
 790.000000000000000       -15.903364587263379
 800.000000000000000       -15.926424720219162
 810.000000000000000       -15.949631637771645
 820.000000000000000       -15.972983687276702
 830.000000000000000       -15.996479186977471
 840.000000000000000       -16.020116784050529
 850.000000000000000       -16.043894835410484
 860.000000000000000       -16.067811949350965
 870.000000000000000       -16.091866620498887
 880.000000000000000       -16.116057409270699
 890.000000000000000       -16.140382908612946
 900.000000000000000       -16.164841691292629
 910.000000000000000       -16.189432578747702
 920.000000000000000       -16.214153982802603
 930.000000000000000       -16.239005187433719
 940.000000000000000       -16.263984068710574
 950.000000000000000       -16.289090053962550
 960.000000000000000       -16.314321798646585
 970.000000000000000       -16.339677756676998
 980.000000000000000       -16.365157370716773
 990.000000000000000       -16.390758829470180
1000.000000000000000       -16.416481308537666
