# Temperature: 0.000000
# Parameters: -14.828594 0.474527 5.122822 66.387140
  56.421670040000002       -14.336054685194647
  58.222227920000002       -14.517727189754245
  60.060690899999997       -14.654598463967698
  61.937453820000002       -14.748297023575367
  63.852911519999999       -14.805968957015065
  65.807458859999997       -14.819163104655200
  67.801490670000007       -14.824623369340552
  69.835401800000000       -14.791644268204461
  71.909587099999996       -14.737619690646770
  74.024441400000001       -14.661135040170743
  76.180359559999999       -14.570248174785478


# Temperature: 10.000000
# Parameters: -14.828595 0.474523 5.122984 66.387149
  56.421670040000002       -14.336054786764427
  58.222227920000002       -14.517727343145342
  60.060690899999997       -14.654598651560866
  61.937453820000002       -14.748297495149350
  63.852911519999999       -14.805969482483219
  65.807458859999997       -14.819163750348809
  67.801490670000007       -14.824623946630021
  69.835401800000000       -14.791644718013492
  71.909587099999996       -14.737620812060069
  74.024441400000001       -14.661139187948947
  76.180359559999999       -14.570253107138420


# Temperature: 20.000000
# Parameters: -14.828603 0.474461 5.125057 66.387300
  56.421670040000002       -14.336058867174920
  58.222227920000002       -14.517732614409699
  60.060690899999997       -14.654604814151872
  61.937453820000002       -14.748308066697998
  63.852911519999999       -14.805981012726230
  65.807458859999997       -14.819177171033461
  67.801490670000007       -14.824634142992336
  69.835401800000000       -14.791657459838893
  71.909587099999996       -14.737644944210926
  74.024441400000001       -14.661196681627203
  76.180359559999999       -14.570324812294624


# Temperature: 30.000000
# Parameters: -14.828656 0.474238 5.131466 66.388249
  56.421670040000002       -14.336079422618484
  58.222227920000002       -14.517758973840756
  60.060690899999997       -14.654636305966156
  61.937453820000002       -14.748355139109423
  63.852911519999999       -14.806033526375931
  65.807458859999997       -14.819239160729170
  67.801490670000007       -14.824699962283367
  69.835401800000000       -14.791735945296201
  71.909587099999996       -14.737772465071142
  74.024441400000001       -14.661428825580549
  76.180359559999999       -14.570614442671239


# Temperature: 40.000000
# Parameters: -14.828843 0.473785 5.141387 66.391456
  56.421670040000002       -14.336140840206856
  58.222227920000002       -14.517838452194495
  60.060690899999997       -14.654733231520870
  61.937453820000002       -14.748488331294563
  63.852911519999999       -14.806184965883178
  65.807458859999997       -14.819422734635033
  67.801490670000007       -14.824939802738697
  69.835401800000000       -14.792006445315467
  71.909587099999996       -14.738154141507273
  74.024441400000001       -14.661999880946462
  76.180359559999999       -14.571309630819671


# Temperature: 50.000000
# Parameters: -14.829287 0.473108 5.151902 66.398336
  56.421670040000002       -14.336283732306093
  58.222227920000002       -14.518022627227634
  60.060690899999997       -14.654958425199192
  61.937453820000002       -14.748780528899218
  63.852911519999999       -14.806518364544054
  65.807458859999997       -14.819830819214260
  67.801490670000007       -14.825504073657802
  69.835401800000000       -14.792624845672933
  71.909587099999996       -14.738950696297278
  74.024441400000001       -14.663058938690108
  76.180359559999999       -14.572566376523051


# Temperature: 60.000000
# Parameters: -14.830101 0.472244 5.160706 66.409642
  56.421670040000002       -14.336561088285587
  58.222227920000002       -14.518374945851310
  60.060690899999997       -14.655385446324043
  61.937453820000002       -14.749312442588046
  63.852911519999999       -14.807122094286703
  65.807458859999997       -14.820566745136336
  67.801490670000007       -14.826519230454618
  69.835401800000000       -14.793719948251766
  71.909587099999996       -14.740284854756707
  74.024441400000001       -14.664712280186759
  76.180359559999999       -14.574487431088546


# Temperature: 70.000000
# Parameters: -14.831369 0.471235 5.166640 66.425529
  56.421670040000002       -14.337029482513429
  58.222227920000002       -14.518959222908020
  60.060690899999997       -14.656084667207356
  61.937453820000002       -14.750157522859201
  63.852911519999999       -14.808073565794320
  65.807458859999997       -14.821714888905877
  67.801490670000007       -14.828071857221861
  69.835401800000000       -14.795378285323366
  71.909587099999996       -14.742234395500104
  74.024441400000001       -14.667024078882417
  76.180359559999999       -14.577129015462864


# Temperature: 80.000000
# Parameters: -14.833152 0.470120 5.169361 66.445785
  56.421670040000002       -14.337741724020828
  58.222227920000002       -14.519831846209112
  60.060690899999997       -14.657115374544949
  61.937453820000002       -14.751374882288882
  63.852911519999999       -14.809432808880411
  65.807458859999997       -14.823335847261593
  67.801490670000007       -14.830213652978127
  69.835401800000000       -14.797649999193972
  71.909587099999996       -14.744841012922627
  74.024441400000001       -14.670025957181084
  76.180359559999999       -14.580513696793092


# Temperature: 90.000000
# Parameters: -14.835485 0.468928 5.168945 66.470031
  56.421670040000002       -14.338742893207785
  58.222227920000002       -14.521038524228949
  60.060690899999997       -14.658523380453822
  61.937453820000002       -14.753008146134510
  63.852911519999999       -14.811242339826215
  65.807458859999997       -14.825468783645521
  67.801490670000007       -14.832970605077422
  69.835401800000000       -14.800558756659010
  71.909587099999996       -14.748121000682735
  74.024441400000001       -14.673726870842749
  76.180359559999999       -14.584641843010582


# Temperature: 100.000000
# Parameters: -14.838387 0.467683 5.165678 66.497829
  56.421670040000002       -14.340069053565163
  58.222227920000002       -14.522613939938514
  60.060690899999997       -14.660341635000117
  61.937453820000002       -14.755087068123400
  63.852911519999999       -14.813529639476092
  65.807458859999997       -14.828135877581300
  67.801490670000007       -14.836351044314648
  69.835401800000000       -14.804110325431058
  71.909587099999996       -14.752073940064191
  74.024441400000001       -14.678120989969260
  76.180359559999999       -14.589500115308359


# Temperature: 110.000000
# Parameters: -14.841864 0.466403 5.159889 66.528748
  56.421670040000002       -14.341747502489854
  58.222227920000002       -14.524582820397383
  60.060690899999997       -14.662592087620821
  61.937453820000002       -14.757630039640924
  63.852911519999999       -14.816310275990066
  65.807458859999997       -14.831346719121834
  67.801490670000007       -14.840351666562642
  69.835401800000000       -14.808298901522617
  71.909587099999996       -14.756688925789062
  74.024441400000001       -14.683193358928557
  76.180359559999999       -14.595067251400101


# Temperature: 120.000000
# Parameters: -14.845916 0.465100 5.151912 66.562391
  56.421670040000002       -14.343797769363348
  58.222227920000002       -14.526961515231033
  60.060690899999997       -14.665287829417011
  61.937453820000002       -14.760646610319361
  63.852911519999999       -14.819590831711809
  65.807458859999997       -14.835101963288571
  67.801490670000007       -14.844961777974445
  69.835401800000000       -14.813111498511674
  71.909587099999996       -14.761948805001454
  74.024441400000001       -14.688923744605670
  76.180359559999999       -14.601317837075566


# Temperature: 130.000000
# Parameters: -14.850534 0.463785 5.142063 66.598405
  56.421670040000002       -14.346232848899072
  58.222227920000002       -14.529759637293758
  60.060690899999997       -14.668435092420259
  61.937453820000002       -14.764139695626000
  63.852911519999999       -14.823371329442699
  65.807458859999997       -14.839396119094770
  67.801490670000007       -14.850166187649220
  69.835401800000000       -14.818530906538884
  71.909587099999996       -14.767832975618617
  74.024441400000001       -14.695289166319400
  76.180359559999999       -14.608224669252660


# Temperature: 140.000000
# Parameters: -14.855708 0.462465 5.130606 66.636483
  56.421670040000002       -14.349060441744721
  58.222227920000002       -14.532981535430467
  60.060690899999997       -14.672034944149694
  61.937453820000002       -14.768107355370736
  63.852911519999999       -14.827647146721270
  65.807458859999997       -14.844219619288904
  67.801490670000007       -14.855947148858780
  69.835401800000000       -14.824537636643383
  71.909587099999996       -14.774319187639925
  74.024441400000001       -14.702265516793123
  76.180359559999999       -14.615760216302135


# Temperature: 150.000000
# Parameters: -14.861425 0.461145 5.117760 66.676365
  56.421670040000002       -14.352284055167020
  58.222227920000002       -14.536627544406869
  60.060690899999997       -14.676084653621913
  61.937453820000002       -14.772544187699493
  63.852911519999999       -14.832410453346540
  65.807458859999997       -14.849560292080058
  67.801490670000007       -14.862285650434805
  69.835401800000000       -14.831111190385057
  71.909587099999996       -14.781384687361548
  74.024441400000001       -14.709828574743318
  76.180359559999999       -14.623897472062902


# Temperature: 160.000000
# Parameters: -14.867670 0.459830 5.103725 66.717827
  56.421670040000002       -14.355903952418261
  58.222227920000002       -14.540695000607277
  60.060690899999997       -14.680578759906544
  61.937453820000002       -14.777442390394802
  63.852911519999999       -14.837651293407101
  65.807458859999997       -14.855404410001384
  67.801490670000007       -14.869162254201321
  69.835401800000000       -14.838230867220654
  71.909587099999996       -14.789006927328504
  74.024441400000001       -14.717954620516810
  76.180359559999999       -14.632610447108101


# Temperature: 170.000000
# Parameters: -14.874428 0.458522 5.088655 66.760679
  56.421670040000002       -14.359917925910342
  58.222227920000002       -14.545179042155738
  60.060690899999997       -14.685509891939464
  61.937453820000002       -14.782792553741933
  63.852911519999999       -14.843358358455177
  65.807458859999997       -14.861737417481390
  67.801490670000007       -14.876557630807122
  69.835401800000000       -14.845876274425544
  71.909587099999996       -14.797163994378723
  74.024441400000001       -14.726620796767140
  76.180359559999999       -14.641874423705998


# Temperature: 180.000000
# Parameters: -14.881683 0.457225 5.072689 66.804757
  56.421670040000002       -14.364321920107002
  58.222227920000002       -14.550073233881117
  60.060690899999997       -14.690869382087214
  61.937453820000002       -14.788584240927667
  63.852911519999999       -14.849519557541111
  65.807458859999997       -14.868544433510710
  67.801490670000007       -14.884452904855740
  69.835401800000000       -14.854027631803067
  71.909587099999996       -14.805834852166820
  74.024441400000001       -14.735805297084150
  76.180359559999999       -14.651666064644736


# Temperature: 190.000000
# Parameters: -14.889420 0.455940 5.055933 66.849926
  56.421670040000002       -14.369110522789907
  58.222227920000002       -14.555370046146066
  60.060690899999997       -14.696647729429550
  61.937453820000002       -14.794806421266482
  63.852911519999999       -14.856122418310349
  65.807458859999997       -14.875810587444249
  67.801490670000007       -14.892829850790021
  69.835401800000000       -14.862665953059132
  71.909587099999996       -14.814999465535255
  74.024441400000001       -14.745487455126661
  76.180359559999999       -14.661963436033723


# Temperature: 200.000000
# Parameters: -14.897624 0.454669 5.038485 66.896065
  56.421670040000002       -14.374277355791365
  58.222227920000002       -14.561061225887659
  60.060690899999997       -14.702834942816571
  61.937453820000002       -14.801447780092049
  63.852911519999999       -14.863154367874980
  65.807458859999997       -14.883521252197093
  67.801490670000007       -14.901671011044719
  69.835401800000000       -14.871773128716333
  71.909587099999996       -14.824638852335642
  74.024441400000001       -14.755647766387412
  76.180359559999999       -14.672745974137980


# Temperature: 210.000000
# Parameters: -14.906281 0.453412 5.020425 66.943074
  56.421670040000002       -14.379815369339431
  58.222227920000002       -14.567138064015376
  60.060690899999997       -14.709420787538187
  61.937453820000002       -14.808496934333895
  63.852911519999999       -14.870602938026162
  65.807458859999997       -14.891662185198507
  67.801490670000007       -14.910959747867835
  69.835401800000000       -14.881331968607428
  71.909587099999996       -14.834735084465187
  74.024441400000001       -14.766267868500975
  76.180359559999999       -14.683994431483985


# Temperature: 220.000000
# Parameters: -14.915377 0.452171 5.001814 66.990867
  56.421670040000002       -14.385717078363088
  58.222227920000002       -14.573591612024209
  60.060690899999997       -14.716394973953717
  61.937453820000002       -14.815942599382049
  63.852911519999999       -14.878455889605263
  65.807458859999997       -14.900219624779570
  67.801490670000007       -14.920680258866987
  69.835401800000000       -14.891326198766054
  71.909587099999996       -14.845271266101726
  74.024441400000001       -14.777330499786686
  76.180359559999999       -14.695690797054834


# Temperature: 230.000000
# Parameters: -14.924898 0.450946 4.982708 67.039367
  56.421670040000002       -14.391974732466180
  58.222227920000002       -14.580412828130790
  60.060690899999997       -14.723747281863039
  61.937453820000002       -14.823773687547549
  63.852911519999999       -14.886701313037232
  65.807458859999997       -14.909180339921653
  67.801490670000007       -14.930817570790870
  69.835401800000000       -14.901740439661779
  71.909587099999996       -14.856231484991687
  74.024441400000001       -14.788819441208778
  76.180359559999999       -14.707818220631120


# Temperature: 240.000000
# Parameters: -14.934831 0.449738 4.963165 67.088507
  56.421670040000002       -14.398580455844963
  58.222227920000002       -14.587592695425974
  60.060690899999997       -14.731467655857820
  61.937453820000002       -14.831979393049389
  63.852911519999999       -14.895327676006209
  65.807458859999997       -14.918531654094211
  67.801490670000007       -14.941357511545736
  69.835401800000000       -14.912560168888755
  71.909587099999996       -14.867600767883765
  74.024441400000001       -14.800719456263659
  76.180359559999999       -14.720360923658273


# Temperature: 250.000000
# Parameters: -14.945164 0.448548 4.943209 67.138233
  56.421670040000002       -14.405526346785035
  58.222227920000002       -14.595122302716106
  60.060690899999997       -14.739546272689227
  61.937453820000002       -14.840549229325884
  63.852911519999999       -14.904323861803286
  65.807458859999997       -14.928261454582632
  67.801490670000007       -14.952286679102608
  69.835401800000000       -14.923771683854364
  71.909587099999996       -14.879365021452614
  74.024441400000001       -14.813016228794316
  76.180359559999999       -14.733304125660283


# Temperature: 260.000000
# Parameters: -14.955886 0.447375 4.922891 67.188493
  56.421670040000002       -14.412804550211181
  58.222227920000002       -14.602992901526466
  60.060690899999997       -14.747973578579275
  61.937453820000002       -14.849473066346002
  63.852911519999999       -14.913679183836495
  65.807458859999997       -14.938358187306099
  67.801490670000007       -14.963592402113074
  69.835401800000000       -14.935362047885054
  71.909587099999996       -14.891510975295398
  74.024441400000001       -14.825696295622619
  76.180359559999999       -14.746633966507732


# Temperature: 270.000000
# Parameters: -14.966985 0.446221 4.902234 67.239242
  56.421670040000002       -14.420407319872947
  58.222227920000002       -14.611195953776882
  60.060690899999997       -14.756740319277192
  61.937453820000002       -14.858741143046492
  63.852911519999999       -14.923383391849349
  65.807458859999997       -14.948810842307621
  67.801490670000007       -14.975262698452239
  69.835401800000000       -14.947319052914988
  71.909587099999996       -14.904026127001204
  74.024441400000001       -14.838746988509435
  76.180359559999999       -14.760337431795092


# Temperature: 280.000000
# Parameters: -14.978451 0.445085 4.881268 67.290442
  56.421670040000002       -14.428327051510292
  58.222227920000002       -14.619723151473826
  60.060690899999997       -14.765837556642238
  61.937453820000002       -14.868344071477585
  63.852911519999999       -14.933426668811572
  65.807458859999997       -14.959608930952655
  67.801490670000007       -14.987286233761671
  69.835401800000000       -14.959631162482596
  71.909587099999996       -14.916898689293287
  74.024441400000001       -14.852156375078335
  76.180359559999999       -14.774402288582294


# Temperature: 290.000000
# Parameters: -14.990274 0.443967 4.860014 67.342057
  56.421670040000002       -14.436556318092078
  58.222227920000002       -14.628566438475371
  60.060690899999997       -14.775256672789411
  61.937453820000002       -14.878272838875841
  63.852911519999999       -14.943799619518414
  65.807458859999997       -14.970742472455568
  67.801490670000007       -14.999652284138046
  69.835401800000000       -14.972287476492081
  71.909587099999996       -14.930117538207760
  74.024441400000001       -14.865913208030699
  76.180359559999999       -14.788817028391279


# Temperature: 300.000000
# Parameters: -15.002445 0.442868 4.838491 67.394057
  56.421670040000002       -14.445087884326037
  58.222227920000002       -14.637718021891883
  60.060690899999997       -14.784989373198725
  61.937453820000002       -14.888518801445603
  63.852911519999999       -14.954493260226371
  65.807458859999997       -14.982201962786837
  67.801490670000007       -15.012350690530402
  69.835401800000000       -14.985277681464954
  71.909587099999996       -14.943672167490833
  74.024441400000001       -14.880006869178690
  76.180359559999999       -14.803570802947565


# Temperature: 310.000000
# Parameters: -15.014953 0.441788 4.816718 67.446414
  56.421670040000002       -14.453914721168744
  58.222227920000002       -14.647170372086014
  60.060690899999997       -14.795027683605937
  61.937453820000002       -14.899073670885443
  63.852911519999999       -14.965499005179661
  65.807458859999997       -14.993978351871679
  67.801490670000007       -15.025371827647335
  69.835401800000000       -14.998592016337957
  71.909587099999996       -14.957552642996056
  74.024441400000001       -14.894427326951782
  76.180359559999999       -14.818653379613917


# Temperature: 320.000000
# Parameters: -15.027791 0.440727 4.794714 67.499100
  56.421670040000002       -14.463030015153453
  58.222227920000002       -14.656916227854838
  60.060690899999997       -14.805363940674702
  61.937453820000002       -14.909929508169613
  63.852911519999999       -14.976808643808832
  65.807458859999997       -15.006063021825092
  67.801490670000007       -15.038706566645658
  69.835401800000000       -15.012221228933175
  71.909587099999996       -14.971749561227261
  74.024441400000001       -14.909165095976128
  76.180359559999999       -14.834055091641879


# Temperature: 330.000000
# Parameters: -15.040950 0.439686 4.772492 67.552095
  56.421670040000002       -14.472427169426521
  58.222227920000002       -14.666948587102018
  60.060690899999997       -14.815990787850874
  61.937453820000002       -14.921078705928789
  63.852911519999999       -14.988414330366506
  65.807458859999997       -15.018447758968344
  67.801490670000007       -15.052346240928333
  69.835401800000000       -15.026156545901653
  71.909587099999996       -14.986254014100075
  74.024441400000001       -14.924211190435377
  76.180359559999999       -14.849766798787575


# Temperature: 340.000000
# Parameters: -15.054423 0.438664 4.750054 67.605379
  56.421670040000002       -14.482099803747410
  58.222227920000002       -14.677260709947074
  60.060690899999997       -14.826901159816103
  61.937453820000002       -14.932513978085815
  63.852911519999999       -15.000308563198844
  65.807458859999997       -15.031124736209733
  67.801490670000007       -15.066282618160955
  69.835401800000000       -15.040389636448486
  71.909587099999996       -15.001057551630559
  74.024441400000001       -14.939557094014312
  76.180359559999999       -14.865779841708950


# Temperature: 350.000000
# Parameters: -15.068201 0.437661 4.727425 67.658930
  56.421670040000002       -14.492041753452261
  58.222227920000002       -14.687846103178998
  60.060690899999997       -14.838088277305712
  61.937453820000002       -14.944228344309305
  63.852911519999999       -15.012484167126312
  65.807458859999997       -15.044086484024639
  67.801490670000007       -15.080507867106112
  69.835401800000000       -15.054912586422155
  71.909587099999996       -15.016152152915287
  74.024441400000001       -14.955194724660341
  76.180359559999999       -14.882086013982258


# Temperature: 360.000000
# Parameters: -15.082278 0.436677 4.704610 67.712732
  56.421670040000002       -14.502247065308188
  58.222227920000002       -14.698698519219827
  60.060690899999997       -14.849545627416594
  61.937453820000002       -14.956215113430817
  63.852911519999999       -15.024934278933696
  65.807458859999997       -15.057325876981986
  67.801490670000007       -15.095014537931290
  69.835401800000000       -15.069717867221740
  71.909587099999996       -15.031530191929260
  74.024441400000001       -14.971116404527159
  76.180359559999999       -14.898677525827143


# Temperature: 370.000000
# Parameters: -15.096648 0.435714 4.681619 67.766769
  56.421670040000002       -14.512709995440426
  58.222227920000002       -14.709811945760368
  60.060690899999997       -14.861266963607207
  61.937453820000002       -14.968467875153452
  63.852911519999999       -15.037652328714437
  65.807458859999997       -15.070836105760733
  67.801490670000007       -15.109795533188921
  69.835401800000000       -15.084798309886263
  71.909587099999996       -15.047184414724537
  74.024441400000001       -14.987314833027634
  76.180359559999999       -14.915546975086697


# Temperature: 380.000000
# Parameters: -15.111302 0.434769 4.658454 67.821026
  56.421670040000002       -14.523424998968066
  58.222227920000002       -14.721180595395953
  60.060690899999997       -14.873246281859775
  61.937453820000002       -14.980980478286893
  63.852911519999999       -15.050632026397093
  65.807458859999997       -15.084610665749183
  67.801490670000007       -15.124844082942165
  69.835401800000000       -15.100147084366153
  71.909587099999996       -15.063107914556003
  74.024441400000001       -15.003783057813893
  76.180359559999999       -14.932687319243952


# Temperature: 390.000000
# Parameters: -15.126236 0.433845 4.635131 67.875489
  56.421670040000002       -14.534386725858349
  58.222227920000002       -14.732798897335014
  60.060690899999997       -14.885477817571005
  61.937453820000002       -14.993747025565275
  63.852911519999999       -15.063867343089651
  65.807458859999997       -15.098643336316455
  67.801490670000007       -15.140153730254937
  69.835401800000000       -15.115757675685447
  71.909587099999996       -15.079294105970705
  74.024441400000001       -15.020514455085207
  76.180359559999999       -14.950091854693355


# Temperature: 400.000000
# Parameters: -15.141443 0.432940 4.611648 67.930145
  56.421670040000002       -14.545590015744539
  58.222227920000002       -14.744661490144102
  60.060690899999997       -14.897956032078547
  61.937453820000002       -15.006761858100793
  63.852911519999999       -15.077352502788132
  65.807458859999997       -15.112928163193233
  67.801490670000007       -15.155718306317674
  69.835401800000000       -15.131623863213267
  71.909587099999996       -15.095736706152181
  74.024441400000001       -15.037502707823048
  76.180359559999999       -14.967754186684397


# Temperature: 410.000000
# Parameters: -15.156917 0.432055 4.588027 67.984982
  56.421670040000002       -14.557029889634507
  58.222227920000002       -14.756763210347204
  60.060690899999997       -14.910675600223874
  61.937453820000002       -15.020019538800877
  63.852911519999999       -15.091081963720905
  65.807458859999997       -15.127459443961810
  67.801490670000007       -15.171531914900934
  69.835401800000000       -15.147739705117417
  71.909587099999996       -15.112429714191931
  74.024441400000001       -15.054741784026128
  76.180359559999999       -14.985668218957359


# Temperature: 420.000000
# Parameters: -15.172653 0.431190 4.564253 68.039989
  56.421670040000002       -14.568701541619321
  58.222227920000002       -14.769099085170746
  60.060690899999997       -14.923631402060877
  61.937453820000002       -15.033514849258912
  63.852911519999999       -15.105050406948003
  65.807458859999997       -15.142231714582525
  67.801490670000007       -15.187588915772587
  69.835401800000000       -15.164099517635854
  71.909587099999996       -15.129367395543030
  74.024441400000001       -15.072225918054723
  76.180359559999999       -15.003828125759794


# Temperature: 430.000000
# Parameters: -15.188646 0.430344 4.540340 68.095156
  56.421670040000002       -14.580600334727549
  58.222227920000002       -14.781664325288620
  60.060690899999997       -14.936818511455170
  61.937453820000002       -15.047242769025722
  63.852911519999999       -15.119252725996857
  65.807458859999997       -15.157239736956670
  67.801490670000007       -15.203883906042133
  69.835401800000000       -15.180697859530307
  71.909587099999996       -15.146544261291588
  74.024441400000001       -15.089949597157146
  76.180359559999999       -15.022228337336561


# Temperature: 440.000000
# Parameters: -15.204891 0.429519 4.516300 68.150471
  56.421670040000002       -14.592721793670259
  58.222227920000002       -14.794454312385065
  60.060690899999997       -14.950232187792686
  61.937453820000002       -15.061198476645975
  63.852911519999999       -15.133684015461608
  65.807458859999997       -15.172478481307225
  67.801490670000007       -15.220411711869293
  69.835401800000000       -15.197529521721998
  71.909587099999996       -15.163955058828925
  74.024441400000001       -15.107907542814054
  76.180359559999999       -15.040863525419857


# Temperature: 450.000000
# Parameters: -15.221382 0.428713 4.492128 68.205926
  56.421670040000002       -14.605061597586049
  58.222227920000002       -14.807464596045385
  60.060690899999997       -14.963867865615400
  61.937453820000002       -15.075377326856829
  63.852911519999999       -15.148339558565993
  65.807458859999997       -15.187943119960307
  67.801490670000007       -15.237167368771905
  69.835401800000000       -15.214589508635980
  71.909587099999996       -15.181594752159464
  74.024441400000001       -15.126094698301346
  76.180359559999999       -15.059728587682816


# Temperature: 460.000000
# Parameters: -15.238116 0.427928 4.467828 68.261512
  56.421670040000002       -14.617615570713202
  58.222227920000002       -14.820690883391688
  60.060690899999997       -14.977721148402789
  61.937453820000002       -15.089774853697190
  63.852911519999999       -15.163214816799076
  65.807458859999997       -15.203629013871625
  67.801490670000007       -15.254146114370945
  69.835401800000000       -15.231873026800438
  71.909587099999996       -15.199458513609322
  74.024441400000001       -15.144506215216609
  76.180359559999999       -15.078818632193125


# Temperature: 470.000000
# Parameters: -15.255087 0.427162 4.443418 68.317218
  56.421670040000002       -14.630379681353263
  58.222227920000002       -14.834129032864324
  60.060690899999997       -14.991787797171130
  61.937453820000002       -15.104386752888477
  63.852911519999999       -15.178305425769549
  65.807458859999997       -15.219531701225796
  67.801490670000007       -15.271343375953412
  69.835401800000000       -15.249375474482429
  71.909587099999996       -15.217541707243488
  74.024441400000001       -15.163137441042014
  76.180359559999999       -15.098128967048750


# Temperature: 480.000000
# Parameters: -15.272291 0.426416 4.418881 68.373038
  56.421670040000002       -14.643350033579628
  58.222227920000002       -14.847775045930483
  60.060690899999997       -15.006063725291369
  61.937453820000002       -15.119208877688909
  63.852911519999999       -15.193607178622905
  65.807458859999997       -15.235646891217776
  67.801490670000007       -15.288754754925925
  69.835401800000000       -15.267092430287196
  71.909587099999996       -15.235839880574414
  74.024441400000001       -15.181983904634336
  76.180359559999999       -15.117655088977251


# Temperature: 490.000000
# Parameters: -15.289725 0.425691 4.394233 68.428963
  56.421670040000002       -14.656522861018983
  58.222227920000002       -14.861625061902053
  60.060690899999997       -15.020544990197719
  61.937453820000002       -15.134237230602103
  63.852911519999999       -15.209116025005013
  65.807458859999997       -15.251970451615760
  67.801490670000007       -15.306376024741876
  69.835401800000000       -15.285019644866754
  71.909587099999996       -15.254348756270602
  74.024441400000001       -15.201041314152109
  76.180359559999999       -15.137392669862244


# Temperature: 500.000000
# Parameters: -15.307384 0.424985 4.369468 68.484987
  56.421670040000002       -14.669894520632749
  58.222227920000002       -14.875675351717073
  60.060690899999997       -15.035227786132666
  61.937453820000002       -15.149467955085653
  63.852911519999999       -15.224828058625004
  65.807458859999997       -15.268498403579033
  67.801490670000007       -15.324203117427892
  69.835401800000000       -15.303153027446344
  71.909587099999996       -15.273064217646636
  74.024441400000001       -15.220305537363526
  76.180359559999999       -15.157337549488403


# Temperature: 510.000000
# Parameters: -15.325264 0.424299 4.344605 68.541100
  56.421670040000002       -14.683461488571378
  58.222227920000002       -14.889922311721161
  60.060690899999997       -15.050108440001265
  61.937453820000002       -15.164897328296155
  63.852911519999999       -15.240739511036717
  65.807458859999997       -15.285226909220864
  67.801490670000007       -15.342232113219559
  69.835401800000000       -15.321488639605882
  71.909587099999996       -15.291982302444628
  74.024441400000001       -15.239772599573575
  76.180359559999999       -15.177485725177212


# Temperature: 520.000000
# Parameters: -15.343361 0.423634 4.319631 68.597296
  56.421670040000002       -14.697220354992215
  58.222227920000002       -14.904362457448972
  60.060690899999997       -15.065183401006884
  61.937453820000002       -15.180521756943490
  63.852911519999999       -15.256846746456553
  65.807458859999997       -15.302152270572082
  67.801490670000007       -15.360459237452153
  69.835401800000000       -15.340022688024970
  71.909587099999996       -15.311099195579228
  74.024441400000001       -15.259438673259794
  76.180359559999999       -15.197833341422694


# Temperature: 530.000000
# Parameters: -15.361673 0.422988 4.294558 68.653568
  56.421670040000002       -14.711167819913802
  58.222227920000002       -14.918992418442054
  60.060690899999997       -15.080449238578344
  61.937453820000002       -15.196337771072281
  63.852911519999999       -15.273146253472081
  65.807458859999997       -15.319270917143948
  67.801490670000007       -15.378880850196376
  69.835401800000000       -15.358751515155062
  71.909587099999996       -15.330411218773357
  74.024441400000001       -15.279300068744417
  76.180359559999999       -15.218376685745705


# Temperature: 540.000000
# Parameters: -15.380195 0.422363 4.269383 68.709909
  56.421670040000002       -14.725300684924459
  58.222227920000002       -14.933808933066718
  60.060690899999997       -15.095902635114935
  61.937453820000002       -15.212342012661193
  63.852911519999999       -15.289634639859894
  65.807458859999997       -15.336579401782464
  67.801490670000007       -15.397493440039794
  69.835401800000000       -15.377671594037329
  71.909587099999996       -15.349914824339663
  74.024441400000001       -15.299353229012253
  76.180359559999999       -15.239112180402525


# Temperature: 550.000000
# Parameters: -15.398924 0.421758 4.244111 68.766313
  56.421670040000002       -14.739615854218714
  58.222227920000002       -14.948808846441194
  60.060690899999997       -15.111540380804291
  61.937453820000002       -15.228531239768637
  63.852911519999999       -15.306308627403489
  65.807458859999997       -15.354074395486231
  67.801490670000007       -15.416293614759002
  69.835401800000000       -15.396779518974823
  71.909587099999996       -15.369606589998378
  74.024441400000001       -15.319594720382842
  76.180359559999999       -15.260036369947743


# Temperature: 560.000000
# Parameters: -15.417856 0.421173 4.218742 68.822774
  56.421670040000002       -14.754110326305890
  58.222227920000002       -14.963989099034931
  60.060690899999997       -15.127359370513098
  61.937453820000002       -15.244902310986387
  63.852911519999999       -15.323165044638266
  65.807458859999997       -15.371752679115044
  67.801490670000007       -15.435278100283201
  69.835401800000000       -15.416072001386773
  71.909587099999996       -15.389483211622334
  74.024441400000001       -15.340021231474033
  76.180359559999999       -15.281145922270683


# Temperature: 570.000000
# Parameters: -15.436990 0.420608 4.193282 68.879284
  56.421670040000002       -14.768781192973686
  58.222227920000002       -14.979346729777880
  60.060690899999997       -15.143356595495701
  61.937453820000002       -15.261452189585269
  63.852911519999999       -15.340200822705842
  65.807458859999997       -15.389611141317035
  67.801490670000007       -15.454443733439200
  69.835401800000000       -15.435545865662881
  71.909587099999996       -15.409541495981985
  74.024441400000001       -15.360629558692018
  76.180359559999999       -15.302437619267566


# Temperature: 580.000000
# Parameters: -15.456321 0.420063 4.167735 68.935838
  56.421670040000002       -14.783625629960325
  58.222227920000002       -14.994878867769083
  60.060690899999997       -15.159529143394087
  61.937453820000002       -15.278177932114483
  63.852911519999999       -15.357412993281184
  65.807458859999997       -15.407646772310118
  67.801490670000007       -15.473787453660030
  69.835401800000000       -15.455198037762626
  71.909587099999996       -15.429778357636122
  74.024441400000001       -15.381416610377029
  76.180359559999999       -15.323908349586523


# Temperature: 590.000000
# Parameters: -15.475847 0.419538 4.142089 68.992431
  56.421670040000002       -14.798640901100280
  58.222227920000002       -15.010582730203826
  60.060690899999997       -15.175874189946486
  61.937453820000002       -15.295076690474453
  63.852911519999999       -15.374798679244773
  65.807458859999997       -15.425856655590579
  67.801490670000007       -15.493306299875638
  69.835401800000000       -15.475025548324551
  71.909587099999996       -15.450190811676890
  74.024441400000001       -15.402379392293374
  76.180359559999999       -15.345555105518319


# Temperature: 600.000000
# Parameters: -15.495564 0.419033 4.116360 69.049055
  56.421670040000002       -14.813824348996416
  58.222227920000002       -15.026455617191496
  60.060690899999997       -15.192388998987365
  61.937453820000002       -15.312145701552561
  63.852911519999999       -15.392355095719044
  65.807458859999997       -15.444237970005922
  67.801490670000007       -15.512997407403628
  69.835401800000000       -15.495025521265566
  71.909587099999996       -15.470775969584086
  74.024441400000001       -15.423515011775145
  76.180359559999999       -15.367374977814228


# Temperature: 610.000000
# Parameters: -15.515471 0.418549 4.090553 69.105705
  56.421670040000002       -14.829173393983579
  58.222227920000002       -15.042494908646310
  60.060690899999997       -15.209070915192445
  61.937453820000002       -15.329382287223149
  63.852911519999999       -15.410079540740531
  65.807458859999997       -15.462787981463471
  67.801490670000007       -15.532858001730691
  69.835401800000000       -15.515195171708100
  71.909587099999996       -15.491531036115877
  74.024441400000001       -15.444820664252669
  76.180359559999999       -15.389365150503885


# Temperature: 620.000000
# Parameters: -15.535564 0.418084 4.064661 69.162377
  56.421670040000002       -14.844685532055738
  58.222227920000002       -15.058698062214461
  60.060690899999997       -15.225917363042276
  61.937453820000002       -15.346783849165387
  63.852911519999999       -15.427969394223451
  65.807458859999997       -15.481504037748225
  67.801490670000007       -15.552885394366909
  69.835401800000000       -15.535531802870825
  71.909587099999996       -15.512453302053810
  74.024441400000001       -15.466293636361796
  76.180359559999999       -15.411522896749595


# Temperature: 630.000000
# Parameters: -15.555840 0.417640 4.038678 69.219064
  56.421670040000002       -14.860358327610994
  58.222227920000002       -15.075062608091987
  60.060690899999997       -15.242925842676533
  61.937453820000002       -15.364347866790421
  63.852911519999999       -15.446022116923276
  65.807458859999997       -15.500383569559292
  67.801490670000007       -15.573076979736465
  69.835401800000000       -15.556032800886513
  71.909587099999996       -15.533540143166404
  74.024441400000001       -15.487931298688903
  76.180359559999999       -15.433845574700623


# Temperature: 640.000000
# Parameters: -15.576298 0.417216 4.012630 69.275759
  56.421670040000002       -14.876189416560875
  58.222227920000002       -15.091586149024764
  60.060690899999997       -15.260093924711875
  61.937453820000002       -15.382071894132093
  63.852911519999999       -15.464235243181747
  65.807458859999997       -15.519424083254901
  67.801490670000007       -15.593430231031945
  69.835401800000000       -15.576695629619914
  71.909587099999996       -15.554789016063420
  74.024441400000001       -15.509731099552345
  76.180359559999999       -15.456330622311063


# Temperature: 650.000000
# Parameters: -15.596934 0.416812 3.986489 69.332460
  56.421670040000002       -14.892176499075331
  58.222227920000002       -15.108266350980681
  60.060690899999997       -15.277419253351239
  61.937453820000002       -15.399953553628384
  63.852911519999999       -15.482606376781172
  65.807458859999997       -15.538623157743128
  67.801490670000007       -15.613942697105065
  69.835401800000000       -15.597517831704183
  71.909587099999996       -15.576197450940898
  74.024441400000001       -15.531690568111735
  76.180359559999999       -15.478975557339831


# Temperature: 660.000000
# Parameters: -15.617747 0.416428 3.960289 69.389159
  56.421670040000002       -14.908317337509903
  58.222227920000002       -15.125100951441041
  60.060690899999997       -15.294899534983136
  61.937453820000002       -15.417990537157838
  63.852911519999999       -15.501133194053700
  65.807458859999997       -15.557978442409038
  67.801490670000007       -15.634611998320947
  69.835401800000000       -15.618497019213034
  71.909587099999996       -15.597763054690420
  74.024441400000001       -15.553807304003673
  76.180359559999999       -15.501777969059269


# Temperature: 670.000000
# Parameters: -15.638733 0.416065 3.934004 69.445853
  56.421670040000002       -14.924609756405705
  58.222227920000002       -15.142087744890597
  60.060690899999997       -15.312532542327368
  61.937453820000002       -15.436180599821007
  63.852911519999999       -15.519813433517061
  65.807458859999997       -15.577487656078260
  67.801490670000007       -15.655435824485288
  69.835401800000000       -15.639630876770029
  71.909587099999996       -15.619483500534859
  74.024441400000001       -15.576078977341750
  76.180359559999999       -15.524735520327981


# Temperature: 680.000000
# Parameters: -15.659891 0.415721 3.907648 69.502535
  56.421670040000002       -14.941051640416580
  58.222227920000002       -15.159224586963257
  60.060690899999997       -15.330316110289314
  61.937453820000002       -15.454521559940451
  63.852911519999999       -15.538644901056696
  65.807458859999997       -15.597148579762004
  67.801490670000007       -15.676411930698636
  69.835401800000000       -15.660917152220737
  71.909587099999996       -15.641356531137648
  74.024441400000001       -15.598503326643696
  76.180359559999999       -15.547845938263009


# Temperature: 690.000000
# Parameters: -15.681219 0.415398 3.881226 69.559200
  56.421670040000002       -14.957640926017689
  58.222227920000002       -15.176509394442078
  60.060690899999997       -15.348248129741373
  61.937453820000002       -15.473011296987879
  63.852911519999999       -15.557625459561498
  65.807458859999997       -15.616959057693487
  67.801490670000007       -15.697538137356403
  69.835401800000000       -15.682353660778434
  71.909587099999996       -15.663379953420659
  74.024441400000001       -15.621078152612823
  76.180359559999999       -15.571107019421957


# Temperature: 700.000000
# Parameters: -15.702714 0.415095 3.854714 69.615844
  56.421670040000002       -14.974375606687644
  58.222227920000002       -15.193940134895014
  60.060690899999997       -15.366326550632254
  61.937453820000002       -15.491647745365601
  63.852911519999999       -15.576753032033084
  65.807458859999997       -15.636916992145801
  67.801490670000007       -15.718812323930303
  69.835401800000000       -15.703938274659849
  71.909587099999996       -15.685551634418486
  74.024441400000001       -15.643801321247299
  76.180359559999999       -15.594516617365880


# Temperature: 710.000000
# Parameters: -15.724374 0.414812 3.828164 69.672461
  56.421670040000002       -14.991253728762794
  58.222227920000002       -15.211514832893462
  60.060690899999997       -15.384549376804824
  61.937453820000002       -15.510428897515800
  63.852911519999999       -15.596025595367243
  65.807458859999997       -15.657020342395487
  67.801490670000007       -15.740232427931922
  69.835401800000000       -15.725668929303719
  71.909587099999996       -15.707869501278452
  74.024441400000001       -15.666670755548743
  76.180359559999999       -15.618072649914266


# Temperature: 720.000000
# Parameters: -15.746197 0.414549 3.801524 69.729048
  56.421670040000002       -15.008273387291533
  58.222227920000002       -15.229231561720862
  60.060690899999997       -15.402914663923275
  61.937453820000002       -15.529352795629123
  63.852911519999999       -15.615441184499636
  65.807458859999997       -15.677267124722533
  67.801490670000007       -15.761796444912719
  69.835401800000000       -15.747543611970093
  71.909587099999996       -15.730331536078481
  74.024441400000001       -15.689684433449370
  76.180359559999999       -15.641773087744342


# Temperature: 730.000000
# Parameters: -15.768181 0.414306 3.774826 69.785597
  56.421670040000002       -15.025432724997861
  58.222227920000002       -15.247088444409114
  60.060690899999997       -15.421420519473113
  61.937453820000002       -15.548417535790385
  63.852911519999999       -15.634997879968687
  65.807458859999997       -15.697655406191817
  67.801490670000007       -15.783502421209050
  69.835401800000000       -15.769560365886043
  71.909587099999996       -15.752935776863509
  74.024441400000001       -15.712840390921269
  76.180359559999999       -15.665615961646067


# Temperature: 740.000000
# Parameters: -15.790325 0.414084 3.748074 69.842106
  56.421670040000002       -15.042729932281393
  58.222227920000002       -15.265083654775010
  60.060690899999997       -15.440065097579032
  61.937453820000002       -15.567621261760019
  63.852911519999999       -15.654693818279839
  65.807458859999997       -15.718183303616684
  67.801490670000007       -15.805348457051439
  69.835401800000000       -15.791717287136390
  71.909587099999996       -15.775680313499798
  74.024441400000001       -15.736136714721420
  76.180359559999999       -15.689599349048583


# Temperature: 750.000000
# Parameters: -15.812625 0.413881 3.721243 69.898569
  56.421670040000002       -15.060163244108073
  58.222227920000002       -15.283215407055970
  60.060690899999997       -15.458846600041333
  61.937453820000002       -15.586962166010487
  63.852911519999999       -15.674527179468441
  65.807458859999997       -15.738848985631794
  67.801490670000007       -15.827332702418868
  69.835401800000000       -15.814012519481558
  71.909587099999996       -15.798563285602071
  74.024441400000001       -15.759571541355266
  76.180359559999999       -15.713721383348057


# Temperature: 760.000000
# Parameters: -15.835082 0.413699 3.694354 69.954982
  56.421670040000002       -15.077730940010182
  58.222227920000002       -15.301481965237878
  60.060690899999997       -15.477763274263079
  61.937453820000002       -15.606438483507736
  63.852911519999999       -15.694496191245458
  65.807458859999997       -15.759650663365289
  67.801490670000007       -15.849453352893084
  69.835401800000000       -15.836444257466869
  71.909587099999996       -15.821582880460664
  74.024441400000001       -15.783143057076716
  76.180359559999999       -15.737980242506984


# Temperature: 770.000000
# Parameters: -15.857691 0.413536 3.667421 70.011340
  56.421670040000002       -15.095431338904197
  58.222227920000002       -15.319881632690818
  60.060690899999997       -15.496813410140811
  61.937453820000002       -15.626048496893326
  63.852911519999999       -15.714599125888181
  65.807458859999997       -15.780586597693771
  67.801490670000007       -15.871708652767872
  69.835401800000000       -15.859010738131120
  71.909587099999996       -15.844737334077944
  74.024441400000001       -15.806849491669585
  76.180359559999999       -15.762374155272754


# Temperature: 780.000000
# Parameters: -15.880453 0.413394 3.640423 70.067638
  56.421670040000002       -15.113262802200079
  58.222227920000002       -15.338412754241928
  60.060690899999997       -15.515995339028127
  61.937453820000002       -15.645790528193013
  63.852911519999999       -15.734834297130961
  65.807458859999997       -15.801655089914474
  67.801490670000007       -15.894096887794065
  69.835401800000000       -15.881710247225151
  71.909587099999996       -15.868024924949770
  74.024441400000001       -15.830689124666151
  76.180359559999999       -15.786901391849808


# Temperature: 790.000000
# Parameters: -15.903365 0.413271 3.613370 70.123871
  56.421670040000002       -15.131223728619137
  58.222227920000002       -15.357073716175398
  60.060690899999997       -15.535307434772101
  61.937453820000002       -15.665662942962463
  63.852911519999999       -15.755200061201622
  65.807458859999997       -15.822854482781683
  67.801490670000007       -15.916616387252411
  69.835401800000000       -15.904541108847569
  71.909587099999996       -15.891443975101897
  74.024441400000001       -15.854660273946466
  76.180359559999999       -15.811560267008920


# Temperature: 800.000000
# Parameters: -15.926425 0.413169 3.586253 70.180036
  56.421670040000002       -15.149312555230452
  58.222227920000002       -15.375862940013919
  60.060690899999997       -15.554748107494730
  61.937453820000002       -15.685664143032263
  63.852911519999999       -15.775694813712196
  65.807458859999997       -15.844183161543160
  67.801490670000007       -15.939265522917127
  69.835401800000000       -15.927501690626894
  71.909587099999996       -15.914992846980713
  74.024441400000001       -15.878761300920491
  76.180359559999999       -15.836349139050771


# Temperature: 810.000000
# Parameters: -15.949632 0.413088 3.559074 70.236128
  56.421670040000002       -15.167527756414453
  58.222227920000002       -15.394778886664374
  60.060690899999997       -15.574315806702211
  61.937453820000002       -15.705792569617198
  63.852911519999999       -15.796316988622484
  65.807458859999997       -15.865639548758024
  67.801490670000007       -15.962042704910216
  69.835401800000000       -15.950590400612269
  71.909587099999996       -15.938669945526080
  74.024441400000001       -15.902990608455241
  76.180359559999999       -15.861266403587388


# Temperature: 820.000000
# Parameters: -15.972984 0.413026 3.531841 70.292143
  56.421670040000002       -15.185867840753639
  58.222227920000002       -15.413820053308578
  60.060690899999997       -15.594009017139243
  61.937453820000002       -15.726046702279834
  63.852911519999999       -15.817065057203639
  65.807458859999997       -15.887222105333159
  67.801490670000007       -15.984946381701445
  69.835401800000000       -15.973805684164189
  71.909587099999996       -15.962473711952789
  74.024441400000001       -15.927346634656221
  76.180359559999999       -15.886310496651429


# Temperature: 830.000000
# Parameters: -15.996479 0.412983 3.504592 70.348075
  56.421670040000002       -15.204331349996155
  58.222227920000002       -15.432984969257552
  60.060690899999997       -15.613826258789008
  61.937453820000002       -15.746425052711947
  63.852911519999999       -15.837937524928881
  65.807458859999997       -15.908929327413949
  67.801490670000007       -16.007975038035511
  69.835401800000000       -15.997146022918066
  71.909587099999996       -15.986402624786972
  74.024441400000001       -15.951827857013139
  76.180359559999999       -15.911479891586897


# Temperature: 840.000000
# Parameters: -16.020117 0.412961 3.477261 70.403921
  56.421670040000002       -15.222916859055784
  58.222227920000002       -15.452272199060822
  60.060690899999997       -15.633766086873194
  61.937453820000002       -15.766926168880236
  63.852911519999999       -15.858932934582777
  65.807458859999997       -15.930759747420700
  67.801490670000007       -16.031127193895600
  69.835401800000000       -16.020609935820666
  71.909587099999996       -16.010455199866119
  74.024441400000001       -15.976432789290632
  76.180359559999999       -15.936773098012718


# Temperature: 850.000000
# Parameters: -16.043895 0.412959 3.449896 70.459676
  56.421670040000002       -15.241622977048381
  58.222227920000002       -15.471680339397123
  60.060690899999997       -15.653827087706278
  61.937453820000002       -15.787548631917048
  63.852911519999999       -15.880049860042686
  65.807458859999997       -15.952711931975784
  67.801490670000007       -16.054401405539828
  69.835401800000000       -16.044195974984394
  71.909587099999996       -16.034629986193348
  74.024441400000001       -16.001159979455394
  76.180359559999999       -15.962188660786312


# Temperature: 860.000000
# Parameters: -16.067812 0.412977 3.422477 70.515337
  56.421670040000002       -15.260448340036886
  58.222227920000002       -15.491208017001560
  60.060690899999997       -15.674007878695523
  61.937453820000002       -15.808291055083938
  63.852911519999999       -15.901286907315185
  65.807458859999997       -15.974784477757943
  67.801490670000007       -16.077796261355520
  69.835401800000000       -16.067902724650867
  71.909587099999996       -16.058925564901010
  74.024441400000001       -16.026008007603348
  76.180359559999999       -15.987725154821467


# Temperature: 870.000000
# Parameters: -16.091867 0.413015 3.395004 70.570899
  56.421670040000002       -15.279391616213452
  58.222227920000002       -15.510853890738447
  60.060690899999997       -15.694307111450261
  61.937453820000002       -15.829152079625979
  63.852911519999999       -15.922642715572490
  65.807458859999997       -15.996976014611556
  67.801490670000007       -16.101310379786362
  69.835401800000000       -16.091728805336636
  71.909587099999996       -16.083340553396365
  74.024441400000001       -16.050975488032474
  76.180359559999999       -16.013381193379740


# Temperature: 880.000000
# Parameters: -16.116057 0.413073 3.367488 70.626357
  56.421670040000002       -15.298451502790174
  58.222227920000002       -15.530616646419192
  60.060690899999997       -15.714723463490486
  61.937453820000002       -15.850130380990311
  63.852911519999999       -15.944115951970332
  65.807458859999997       -16.019285203473796
  67.801490670000007       -16.124942414514550
  69.835401800000000       -16.115672863468898
  71.909587099999996       -16.107873597070192
  74.024441400000001       -16.076061064060699
  76.180359559999999       -16.039155416669775


# Temperature: 890.000000
# Parameters: -16.140383 0.413151 3.339934 70.681709
  56.421670040000002       -15.317626723926230
  58.222227920000002       -15.550494999911560
  60.060690899999997       -15.735255641356131
  61.937453820000002       -15.871224660534734
  63.852911519999999       -15.965705313720804
  65.807458859999997       -16.041710733265340
  67.801490670000007       -16.148691044096495
  69.835401800000000       -16.139733579676928
  71.909587099999996       -16.132523371369629
  74.024441400000001       -16.101263413208013
  76.180359559999999       -16.065046497029435


# Temperature: 900.000000
# Parameters: -16.164842 0.413248 3.312358 70.736950
  56.421670040000002       -15.336916029691453
  58.222227920000002       -15.570487695066829
  60.060690899999997       -15.755902382679912
  61.937453820000002       -15.892433648636979
  63.852911519999999       -15.987409527055934
  65.807458859999997       -16.064251323999667
  67.801490670000007       -16.172554979217836
  69.835401800000000       -16.163909661537083
  71.909587099999996       -16.157288582834607
  74.024441400000001       -16.126581236832216
  76.180359559999999       -16.091053135816516


# Temperature: 910.000000
# Parameters: -16.189433 0.413365 3.284716 70.792075
  56.421670040000002       -15.356318200212048
  58.222227920000002       -15.590593499574082
  60.060690899999997       -15.776662446859504
  61.937453820000002       -15.913756103658299
  63.852911519999999       -16.009227344118415
  65.807458859999997       -16.086905720564474
  67.801490670000007       -16.196532958547721
  69.835401800000000       -16.188199844609230
  71.909587099999996       -16.182167964952139
  74.024441400000001       -16.152013269456752
  76.180359559999999       -16.117174063408754


# Temperature: 920.000000
# Parameters: -16.214154 0.413501 3.257083 70.847083
  56.421670040000002       -15.375832036342738
  58.222227920000002       -15.610811210142343
  60.060690899999997       -15.797534625421797
  61.937453820000002       -15.935190807797742
  63.852911519999999       -16.031157545034439
  65.807458859999997       -16.109672695830984
  67.801490670000007       -16.220623746665954
  69.835401800000000       -16.212602892436742
  71.909587099999996       -16.207160279192756
  74.024441400000001       -16.177558269442862
  76.180359559999999       -16.143408035058119


# Temperature: 930.000000
# Parameters: -16.239005 0.413661 3.229305 70.901964
  56.421670040000002       -15.395456367958188
  58.222227920000002       -15.631139646282012
  60.060690899999997       -15.818517729585780
  61.937453820000002       -15.956736572274298
  63.852911519999999       -16.053198934804449
  65.807458859999997       -16.132551048581071
  67.801490670000007       -16.244826135099419
  69.835401800000000       -16.237117593437237
  71.909587099999996       -16.232264311901208
  74.024441400000001       -16.203215024171733
  76.180359559999999       -16.169753837109369


# Temperature: 940.000000
# Parameters: -16.263984 0.413836 3.201613 70.956723
  56.421670040000002       -15.415190044625163
  58.222227920000002       -15.651577652377719
  60.060690899999997       -15.839610598553955
  61.937453820000002       -15.978392229035489
  63.852911519999999       -16.075350342266677
  65.807458859999997       -16.155539603507261
  67.801490670000007       -16.269138941285675
  69.835401800000000       -16.261742765048261
  71.909587099999996       -16.257478876369344
  74.024441400000001       -16.228982345898785
  76.180359559999999       -16.196210276635785


# Temperature: 950.000000
# Parameters: -16.289090 0.414032 3.173828 71.011349
  56.421670040000002       -15.435031942857513
  58.222227920000002       -15.672124096651908
  60.060690899999997       -15.860812093293777
  61.937453820000002       -16.000156636975913
  63.852911519999999       -16.097610622170016
  65.807458859999997       -16.178637207067045
  67.801490670000007       -16.293561005463641
  69.835401800000000       -16.286477245435886
  71.909587099999996       -16.282802811799662
  74.024441400000001       -16.254859069680808
  76.180359559999999       -16.222776189730595


# Temperature: 960.000000
# Parameters: -16.314322 0.414250 3.145981 71.065839
  56.421670040000002       -15.454980958861189
  58.222227920000002       -15.692777869091966
  60.060690899999997       -15.882121099646932
  61.937453820000002       -16.022028677791550
  63.852911519999999       -16.119978652064752
  65.807458859999997       -16.201842732664989
  67.801490670000007       -16.318091193782905
  69.835401800000000       -16.311319898676850
  71.909587099999996       -16.308234978123195
  74.024441400000001       -16.280844057521684
  76.180359559999999       -16.249450435288399


# Temperature: 970.000000
# Parameters: -16.339678 0.414485 3.118168 71.120196
  56.421670040000002       -15.475036012679944
  58.222227920000002       -15.713537883523095
  60.060690899999997       -15.903536524183632
  61.937453820000002       -16.044007252870482
  63.852911519999999       -16.142453330229678
  65.807458859999997       -16.225155075470621
  67.801490670000007       -16.342728394158009
  69.835401800000000       -16.336269612685687
  71.909587099999996       -16.333774262218050
  74.024441400000001       -16.306936194226676
  76.180359559999999       -16.276231895005175


# Temperature: 980.000000
# Parameters: -16.365157 0.414743 3.090223 71.174404
  56.421670040000002       -15.495196045086061
  58.222227920000002       -15.734403073462589
  60.060690899999997       -15.925057297311900
  61.937453820000002       -16.066091290547877
  63.852911519999999       -16.165033580854256
  65.807458859999997       -16.248573150345564
  67.801490670000007       -16.367471518341294
  69.835401800000000       -16.361325296105466
  71.909587099999996       -16.359419570654445
  74.024441400000001       -16.333134385329572
  76.180359559999999       -16.303119472341859


# Temperature: 990.000000
# Parameters: -16.390759 0.415018 3.062321 71.228472
  56.421670040000002       -15.515460016543924
  58.222227920000002       -15.755372395229129
  60.060690899999997       -15.946682367058997
  61.937453820000002       -16.088279734705299
  63.852911519999999       -16.187718346783626
  65.807458859999997       -16.272095897025675
  67.801490670000007       -16.392319498813634
  69.835401800000000       -16.386485880380633
  71.909587099999996       -16.385169833840397
  74.024441400000001       -16.359437560201961
  76.180359559999999       -16.330112096670042


# Temperature: 1000.000000
# Parameters: -16.416481 0.415313 3.034379 71.282390
  56.421670040000002       -15.535826908246442
  58.222227920000002       -15.776444823797064
  60.060690899999997       -15.968410706326427
  61.937453820000002       -16.110571555134960
  63.852911519999999       -16.210506590555021
  65.807458859999997       -16.295722274938907
  67.801490670000007       -16.417271289820853
  69.835401800000000       -16.411750317684159
  71.909587099999996       -16.411024002912448
  74.024441400000001       -16.385844668943960
  76.180359559999999       -16.357208714980569


