   0.000000000000000        -0.005005256052252
  10.000000000000000        -0.005005211766097
  20.000000000000000        -0.005004459162599
  30.000000000000000        -0.004999715686802
  40.000000000000000        -0.004983697556167
  50.000000000000000        -0.004949327667795
  60.000000000000000        -0.004892850238131
  70.000000000000000        -0.004813507955203
  80.000000000000000        -0.004712359313619
  90.000000000000000        -0.004591312632110
 100.000000000000000        -0.004452571002203
 110.000000000000000        -0.004298297514287
 120.000000000000000        -0.004130486333069
 130.000000000000000        -0.003950914786966
 140.000000000000000        -0.003761116733393
 150.000000000000000        -0.003562403830578
 160.000000000000000        -0.003355906460581
 170.000000000000000        -0.003142577839759
 180.000000000000000        -0.002923235170266
 190.000000000000000        -0.002698569320401
 200.000000000000000        -0.002469177838562
 210.000000000000000        -0.002235571037014
 220.000000000000000        -0.001998184813761
 230.000000000000000        -0.001757398777417
 240.000000000000000        -0.001513550770650
 250.000000000000000        -0.001266917849054
 260.000000000000000        -0.001017763301368
 270.000000000000000        -0.000766306678176
 280.000000000000000        -0.000512746986490
 290.000000000000000        -0.000257259366523
 300.000000000000000         0.000000000000000
 310.000000000000000         0.000258889431823
 320.000000000000000         0.000519277832420
 330.000000000000000         0.000781052312755
 340.000000000000000         0.001044113873923
 350.000000000000000         0.001308357797138
 360.000000000000000         0.001573698891119
 370.000000000000000         0.001840056682213
 380.000000000000000         0.002107358136736
 390.000000000000000         0.002375529449322
 400.000000000000000         0.002644511570395
 410.000000000000000         0.002914233060823
 420.000000000000000         0.003184650515785
 430.000000000000000         0.003455704261883
 440.000000000000000         0.003727339391771
 450.000000000000000         0.003999514374752
 460.000000000000000         0.004272182176934
 470.000000000000000         0.004545292212301
 480.000000000000000         0.004818814185381
 490.000000000000000         0.005092701862379
 500.000000000000000         0.005366920521067
 510.000000000000000         0.005641425730647
 520.000000000000000         0.005916188978639
 530.000000000000000         0.006191173101730
 540.000000000000000         0.006466345273299
 550.000000000000000         0.006741673086238
 560.000000000000000         0.007017125586442
 570.000000000000000         0.007292670442568
 580.000000000000000         0.007568277268474
 590.000000000000000         0.007843922984298
 600.000000000000000         0.008119571079072
 610.000000000000000         0.008395194832932
 620.000000000000000         0.008670769575670
 630.000000000000000         0.008946270766357
 640.000000000000000         0.009221663405963
 650.000000000000000         0.009496931990512
 660.000000000000000         0.009772040506094
 670.000000000000000         0.010046971119935
 680.000000000000000         0.010321698113145
 690.000000000000000         0.010596193585819
 700.000000000000000         0.010870441411198
 710.000000000000000         0.011144405366689
 720.000000000000000         0.011418074168002
 730.000000000000000         0.011691418914716
 740.000000000000000         0.011964416172735
 750.000000000000000         0.012237047687325
 760.000000000000000         0.012509290093636
 770.000000000000000         0.012781116644617
 780.000000000000000         0.013052511575763
 790.000000000000000         0.013323451670277
 800.000000000000000         0.013593916077332
 810.000000000000000         0.013863885579845
 820.000000000000000         0.014133338239528
 830.000000000000000         0.014402251621532
 840.000000000000000         0.014670609861777
 850.000000000000000         0.014938391930347
 860.000000000000000         0.015205575123625
 870.000000000000000         0.015472145723769
 880.000000000000000         0.015738082251579
 890.000000000000000         0.016003364407999
 900.000000000000000         0.016267979435519
 910.000000000000000         0.016531903975585
 920.000000000000000         0.016795128842377
 930.000000000000000         0.017057611755550
 940.000000000000000         0.017319374841249
 950.000000000000000         0.017580367921427
 960.000000000000000         0.017840581185727
 970.000000000000000         0.018100021602783
 980.000000000000000         0.018358623184330
 990.000000000000000         0.018616425843095
1000.000000000000000         0.018873382180159
