        0.000000000000000        66.387140383867305
       10.000000000000000        66.387149248330289
       20.000000000000000        66.387299892049427
       30.000000000000000        66.388249367816840
       40.000000000000000        66.391455696862195
       50.000000000000000        66.398335822554984
       60.000000000000000        66.409642443294260
       70.000000000000000        66.425528710727079
       80.000000000000000        66.445784818388205
       90.000000000000000        66.470031135703266
      100.000000000000000        66.497829102615938
      110.000000000000000        66.528748097226654
      120.000000000000000        66.562391153548191
      130.000000000000000        66.598404506883554
      140.000000000000000        66.636482920380601
      150.000000000000000        66.676365434150298
      160.000000000000000        66.717827180502567
      170.000000000000000        66.760678592129949
      180.000000000000000        66.804757175784772
      190.000000000000000        66.849925602635437
      200.000000000000000        66.896065106154836
      210.000000000000000        66.943074287550829
      220.000000000000000        66.990866564744465
      230.000000000000000        67.039366548610616
      240.000000000000000        67.088507136826919
      250.000000000000000        67.138233365666864
      260.000000000000000        67.188492949251611
      270.000000000000000        67.239242333903817
      280.000000000000000        67.290442033225489
      290.000000000000000        67.342057308263961
      300.000000000000000        67.394057185890844
      310.000000000000000        67.446413565584407
      320.000000000000000        67.499100433442834
      330.000000000000000        67.552095410456317
      340.000000000000000        67.605378886689039
      350.000000000000000        67.658930052896125
      360.000000000000000        67.712732017580123
      370.000000000000000        67.766768811694192
      380.000000000000000        67.821025943542153
      390.000000000000000        67.875488734334212
      400.000000000000000        67.930145473482455
      410.000000000000000        67.984981906060497
      420.000000000000000        68.039989450929610
      430.000000000000000        68.095156196659630
      440.000000000000000        68.150471177021700
      450.000000000000000        68.205926128317756
      460.000000000000000        68.261511646794489
      470.000000000000000        68.317217583556967
      480.000000000000000        68.373037909624585
      490.000000000000000        68.428963327494571
      500.000000000000000        68.484986871810605
      510.000000000000000        68.541099576831826
      520.000000000000000        68.597295713742270
      530.000000000000000        68.653567770348374
      540.000000000000000        68.709909106115248
      550.000000000000000        68.766313151855769
      560.000000000000000        68.822773621828574
      570.000000000000000        68.879283933924967
      580.000000000000000        68.935837890816131
      590.000000000000000        68.992430782011411
      600.000000000000000        69.049055126855166
      610.000000000000000        69.105705441251303
      620.000000000000000        69.162376650711607
      630.000000000000000        69.219063696261045
      640.000000000000000        69.275759354266441
      650.000000000000000        69.332460402130778
      660.000000000000000        69.389159382101425
      670.000000000000000        69.445852570381803
      680.000000000000000        69.502534607655335
      690.000000000000000        69.559199672714584
      700.000000000000000        69.615844364207405
      710.000000000000000        69.672461119494784
      720.000000000000000        69.729047517630988
      730.000000000000000        69.785597487233233
      740.000000000000000        69.842106075856037
      750.000000000000000        69.898569393623973
      760.000000000000000        69.954982483424203
      770.000000000000000        70.011339676425337
      780.000000000000000        70.067637570836681
      790.000000000000000        70.123871210868330
      800.000000000000000        70.180036122037706
      810.000000000000000        70.236128160342147
      820.000000000000000        70.292142607638070
      830.000000000000000        70.348074633007357
      840.000000000000000        70.403920763647690
      850.000000000000000        70.459676444168906
      860.000000000000000        70.515336761474643
      870.000000000000000        70.570898666255104
      880.000000000000000        70.626357484554859
      890.000000000000000        70.681708779714214
      900.000000000000000        70.736949681410835
      910.000000000000000        70.792075099407612
      920.000000000000000        70.847082896325730
      930.000000000000000        70.901964009952380
      940.000000000000000        70.956722837162317
      950.000000000000000        71.011348647750907
      960.000000000000000        71.065839145979282
      970.000000000000000        71.120195548852081
      980.000000000000000        71.174403779808102
      990.000000000000000        71.228471950788048
     1000.000000000000000        71.282389865881782
