   1  32   1   0  0.1501517E+02  0.1000000E-03
  CAR 
 unknown system                          
   0   0   0
   1   1
 256 256 256
 256
  0.1000000E-09
  0.6250000E-11
   0
  0.5000000E-15  0.7832374E-09  0.7832374E-09  0.7832374E-09
  0.0000000E+00  0.0000000E+00
  0.000
  0.000
  0.000
  0.000
  0.000
  0.000
  0.000
  0.000
  0.000
  0.000
  0.000
  0.000
  0.000
  0.000
  0.000
  0.000
  0.000
  0.000
  0.000
  0.000
  0.000
  0.000
  0.000
  0.000
  0.000
  0.000
  0.000
  0.000
  0.000
  0.000
  0.000
  0.000
  0.000
  0.000
  0.000
  0.000
  0.000
  0.000
  0.000
  0.000
  0.000
  0.000
  0.000
  0.000
 29.657
  0.000
  0.000
  0.000
  0.000
  0.000
  0.000
  0.000
  0.000
  0.000
  0.000
  0.000
  0.000
  0.000
  0.000
  0.000
  0.000
  0.000
  7.517
  0.000
  0.000
  0.000
  0.000
  0.000
  0.000
  0.000
  0.000
  0.000
  0.000
  0.000
  0.000
  0.000
 20.071
  0.000
  0.000
  0.000
  0.000
  0.000
  0.000
  0.000
  0.000
  0.000
  0.000
  0.000
  7.498
  0.000
  0.000
  0.000
  0.000
  0.000
  0.000
  0.000
  0.000
  0.000
  0.126
 11.741
  0.000
  0.000
  0.000
  0.000
  0.000
  0.000
  0.000
  0.000
  3.326
  0.000
  0.000
  0.000
  0.000
  0.000
  0.000
  0.000
  0.000
 17.015
  0.000
  0.000
  0.000
  0.000
  0.000
  0.000
  0.000
  0.000
  0.000
  0.000
  0.000
  0.000
  0.000
  0.000
  9.896
  0.137
  0.000
  0.000
  0.000
  0.000
  0.000
  0.063
  5.888
  0.000
  0.000
  0.000
  0.000
  0.000
  5.302
  0.169
  0.000
  0.000
  0.000
  0.000
  0.000
  4.985
  0.000
  0.000
  0.000
  0.000
  0.000
 13.851
  0.000
  0.000
  0.000
  0.000
  0.000
  0.000
  0.000
  0.000
  0.000
  0.000
  0.000
  7.987
  0.000
  0.000
  0.000
  0.000
  0.000
  0.000
  0.000
  0.000
  0.000
  0.000
  7.053
  0.000
  0.000
  0.000
  0.000
  4.063
  0.112
  0.000
  0.000
  0.000
  0.099
  9.313
  0.000
  0.000
  0.000
  0.031
  2.950
  0.000
  0.000
  0.000
  0.119
  5.555
  0.000
  0.000
  0.000
  2.728
  0.000
  0.000
  0.000
  0.000
  5.202
  0.000
  0.000
  0.000
  0.000
  0.000
  0.000
  0.000
  0.000
  8.379
  0.000
  0.000
  0.000
  2.262
  0.048
  0.000
  0.000
  0.000
  8.843
  0.000
  0.000
  0.000
  4.272
  0.000
  0.000
  0.000
  2.065
  0.000
  0.000
  0.000
  0.000
  0.000
  0.000
  0.000
  7.732
  0.000
  0.000
  0.000
  0.000
  0.000
  0.000
  0.000
  7.254
  0.000
