   1  32   1   0  0.1313628E+02  0.1000000E-03
  CAR 
 unknown system                          
   0   0   0
   1   1
 256 256 256
 256
  0.1000000E-09
  0.6250000E-11
   0
  0.5000000E-15  0.7491017E-09  0.7491017E-09  0.7491017E-09
  0.0000000E+00  0.0000000E+00
  0.000
  0.000
  0.000
  0.000
  0.000
  0.000
  0.000
  0.000
  0.000
  0.000
  0.000
  0.000
  0.000
  0.000
  0.000
  0.000
  0.000
  0.000
  0.000
  0.000
  0.000
  0.000
  0.000
  0.000
  0.000
  0.000
  0.000
  0.000
  0.000
  0.000
  0.000
  0.000
  0.000
  0.000
  0.000
  0.000
  0.000
  0.000
  0.000
  0.000
  0.000
  0.000
 28.445
  0.000
  0.000
  0.000
  0.000
  0.000
  0.000
  0.000
  0.000
  0.000
  0.000
  0.000
  0.000
  0.000
  0.000
  0.000
  0.000
  7.181
  0.073
  0.000
  0.000
  0.000
  0.000
  0.000
  0.000
  0.000
  0.000
  0.000
  0.000
  0.000
  0.000
 19.022
  0.000
  0.000
  0.000
  0.000
  0.000
  0.000
  0.000
  0.000
  0.000
  0.000
  7.196
  0.000
  0.000
  0.000
  0.000
  0.000
  0.000
  0.000
  0.000
  0.000
 11.507
  0.000
  0.000
  0.000
  0.000
  0.000
  0.000
  0.000
  0.000
  3.198
  0.000
  0.000
  0.000
  0.000
  0.000
  0.000
  0.000
  0.172
 16.070
  0.000
  0.000
  0.000
  0.000
  0.000
  0.000
  0.000
  0.000
  0.000
  0.000
  0.000
  0.000
  0.000
  0.067
  9.416
  0.000
  0.000
  0.000
  0.000
  0.000
  0.120
  5.562
  0.000
  0.000
  0.000
  0.000
  0.000
  5.206
  0.000
  0.000
  0.000
  0.000
  0.000
  4.788
  0.000
  0.000
  0.000
  0.000
  0.000
 13.256
  0.000
  0.000
  0.000
  0.000
  0.000
  0.000
  0.000
  0.000
  0.000
  0.000
  0.080
  7.516
  0.000
  0.000
  0.000
  0.000
  0.000
  0.000
  0.000
  0.000
  0.000
  6.749
  0.000
  0.000
  0.000
  0.000
  3.987
  0.000
  0.000
  0.000
  0.000
  9.057
  0.000
  0.000
  0.000
  0.000
  2.862
  0.000
  0.000
  0.000
  0.000
  5.433
  0.000
  0.000
  0.000
  2.608
  0.000
  0.000
  0.000
  0.000
  4.963
  0.000
  0.000
  0.000
  0.000
  0.000
  0.000
  0.000
  8.017
  0.024
  0.000
  0.000
  0.046
  2.147
  0.000
  0.000
  0.000
  8.454
  0.000
  0.000
  0.000
  4.078
  0.000
  0.000
  0.000
  1.968
  0.000
  0.000
  0.000
  0.000
  0.000
  0.000
  7.296
  0.115
  0.000
  0.000
  0.000
  0.000
  0.000
  0.000
  6.933
  0.000
  0.000
  0.035
  3.320
  0.000
  0.000
  3.275
  0.000
  0.000
  0.000
  2.380
  0.000
