   1   2   1   0  0.1746205E+02  0.1000000E-03
  CAR 
 unknown system                          
   0   0   0
   1   1
 256 256 256
 256
  0.1000000E-09
  0.6250000E-11
   0
  0.5000000E-15  0.2940234E-09  0.2940234E-09  0.4649775E-09
  0.0000000E+00  0.0000000E+00
  0.000
  0.000
  0.000
  0.000
  0.000
  0.000
  0.000
  0.000
  0.000
  0.000
  0.000
  0.000
  0.000
  0.000
  0.000
  0.000
  0.000
  0.000
  0.000
  0.000
  0.000
  0.000
  0.000
  0.000
  0.000
  0.000
  0.000
  0.000
  0.000
  0.000
  0.000
  0.000
  0.000
  0.000
  0.000
  0.000
  0.000
  0.000
  0.000
  0.000
  0.000
  0.000
  0.000
  0.000
  0.000
  0.000
 15.793
  0.000
  0.000
  0.000
  0.000
  0.000
  0.000
  0.000
  0.000
  0.000
  0.000
  0.000
  0.000
  0.000
  0.000
  0.000
  0.000
  0.000
  0.000
  2.653
  5.148
  0.000
  0.000
  0.000
  0.000
  0.000
  0.000
  0.000
  0.000
  0.000
  0.000
  0.000
  0.000
  0.000
  3.513
  6.855
  0.000
  0.000
  0.000
  0.000
  0.000
  0.000
  0.000
  0.000
  0.000
  0.000
  0.000
  0.000
  0.000
  0.000
  0.000
  0.000
  0.000
  0.000
  0.000
  0.000
  0.000
  0.000
  2.085
  4.091
  0.000
  0.000
  0.000
  0.000
  0.000
  0.000
  0.000
  0.000
  3.473
  1.707
  0.000
  0.000
  0.000
  0.000
  0.000
  0.000
  0.000
  0.746
  5.875
  0.000
  0.000
  0.000
  0.000
  0.000
  0.000
  0.000
  3.890
  0.000
  0.000
  0.000
  0.000
  0.000
  0.000
  0.000
  0.577
  1.137
  0.000
  0.000
  0.000
  0.000
  0.000
  0.000
  5.162
  1.019
  0.000
  0.000
  0.000
  0.000
  0.000
  3.295
  0.930
  0.000
  0.000
  0.000
  0.000
  0.000
  1.724
  0.852
  0.000
  0.000
  0.000
  0.000
  0.000
  1.585
  0.783
  0.000
  0.000
  0.000
  0.000
  0.370
  0.731
  0.000
  0.000
  0.000
  0.000
  1.382
  2.734
  0.000
  0.000
  0.000
  0.000
  1.619
  1.281
  0.000
  0.000
  0.000
  0.000
  1.824
  1.805
  0.000
  0.000
  0.000
  0.000
  4.004
  1.133
  0.000
  0.000
  0.000
  0.000
  0.000
  0.000
  0.000
  0.000
  0.519
  2.569
  0.000
  0.000
  0.000
  0.000
  1.716
  0.486
  0.000
  0.000
  0.236
  3.044
  0.928
  0.000
  0.000
  0.452
  1.343
  0.888
  0.000
  0.000
  0.000
  0.643
  0.000
  0.000
  0.000
  0.828
  1.642
  0.000
  0.000
  0.000
  2.381
  1.181
  0.000
  0.000
  0.192
  1.143
  0.378
  0.000
  0.000
  1.106
  1.097
  0.000
  0.000
  0.000
  0.000
  0.000
  0.000
