# temperature   10.000000000000000
#    0.000409097155426   -0.115966402931777   12.305722313119860 -579.201639662883053 10201.069165986424196
  62.324676261675947    0.774710200000000
  64.313613969441761    0.975809500000000
  66.344422519635614    1.229310200000000
  68.417538066866115    1.657657400000000
  70.533396765741841    2.228192800000000
  72.692434770871515    3.039881500000000
  74.895088236863714    4.258618600000000
  77.141793318327004    6.233073800000000
  79.432986169870119    9.432482400000000
  81.769102946101640   14.879329400000000
  84.150579801630130   23.994394400000001
  86.577852891064325   35.294165000000000


# temperature   20.000000000000000
#    0.000339734555108   -0.093404556432106    9.652282947984869 -443.713599886665634 7650.001773935247002
  62.324676261675947    6.433858500000000
  64.313613969441761    7.963089600000000
  66.344422519635614    9.906573500000000
  68.417538066866115   12.591181100000000
  70.533396765741841   15.477045600000000
  72.692434770871515   19.324580500000000
  74.895088236863714   24.019232899999999
  77.141793318327004   30.018073699999999
  79.432986169870119   37.157374699999998
  81.769102946101640   45.892716900000003
  84.150579801630130   56.273776900000001
  86.577852891064325   63.137168799999998


# temperature   30.000000000000000
#    0.000213717132350   -0.056626202776921    5.670028114130919 -253.203856532146546 4247.220530695185516
  62.324676261675947   17.695413299999998
  64.313613969441761   20.777631700000001
  66.344422519635614   24.402951200000000
  68.417538066866115   28.878488099999998
  70.533396765741841   33.286050400000001
  72.692434770871515   38.656080600000003
  74.895088236863714   44.549324400000003
  77.141793318327004   51.279790700000000
  79.432986169870119   58.340186899999999
  81.769102946101640   65.952073400000003
  84.150579801630130   73.965374199999999
  86.577852891064325   76.588130399999997


# temperature   40.000000000000000
#    0.000124966222835   -0.031149237078186    2.946514336665663 -124.000243096086663 1951.857554634349071
  62.324676261675947   30.454872399999999
  64.313613969441761   34.433468900000001
  66.344422519635614   38.871368699999998
  68.417538066866115   43.975403900000003
  70.533396765741841   48.741628499999997
  72.692434770871515   54.198592099999999
  74.895088236863714   59.820188100000003
  77.141793318327004   65.805774200000002
  79.432986169870119   71.647315399999997
  81.769102946101640   77.520936399999997
  84.150579801630130   83.317317700000004
  86.577852891064325   83.170682600000006


# temperature   50.000000000000000
#    0.000061047226477   -0.012852258761196    0.990085784225275  -30.865366585351879  289.643291399413272
  62.324676261675947   42.248134200000003
  64.313613969441761   46.511409299999997
  66.344422519635614   51.080095200000002
  68.417538066866115   56.072986100000001
  70.533396765741841   60.558134299999999
  72.692434770871515   65.473244100000002
  74.895088236863714   70.327017299999994
  77.141793318327004   75.263551600000000
  79.432986169870119   79.872515899999996
  81.769102946101640   84.319472500000003
  84.150579801630130   88.548098300000007
  86.577852891064325   86.699254100000005


# temperature   60.000000000000000
#    0.000010372903124    0.001701937365037   -0.574521897068004   44.126682577008204 -1057.007720522462705
  62.324676261675947   52.244492299999997
  64.313613969441761   56.401631799999997
  66.344422519635614   60.720680199999997
  68.417538066866115   65.267109300000001
  70.533396765741841   69.236004100000002
  72.692434770871515   73.453563200000005
  74.895088236863714   77.499905699999999
  77.141793318327004   81.491890999999995
  79.432986169870119   85.115039699999997
  81.769102946101640   88.522114599999995
  84.150579801630130   91.689325499999995
  86.577852891064325   88.767439999999993


# temperature   70.000000000000000
#   -0.000032513455194    0.014070897288396   -1.911025516559930  108.520869722744493 -2217.588403293994361
  62.324676261675947   60.384548299999999
  64.313613969441761   64.239425499999996
  66.344422519635614   68.150221000000002
  68.417538066866115   72.154758799999996
  70.533396765741841   75.577661399999997
  72.692434770871515   79.136431599999995
  74.895088236863714   82.482642600000005
  77.141793318327004   85.716083600000005
  79.432986169870119   88.596047499999997
  81.769102946101640   91.259049599999997
  84.150579801630130   93.698576399999993
  86.577852891064325   90.070853400000004


# temperature   80.000000000000000
#   -0.000070070815472    0.024936784680953   -3.089101987390121  165.447026323570526 -3244.814986758196028
  62.324676261675947   66.904054799999997
  64.313613969441761   70.385389700000005
  66.344422519635614   73.853267900000006
  68.417538066866115   77.332030399999994
  70.533396765741841   80.259314200000006
  72.692434770871515   83.255090300000006
  74.895088236863714   86.031674499999994
  77.141793318327004   88.675803700000003
  79.432986169870119   91.000401100000005
  81.769102946101640   93.125249600000004
  84.150579801630130   95.052534499999993
  86.577852891064325   90.940751500000005


# temperature   90.000000000000000
#   -0.000103572128212    0.034648281003835   -4.144038623964049  216.487533910277136 -4165.578730507291766
  62.324676261675947   72.105865800000004
  64.313613969441761   75.209127199999998
  66.344422519635614   78.257067599999999
  68.417538066866115   81.267497599999999
  70.533396765741841   83.770981100000000
  72.692434770871515   86.303303999999997
  74.895088236863714   88.625716400000002
  77.141793318327004   90.814079300000003
  79.432986169870119   92.720121800000001
  81.769102946101640   94.448169600000000
  84.150579801630130   96.004581299999998
  86.577852891064325   91.548414800000003


# temperature  100.000000000000000
#   -0.000133804233763    0.043421996327516   -5.098012692826669  262.657357103380093 -4997.619066015468889
  62.324676261675947   76.269164099999998
  64.313613969441761   79.020499999999998
  66.344422519635614   81.693189099999998
  68.417538066866115   84.301747000000006
  70.533396765741841   86.451527600000006
  72.692434770871515   88.606992700000006
  74.895088236863714   90.568202799999995
  77.141793318327004   92.401735599999995
  79.432986169870119   93.987768000000003
  81.769102946101640   95.417073200000004
  84.150579801630130   96.697827799999999
  86.577852891064325   91.988826299999999


# temperature  110.000000000000000
#   -0.000161321830497    0.051412670674573   -5.967170077529131  304.713422449836628 -5754.504392557456413
  62.324676261675947   79.623533600000002
  64.313613969441761   82.060331300000001
  66.344422519635614   84.406972800000005
  68.417538066866115   86.676148299999994
  70.533396765741841   88.533137600000003
  72.692434770871515   90.382444100000001
  74.895088236863714   92.054911200000006
  77.141793318327004   93.609162600000005
  79.432986169870119   94.946624200000002
  81.769102946101640   96.146472399999993
  84.150579801630130   97.217481699999993
  86.577852891064325   92.317821100000003


# temperature  120.000000000000000
#   -0.000186546365078    0.058739423889202   -6.764145796913987  343.258785270727401 -6447.215291664680990
  62.324676261675947   82.348794799999993
  64.313613969441761   84.510150400000001
  66.344422519635614   86.577114800000004
  68.417538066866115   88.561214500000006
  70.533396765741841   90.175916099999995
  72.692434770871515   91.775403999999995
  74.895088236863714   93.215102200000004
  77.141793318327004   94.546823799999999
  79.432986169870119   95.688182100000006
  81.769102946101640   96.708531399999998
  84.150579801630130   97.616618599999995
  86.577852891064325   92.569858600000003


# temperature  130.000000000000000
#   -0.000209810608632    0.065497268159547   -7.499135784796264  378.785637695383286 -7084.787236068563288
  62.324676261675947   84.582915799999995
  64.313613969441761   86.505410999999995
  66.344422519635614   88.333627699999994
  68.417538066866115   90.078228300000006
  70.533396765741841   91.491710499999996
  72.692434770871515   92.885950899999997
  74.895088236863714   94.136189099999996
  77.141793318327004   95.288406899999998
  79.432986169870119   96.272784400000006
  81.769102946101640   97.150379200000003
  84.150579801630130   97.929601199999993
  86.577852891064325   92.767095200000000


# temperature  140.000000000000000
#   -0.000231382998493    0.071763397412443   -8.180487889638236  411.699679489520122 -7674.695386720336501
  62.324676261675947   86.431042599999998
  64.313613969441761   88.147189200000000
  66.344422519635614   89.771674899999994
  68.417538066866115   91.314441200000005
  70.533396765741841   92.559880800000002
  72.692434770871515   93.784162400000000
  74.895088236863714   94.878665999999996
  77.141793318327004   95.884375000000006
  79.432986169870119   96.741396300000005
  81.769102946101640   97.503770200000005
  84.150579801630130   98.179427899999993
  86.577852891064325   92.924281500000006


# temperature  150.000000000000000
#   -0.000251483089068    0.077601257068800   -8.815097096770419  442.337275520579794 -8223.144342347062775
  62.324676261675947   87.973356999999993
  64.313613969441761   89.511306200000007
  66.344422519635614   90.961573799999996
  68.417538066866115   92.333456299999995
  70.533396765741841   93.437654199999997
  72.692434770871515   94.520050699999999
  74.895088236863714   95.485309599999994
  77.141793318327004   96.370119000000003
  79.432986169870119   97.122551700000002
  81.769102946101640   97.790691600000002
  84.150579801630130   98.381940400000005
  86.577852891064325   93.051535700000002


# temperature  160.000000000000000
#   -0.000270292248617    0.083063429859948   -9.408695645116048  470.978626258331360 -8735.301201488875449
  62.324676261675947   89.271285599999999
  64.313613969441761   90.655091799999994
  66.344422519635614   91.955855499999998
  68.417538066866115   93.182277400000004
  70.533396765741841   94.166958199999996
  72.692434770871515   95.129954799999993
  74.895088236863714   95.986972699999995
  77.141793318327004   96.770997100000002
  79.432986169870119   97.436583999999996
  81.769102946101640   98.026737900000001
  84.150579801630130   98.548327400000005
  86.577852891064325   93.155980499999998


# temperature  170.000000000000000
#   -0.000287961716287    0.088193859400521   -9.966083123181901  497.858548973159714 -9215.491453534776156
  62.324676261675947   90.372204199999999
  64.313613969441761   91.622294800000006
  66.344422519635614   92.794216599999999
  68.417538066866115   93.896113600000007
  70.533396765741841   94.778979100000001
  72.692434770871515   95.640722499999995
  74.895088236863714   96.406313900000001
  77.141793318327004   97.105533600000001
  79.432986169870119   97.698280900000000
  81.769102946101640   98.223206700000006
  84.150579801630130   98.686667400000005
  86.577852891064325   93.242744900000005


# temperature  180.000000000000000
#   -0.000304618599225    0.093029529998156  -10.491303445340979  523.174924699460576 -9667.354647157631916
  62.324676261675947   91.312938799999998
  64.313613969441761   92.446625499999996
  66.344422519635614   93.506999300000004
  68.417538066866115   94.501682900000006
  70.533396765741841   95.297245500000002
  72.692434770871515   96.072497600000005
  74.895088236863714   96.760249900000005
  77.141793318327004   97.387497499999995
  79.432986169870119   97.918594299999995
  81.769102946101640   98.388438899999997
  84.150579801630130   98.802907899999994
  86.577852891064325   93.315596600000006


# temperature  190.000000000000000
#   -0.000320370528668    0.097601787908855  -10.987786084833495  547.095529477923264 -10093.971339421310404
  62.324676261675947   92.122352000000006
  64.313613969441761   93.154312899999994
  66.344422519635614   94.117653799999999
  68.417538066866115   95.019510499999996
  70.533396765741841   95.739745499999998
  72.692434770871515   96.440609100000003
  74.895088236863714   97.061601300000007
  77.141793318327004   97.627286100000006
  79.432986169870119   98.105768699999999
  81.769102946101640   98.528696800000006
  84.150579801630130   98.901504000000003
  86.577852891064325   93.377352500000001


# temperature  200.000000000000000
#   -0.000335309289756    0.101937379014771  -11.458457862182964  569.763475710338184 -10497.964464804044837
  62.324676261675947   92.823255700000004
  64.313613969441761   93.765960000000007
  66.344422519635614   94.644496500000002
  68.417538066866115   95.465546599999996
  70.533396765741841   96.120401000000001
  72.692434770871515   96.756874999999994
  74.895088236863714   97.320217799999995
  77.141793318327004   97.832862399999996
  79.432986169870119   98.266102500000002
  81.769102946101640   98.648754100000005
  84.150579801630130   98.985845200000000
  86.577852891064325   93.430152500000005


# temperature  210.000000000000000
#   -0.000349513719453    0.106059283372183  -11.905833515749080  591.301645758895575 -10881.582095316305640
  62.324676261675947   93.433828199999994
  64.313613969441761   94.297899799999996
  66.344422519635614   95.101977599999998
  68.417538066866115   95.852320700000007
  70.533396765741841   96.450110600000002
  72.692434770871515   97.030516100000000
  74.895088236863714   97.543762000000001
  77.141793318327004   98.010405399999996
  79.432986169870119   98.404472100000007
  81.769102946101640   98.752299600000001
  84.150579801630130   99.058546300000003
  86.577852891064325   93.475645400000005


# temperature  220.000000000000000
#   -0.000363051946489    0.109987362133703  -12.332086114380992  611.816145931953770 -11246.761910689850993
  62.324676261675947   93.968672100000006
  64.313613969441761   94.763193700000002
  66.344422519635614   95.501605299999994
  68.417538066866115   96.189774499999999
  70.533396765741841   96.737495899999999
  72.692434770871515   97.268806499999997
  74.895088236863714   97.738263599999996
  77.141793318327004   98.164766099999994
  79.432986169870119   98.524698900000004
  81.769102946101640   98.842219499999999
  84.150579801630130   99.121650299999999
  86.577852891064325   93.515117700000005


# temperature  230.000000000000000
#   -0.000375983178920    0.113738876216622  -12.739103761888355  631.399096917072711 -11595.183319675941675
  62.324676261675947   94.439608000000007
  64.313613969441761   95.172373800000003
  66.344422519635614   95.852626200000003
  68.417538066866115   96.485870300000002
  70.533396765741841   96.989444700000007
  72.692434770871515   97.477542799999995
  74.895088236863714   97.908517000000003
  77.141793318327004   98.299794300000002
  79.432986169870119   98.629810899999995
  81.769102946101640   98.920797399999998
  84.150579801630130   99.176771700000003
  86.577852891064325   93.549585300000004


# temperature  240.000000000000000
#   -0.000388359178919    0.117328914727127  -13.128536459900349  650.130937552295222 -11928.310347451846610
  62.324676261675947   94.856274999999997
  64.313613969441761   95.533999699999995
  66.344422519635614   96.162531799999996
  68.417538066866115   96.747040999999996
  70.533396765741841   97.211509500000005
  72.692434770871515   97.661388200000005
  74.895088236863714   98.058371699999995
  77.141793318327004   98.418576099999996
  79.432986169870119   98.722231600000001
  81.769102946101640   98.989859199999998
  84.150579801630130   99.225199799999999
  86.577852891064325   93.579858700000003


# temperature  250.000000000000000
#   -0.000400225455536    0.120770742517993  -13.501834234846738  668.082302879152053 -12247.426606868695671
  62.324676261675947   95.226588300000003
  64.313613969441761   95.855079399999994
  66.344422519635614   96.437438799999995
  68.417538066866115   96.978526700000003
  70.533396765741841   97.408203900000004
  72.692434770871515   97.824126199999995
  74.895088236863714   98.190946299999993
  77.141793318327004   98.523607499999997
  79.432986169870119   98.803918999999993
  81.769102946101640   99.050878200000000
  84.150579801630130   99.267974300000006
  86.577852891064325   93.606591100000003


# temperature  260.000000000000000
#   -0.000411622167359    0.124076062551334  -13.860275848641338  685.315435109295095 -12553.661494634778137
  62.324676261675947   95.557090599999995
  64.313613969441761   96.141390599999994
  66.344422519635614   96.682378400000005
  68.417538066866115   97.184627899999995
  70.533396765741841   97.583226199999999
  72.692434770871515   97.968851900000004
  74.895088236863714   98.308787699999996
  77.141793318327004   98.616924800000007
  79.432986169870119   98.876468700000004
  81.769102946101640   99.105053999999996
  84.150579801630130   99.305940800000002
  86.577852891064325   93.630313299999997


# temperature  270.000000000000000
#   -0.000422584977756    0.127255266308130  -14.204996370888420  701.885543384759785 -12848.015451241963092
  62.324676261675947   95.853224400000002
  64.313613969441761   96.397728499999999
  66.344422519635614   96.901516900000004
  68.417538066866115   97.368899099999993
  70.533396765741841   97.739628499999995
  72.692434770871515   98.098115899999996
  74.895088236863714   98.413992300000004
  77.141793318327004   98.700201800000002
  79.432986169870119   98.941191099999998
  81.769102946101640   99.153370800000005
  84.150579801630130   99.339792799999998
  86.577852891064325   93.651460299999997


# temperature  280.000000000000000
#   -0.000433145619551    0.130317597797075  -14.537005110599551  717.841683710699726 -13131.376239130937392
  62.324676261675947   96.119543300000004
  64.313613969441761   96.628096999999997
  66.344422519635614   97.098326900000004
  68.417538066866115   97.534298100000001
  70.533396765741841   97.879947200000004
  72.692434770871515   98.214034900000001
  74.895088236863714   98.508297900000002
  77.141793318327004   98.774824800000005
  79.432986169870119   98.999170399999997
  81.769102946101640   99.196642600000004
  84.150579801630130   99.370103200000003
  86.577852891064325   93.670391600000002


# temperature  290.000000000000000
#   -0.000443332559809    0.133271348283798  -14.857207035536211  733.227811469545372 -13404.538367573617506
  62.324676261675947   96.359879500000005
  64.313613969441761   96.835859200000002
  66.344422519635614   97.275720199999995
  68.417538066866115   97.683301200000002
  70.533396765741841   98.006303000000003
  72.692434770871515   98.318376900000004
  74.895088236863714   98.593154600000005
  77.141793318327004   98.841949400000004
  79.432986169870119   99.051309700000004
  81.769102946101640   99.235546900000003
  84.150579801630130   99.397348699999995
  86.577852891064325   93.687405799999993


# temperature  300.000000000000000
#   -0.000453171290704    0.136123940906616  -15.166412061058706  748.083240588350236 -13668.211649485823727
  62.324676261675947   96.577474499999994
  64.313613969441761   97.023855600000005
  66.344422519635614   97.436152399999997
  68.417538066866115   97.817993999999999
  70.533396765741841   98.120480299999997
  72.692434770871515   98.412627799999996
  74.895088236863714   98.669779700000007
  77.141793318327004   98.902545099999998
  79.432986169870119   99.098366299999995
  81.769102946101640   99.270651400000006
  84.150579801630130   99.421928699999995
  86.577852891064325   93.702753200000004


# temperature  310.000000000000000
#   -0.000462684834981    0.138882078211030  -15.465351202760656  762.443432203107932 -13923.035635380840176
  62.324676261675947   96.775084399999997
  64.313613969441761   97.194497499999997
  66.344422519635614   97.581705099999994
  68.417538066866115   97.940142300000005
  70.533396765741841   98.223988199999994
  72.692434770871515   98.498043400000000
  74.895088236863714   98.739201300000005
  77.141793318327004   98.957429800000000
  79.432986169870119   99.140978799999999
  81.769102946101640   99.302434500000004
  84.150579801630130   99.444179300000002
  86.577852891064325   93.716644400000007


# temperature  320.000000000000000
#   -0.000471893996022    0.141551815587306  -15.754684695875840  776.340397065923185 -14169.587101284718301
  62.324676261675947   96.955063699999997
  64.313613969441761   97.349842199999998
  66.344422519635614   97.714152299999995
  68.417538066866115   98.051249299999995
  70.533396765741841   98.318110399999995
  72.692434770871515   98.575690499999993
  74.895088236863714   98.802292300000005
  77.141793318327004   99.007297800000003
  79.432986169870119   99.179688600000006
  81.769102946101640   99.331301900000000
  84.150579801630130   99.464385699999994
  86.577852891064325   93.729257799999999


# temperature  330.000000000000000
#   -0.000480817636923    0.144138642269178  -16.035010819435751  789.803124817179651 -14408.387872206509201
  62.324676261675947   97.119432900000007
  64.313613969441761   97.491652900000005
  66.344422519635614   97.835012699999993
  68.417538066866115   98.152600500000005
  70.533396765741841   98.403943900000002
  72.692434770871515   98.646480600000004
  74.895088236863714   98.859797799999996
  77.141793318327004   99.052740999999997
  79.432986169870119   99.214957400000003
  81.769102946101640   99.357599100000002
  84.150579801630130   99.482790499999993
  86.577852891064325   93.740745399999994


# temperature  340.000000000000000
#   -0.000489472953454    0.146647561585822  -16.306874750472865  802.858019649804987 -14639.912845626331546
  62.324676261675947   97.269933399999999
  64.313613969441761   97.621447599999996
  66.344422519635614   97.945592399999995
  68.417538066866115   98.245300599999993
  70.533396765741841   98.482430500000007
  72.692434770871515   98.711195300000000
  74.895088236863714   98.912356399999993
  77.141793318327004   99.094266800000000
  79.432986169870119   99.247180599999993
  81.769102946101640   99.381621999999993
  84.150579801630130   99.499601499999997
  86.577852891064325   93.751237099999997


# temperature  350.000000000000000
#   -0.000497875621012    0.149083133676623  -16.570773234967614  815.529129095750363 -14864.594189582323452
  62.324676261675947   97.408071800000002
  64.313613969441761   97.740538500000000
  66.344422519635614   98.047019399999996
  68.417538066866115   98.330302700000004
  70.533396765741841   98.554382399999994
  72.692434770871515   98.770508500000005
  74.895088236863714   98.960518300000004
  77.141793318327004   99.132312099999993
  79.432986169870119   99.276698499999995
  81.769102946101640   99.403625300000002
  84.150579801630130   99.514997399999999
  86.577852891064325   93.760844800000001


# temperature  360.000000000000000
#   -0.000506039978633    0.151449528950744  -16.827160410821751  827.838426699835281 -15082.826470177864394
  62.324676261675947   97.535157299999995
  64.313613969441761   97.850064599999996
  66.344422519635614   98.140271999999996
  68.417538066866115   98.408433000000002
  70.533396765741841   98.620502999999999
  72.692434770871515   98.825003400000000
  74.895088236863714   99.004759600000000
  77.141793318327004   99.167254499999999
  79.432986169870119   99.303805299999993
  81.769102946101640   99.423828799999995
  84.150579801630130   99.529132500000003
  86.577852891064325   93.769665099999997


# temperature  370.000000000000000
#   -0.000513979186759    0.153750574555758  -17.076452946681705  839.806065527651413 -15294.971327982850198
  62.324676261675947   97.652331099999998
  64.313613969441761   97.951018099999999
  66.344422519635614   98.226201700000004
  68.417538066866115   98.480409899999998
  70.533396765741841   98.681404000000001
  72.692434770871515   98.875186700000000
  74.895088236863714   99.045493699999994
  77.141793318327004   99.199421900000004
  79.432986169870119   99.328756299999995
  81.769102946101640   99.442423599999998
  84.150579801630130   99.542140799999999
  86.577852891064325   93.777781500000003


# temperature  380.000000000000000
#   -0.000521705332680    0.155989784758304  -17.319033327310155  851.450536799715678 -15501.360338068214332
  62.324676261675947   97.760591800000000
  64.313613969441761   98.044266300000004
  66.344422519635614   98.305552500000005
  68.417538066866115   98.546860800000005
  70.533396765741841   98.737618999999995
  72.692434770871515   98.921500499999993
  74.895088236863714   99.083080899999999
  77.141793318327004   99.229100099999997
  79.432986169870119   99.351773800000004
  81.769102946101640   99.459575700000002
  84.150579801630130   99.554138800000004
  86.577852891064325   93.785267099999999


# temperature  390.000000000000000
#   -0.000529229587925    0.158170407539629  -17.555255020616315  862.788924686186647 -15702.299699589373631
  62.324676261675947   97.860816000000000
  64.313613969441761   98.130570300000002
  66.344422519635614   98.378976399999999
  68.417538066866115   98.608335400000001
  70.533396765741841   98.789615200000000
  72.692434770871515   98.964331700000002
  74.895088236863714   99.117836600000004
  77.141793318327004   99.256539200000006
  79.432986169870119   99.373052400000006
  81.769102946101640   99.475430500000002
  84.150579801630130   99.565228500000003
  86.577852891064325   93.792185399999994


# temperature  400.000000000000000
#   -0.000536562223545    0.160295428039141  -17.785442753490720  873.836915732391958 -15898.070331390719730
  62.324676261675947   97.953775800000003
  64.313613969441761   98.210599700000003
  66.344422519635614   98.447047299999994
  68.417538066866115   98.665316799999999
  70.533396765741841   98.837803500000007
  72.692434770871515   99.004020100000005
  74.895088236863714   99.150037800000007
  77.141793318327004   99.281958299999999
  79.432986169870119   99.392762599999998
  81.769102946101640   99.490115399999993
  84.150579801630130   99.575499100000002
  86.577852891064325   93.798592499999998


# temperature  410.000000000000000
#   -0.000543712783784    0.162367620182002  -18.009898256955754  884.609082829915224 -16088.933112909351621
  62.324676261675947   98.040153200000006
  64.313613969441761   98.284945800000003
  66.344422519635614   98.510271099999997
  68.417538066866115   98.718231200000005
  70.533396765741841   98.882545800000003
  72.692434770871515   99.040865199999999
  74.895088236863714   99.179928300000000
  77.141793318327004   99.305550900000000
  79.432986169870119   99.411054800000002
  81.769102946101640   99.503742799999998
  84.150579801630130   99.585029399999996
  86.577852891064325   93.804537400000001


# temperature  420.000000000000000
#   -0.000550690088134    0.164389546748066  -18.228900222801652  895.118881234314699 -16275.128770934812565
  62.324676261675947   98.120552300000000
  64.313613969441761   98.354132199999995
  66.344422519635614   98.569095899999994
  68.417538066866115   98.767455400000003
  70.533396765741841   98.924162300000006
  72.692434770871515   99.075131799999994
  74.895088236863714   99.207723700000003
  77.141793318327004   99.327487599999998
  79.432986169870119   99.428061700000001
  81.769102946101640   99.516411700000006
  84.150579801630130   99.593888800000002
  86.577852891064325   93.810063400000004


# temperature  430.000000000000000
#   -0.000557502359126    0.166363596861176  -18.442708418157363  905.378849053009390 -16456.881524178850668
  62.324676261675947   98.195509900000005
  64.313613969441761   98.418623499999995
  66.344422519635614   98.623919200000003
  68.417538066866115   98.813323999999994
  70.533396765741841   98.962936799999994
  72.692434770871515   99.107054399999996
  74.895088236863714   99.233615099999994
  77.141793318327004   99.347919599999997
  79.432986169870119   99.443900700000000
  81.769102946101640   99.528209899999993
  84.150579801630130   99.602138699999998
  86.577852891064325   93.815209199999998


# temperature  440.000000000000000
#   -0.000564157229856    0.168291987991496  -18.651563892297180  915.400617316191756 -16634.399263959254313
  62.324676261675947   98.265504100000001
  64.313613969441761   98.478833699999996
  66.344422519635614   98.675094599999994
  68.417538066866115   98.856134299999994
  70.533396765741841   98.999121700000003
  72.692434770871515   99.136841599999997
  74.895088236863714   99.257772099999997
  77.141793318327004   99.366981199999998
  79.432986169870119   99.458676400000002
  81.769102946101640   99.539215200000001
  84.150579801630130   99.609833899999998
  86.577852891064325   93.820008599999994


# temperature  450.000000000000000
#   -0.000570661817492    0.170176787459246  -18.855691328507724  925.195024133884203 -16807.875616931221884
  62.324676261675947   98.330961700000003
  64.313613969441761   98.535132099999998
  66.344422519635614   98.722937900000005
  68.417538066866115   98.896151500000002
  70.533396765741841   99.032942100000000
  72.692434770871515   99.164679599999999
  74.895088236863714   99.280346100000003
  77.141793318327004   99.384792200000007
  79.432986169870119   99.472481700000003
  81.769102946101640   99.549497200000005
  84.150579801630130   99.617022899999995
  86.577852891064325   93.824492199999995


# temperature  460.000000000000000
#   -0.000577022768514    0.172019925760346  -19.055300519512564  934.772187579795855 -16977.491288163964782
  62.324676261675947   98.392264999999995
  64.313613969441761   98.587849300000002
  66.344422519635614   98.767731299999994
  68.417538066866115   98.933612999999994
  70.533396765741841   99.064599200000004
  72.692434770871515   99.190734300000003
  74.895088236863714   99.301472200000006
  77.141793318327004   99.401459599999995
  79.432986169870119   99.485399700000002
  81.769102946101640   99.559117799999996
  84.150579801630130   99.623749099999998
  86.577852891064325   93.828686899999994


# temperature  470.000000000000000
#   -0.000583246301900    0.173823209111630  -19.250587729526700  944.141571323723952 -17143.415235565724288
  62.324676261675947   98.449756899999997
  64.313613969441761   98.637281599999994
  66.344422519635614   98.809728000000007
  68.417538066866115   98.968731199999993
  70.533396765741841   99.094273299999998
  72.692434770871515   99.215154600000005
  74.895088236863714   99.321271600000003
  77.141793318327004   99.417079000000001
  79.432986169870119   99.497504699999993
  81.769102946101640   99.568132500000004
  84.150579801630130   99.630051499999993
  86.577852891064325   93.832617200000001


# temperature  480.000000000000000
#   -0.000589338226548    0.175588324182729  -19.441736175922038  953.312006532096575 -17305.805036331974406
  62.324676261675947   98.503745800000004
  64.313613969441761   98.683695599999993
  66.344422519635614   98.849155300000007
  68.417538066866115   99.001697199999995
  70.533396765741841   99.122126399999999
  72.692434770871515   99.238074400000002
  74.895088236863714   99.339852800000003
  77.141793318327004   99.431736500000000
  79.432986169870119   99.508863700000006
  81.769102946101640   99.576591100000002
  84.150579801630130   99.635964799999996
  86.577852891064325   93.836304799999994


# temperature  490.000000000000000
#   -0.000595304009838    0.177316858509535  -19.628918302497112  962.291804181619909 -17464.808955988675734
  62.324676261675947   98.554509600000003
  64.313613969441761   98.727331399999997
  66.344422519635614   98.886218299999996
  68.417538066866115   99.032683000000006
  70.533396765741841   99.148304100000004
  72.692434770871515   99.259613799999997
  74.895088236863714   99.357313700000006
  77.141793318327004   99.445509299999998
  79.432986169870119   99.519536400000007
  81.769102946101640   99.584538400000000
  84.150579801630130   99.641520400000005
  86.577852891064325   93.839769200000006


# temperature  500.000000000000000
#   -0.000601148779157    0.179010300882447  -19.812295817594517  971.088756840513838 -17620.565973665066849
  62.324676261675947   98.602299299999999
  64.313613969441761   98.768405700000002
  66.344422519635614   98.921101699999994
  68.417538066866115   99.061843699999997
  70.533396765741841   99.172937899999994
  72.692434770871515   99.279881300000000
  74.895088236863714   99.373742399999998
  77.141793318327004   99.458467200000001
  79.432986169870119   99.529577200000006
  81.769102946101640   99.592014800000001
  84.150579801630130   99.646746600000000
  86.577852891064325   93.843028000000004


# temperature  510.000000000000000
#   -0.000606877341237    0.180670046561227  -19.992020219506824  979.710162227931733 -17773.206173214937735
  62.324676261675947   98.647341999999995
  64.313613969441761   98.807114700000000
  66.344422519635614   98.953972699999994
  68.417538066866115   99.089319700000004
  70.533396765741841   99.196146799999994
  72.692434770871515   99.298974999999999
  74.895088236863714   99.389218700000001
  77.141793318327004   99.470673199999993
  79.432986169870119   99.539034900000004
  81.769102946101640   99.599056700000006
  84.150579801630130   99.651668999999998
  86.577852891064325   93.846097299999997


# temperature  520.000000000000000
#   -0.000612494242435    0.182297415423382  -20.168234836446089  988.162924698175402 -17922.852621664722392
  62.324676261675947   98.689843699999997
  64.313613969441761   98.843636000000004
  66.344422519635614   98.984983000000000
  68.417538066866115   99.115237899999997
  70.533396765741841   99.218038300000003
  72.692434770871515   99.316983800000003
  74.895088236863714   99.403814699999998
  77.141793318327004   99.482184300000000
  79.432986169870119   99.547953699999994
  81.769102946101640   99.605697100000000
  84.150579801630130   99.656310500000004
  86.577852891064325   93.848991499999997


# temperature  530.000000000000000
#   -0.000618003759616    0.183893648852398  -20.341074439575689  996.453534416071761 -18069.620952348839637
  62.324676261675947   98.729991299999995
  64.313613969441761   98.878130900000002
  66.344422519635614   99.014269999999996
  68.417538066866115   99.139713799999996
  70.533396765741841   99.238710100000006
  72.692434770871515   99.333988099999999
  74.895088236863714   99.417595800000001
  77.141793318327004   99.493052199999994
  79.432986169870119   99.556373899999997
  81.769102946101640   99.611965999999995
  84.150579801630130   99.660692200000000
  86.577852891064325   93.851723600000000


# temperature  540.000000000000000
#   -0.000623409912844    0.185459913536400  -20.510665670875696 1004.588088846767164 -18213.619765070983703
  62.324676261675947   98.767955200000003
  64.313613969441761   98.910746399999994
  66.344422519635614   99.041958800000003
  68.417538066866115   99.162852200000003
  70.533396765741841   99.258251200000004
  72.692434770871515   99.350061299999993
  74.895088236863714   99.430621500000001
  77.141793318327004   99.503323899999998
  79.432986169870119   99.564331800000005
  81.769102946101640   99.617890599999996
  84.150579801630130   99.664833200000004
  86.577852891064325   93.854305400000001


# temperature  550.000000000000000
#   -0.000628716533969    0.186997321776192  -20.677129289725872 1012.572402867106689 -18354.952638836042752
  62.324676261675947   98.803890300000006
  64.313613969441761   98.941616199999999
  66.344422519635614   99.068163299999995
  68.417538066866115   99.184748600000006
  70.533396765741841   99.276742200000001
  72.692434770871515   99.365269900000001
  74.895088236863714   99.442946000000006
  77.141793318327004   99.513042200000001
  79.432986169870119   99.571860700000002
  81.769102946101640   99.623495599999998
  84.150579801630130   99.668750599999996
  86.577852891064325   93.856747900000002


# temperature  560.000000000000000
#   -0.000633927208338    0.188506913808701  -20.840578172678228 1020.411908693685064 -18493.716259490891389
  62.324676261675947   98.837938300000005
  64.313613969441761   98.970862400000001
  66.344422519635614   99.092987699999995
  68.417538066866115   99.205490299999994
  70.533396765741841   99.294257200000004
  72.692434770871515   99.379674899999998
  74.895088236863714   99.454618800000006
  77.141793318327004   99.522246100000004
  79.432986169870119   99.578990899999994
  81.769102946101640   99.628803599999998
  84.150579801630130   99.672460400000006
  86.577852891064325   93.859060799999995


# temperature  570.000000000000000
#   -0.000639045352957    0.189989681274255  -21.001119946810309 1028.111786780720649 -18630.002847113137250
  62.324676261675947   98.870228800000007
  64.313613969441761   98.998596599999999
  66.344422519635614   99.116527000000005
  68.417538066866115   99.225156999999996
  70.533396765741841   99.310863299999994
  72.692434770871515   99.393331900000007
  74.895088236863714   99.465684800000005
  77.141793318327004   99.530971300000004
  79.432986169870119   99.585749899999996
  81.769102946101640   99.633835199999993
  84.150579801630130   99.675976899999995
  86.577852891064325   93.861253199999993


# temperature  580.000000000000000
#   -0.000644074212222    0.191446565679287  -21.158856790213839 1035.676954683568283 -18763.899925203295425
  62.324676261675947   98.900880400000005
  64.313613969441761   99.024921199999994
  66.344422519635614   99.138868200000005
  68.417538066866115   99.243821400000002
  70.533396765741841   99.326622499999999
  72.692434770871515   99.406291600000003
  74.895088236863714   99.476185400000006
  77.141793318327004   99.539250400000000
  79.432986169870119   99.592163200000002
  81.769102946101640   99.638609200000005
  84.150579801630130   99.679313300000004
  86.577852891064325   93.863333200000000


# temperature  590.000000000000000
#   -0.000649016835147    0.192878451596589  -21.313884675117166 1043.112029858244341 -18895.489635662888759
  62.324676261675947   98.930001799999999
  64.313613969441761   99.049929700000007
  66.344422519635614   99.160091100000002
  68.417538066866115   99.261550600000007
  70.533396765741841   99.341591199999996
  72.692434770871515   99.418600699999999
  74.895088236863714   99.486158399999994
  77.141793318327004   99.547113300000007
  79.432986169870119   99.598253799999995
  81.769102946101640   99.643142999999995
  84.150579801630130   99.682481699999997
  86.577852891064325   93.865308499999998


# temperature  600.000000000000000
#   -0.000653876131882    0.194286183221017  -21.466295179978399 1050.421417514537097 -19024.850327604155609
  62.324676261675947   98.957693000000006
  64.313613969441761   99.073708400000001
  66.344422519635614   99.180268999999996
  68.417538066866115   99.278405800000002
  70.533396765741841   99.355821399999996
  72.692434770871515   99.430301999999998
  74.895088236863714   99.495638700000001
  77.141793318327004   99.554587299999994
  79.432986169870119   99.604043099999998
  81.769102946101640   99.647452299999998
  84.150579801630130   99.685493199999996
  86.577852891064325   93.867186000000004


# temperature  610.000000000000000
#   -0.000658654887634    0.195670568845676  -21.616176023506519 1057.609338673260481 -19152.057102308976027
  62.324676261675947   98.984045899999998
  64.313613969441761   99.096336399999998
  66.344422519635614   99.199469300000004
  68.417538066866115   99.294443400000006
  70.533396765741841   99.369360799999995
  72.692434770871515   99.441434799999996
  74.895088236863714   99.504658000000006
  77.141793318327004   99.561697699999996
  79.432986169870119   99.609550600000006
  81.769102946101640   99.651551799999993
  84.150579801630130   99.688357999999994
  86.577852891064325   93.868971900000005


# temperature  620.000000000000000
#   -0.000663355704255    0.197032363037584  -21.763609037411964 1064.679728305305389 -19277.179902349605982
  62.324676261675947   99.009145200000006
  64.313613969441761   99.117886600000006
  66.344422519635614   99.217753999999999
  68.417538066866115   99.309715600000004
  70.533396765741841   99.382253399999996
  72.692434770871515   99.452035300000006
  74.895088236863714   99.513245699999999
  77.141793318327004   99.568467799999993
  79.432986169870119   99.614794300000000
  81.769102946101640   99.655454899999995
  84.150579801630130   99.691085400000006
  86.577852891064325   93.870672200000001


# temperature  630.000000000000000
#   -0.000667981121576    0.198372302808558  -21.908674192148460 1071.636433621195920 -19400.287156164045882
  62.324676261675947   99.033069100000006
  64.313613969441761   99.138426300000006
  66.344422519635614   99.235180299999996
  68.417538066866115   99.324270100000007
  70.533396765741841   99.394539699999996
  72.692434770871515   99.462136900000004
  74.895088236863714   99.521429100000006
  77.141793318327004   99.574918699999998
  79.432986169870119   99.619790800000004
  81.769102946101640   99.659173800000005
  84.150579801630130   99.693684200000007
  86.577852891064325   93.872292299999998


# temperature  640.000000000000000
#   -0.000672533487592    0.199691068945341  -22.051445298309389 1078.483002740950951 -19521.441898874902108
  62.324676261675947   99.055889600000000
  64.313613969441761   99.158017599999994
  66.344422519635614   99.251801200000003
  68.417538066866115   99.338151100000005
  70.533396765741841   99.406256999999997
  72.692434770871515   99.471770399999997
  74.895088236863714   99.529232899999997
  77.141793318327004   99.581070400000002
  79.432986169870119   99.624555299999997
  81.769102946101640   99.662719999999993
  84.150579801630130   99.696162200000003
  86.577852891064325   93.873837100000003


# temperature  650.000000000000000
#   -0.000677015096498    0.200989327170821  -22.191994588353460 1085.222910316310617 -19640.705916820177663
  62.324676261675947   99.077673399999995
  64.313613969441761   99.176717900000000
  66.344422519635614   99.267665300000004
  68.417538066866115   99.351399599999993
  70.533396765741841   99.417439999999999
  72.692434770871515   99.480964200000003
  74.895088236863714   99.536680399999995
  77.141793318327004   99.586940900000002
  79.432986169870119   99.629102000000003
  81.769102946101640   99.666104000000004
  84.150579801630130   99.698526900000005
  86.577852891064325   93.875311100000005


# temperature  660.000000000000000
#   -0.000681428107443    0.202267703502640  -22.330389928271320 1091.859418050447857 -19758.137143692896643
  62.324676261675947   99.098482300000001
  64.313613969441761   99.194580400000007
  66.344422519635614   99.282817899999998
  68.417538066866115   99.364053299999995
  70.533396765741841   99.428120500000006
  72.692434770871515   99.489744799999997
  74.895088236863714   99.543792800000006
  77.141793318327004   99.592547300000007
  79.432986169870119   99.633443999999997
  81.769102946101640   99.669335599999997
  84.150579801630130   99.700784999999996
  86.577852891064325   93.876718699999998


# temperature  670.000000000000000
#   -0.000685774601188    0.203526801609522  -22.466696803141190 1098.395675208489365 -19873.791557328248018
  62.324676261675947   99.118373399999996
  64.313613969441761   99.211654100000004
  66.344422519635614   99.297300800000002
  68.417538066866115   99.376147300000000
  70.533396765741841   99.438328299999995
  72.692434770871515   99.498136299999999
  74.895088236863714   99.550590000000000
  77.141793318327004   99.597904999999997
  79.432986169870119   99.637593300000006
  81.769102946101640   99.672423800000004
  84.150579801630130   99.702942800000002
  86.577852891064325   93.878063900000001


# temperature  680.000000000000000
#   -0.000690056539553    0.204767190440724  -22.600976907100875 1104.834647463370857 -19987.721837211531238
  62.324676261675947   99.137399900000005
  64.313613969441761   99.227985000000004
  66.344422519635614   99.311152899999996
  68.417538066866115   99.387714099999997
  70.533396765741841   99.448090800000003
  72.692434770871515   99.506161599999999
  74.895088236863714   99.557090299999999
  77.141793318327004   99.603028600000002
  79.432986169870119   99.641561199999998
  81.769102946101640   99.675376900000003
  84.150579801630130   99.705006299999994
  86.577852891064325   93.879350099999996


# temperature  690.000000000000000
#   -0.000694275827878    0.205989422493216  -22.733290139459090 1111.179213509822830 -20099.979110736934672
  62.324676261675947   99.155610999999993
  64.313613969441761   99.243615300000002
  66.344422519635614   99.324410200000003
  68.417538066866115   99.398783800000004
  70.533396765741841   99.457433499999993
  72.692434770871515   99.513841600000006
  74.895088236863714   99.563310799999996
  77.141793318327004   99.607931500000007
  79.432986169870119   99.645358200000004
  81.769102946101640   99.678202700000000
  84.150579801630130   99.706980700000003
  86.577852891064325   93.880580899999998


# temperature  700.000000000000000
#   -0.000698434262806    0.207194018738550  -22.863692981917595 1117.432087832668003 -20210.611580280728958
  62.324676261675947   99.173052700000000
  64.313613969441761   99.258584499999998
  66.344422519635614   99.337106300000002
  68.417538066866115   99.409384500000002
  70.533396765741841   99.466380099999995
  72.692434770871515   99.521195700000007
  74.895088236863714   99.569267199999999
  77.141793318327004   99.612626100000000
  79.432986169870119   99.648993800000000
  81.769102946101640   99.680908400000007
  84.150579801630130   99.708871200000004
  86.577852891064325   93.881759299999999


# temperature  710.000000000000000
#   -0.000702533592180    0.208381486272737  -22.992240441526992 1123.595915420302617 -20319.666247163440858
  62.324676261675947   99.189767599999996
  64.313613969441761   99.272929300000001
  66.344422519635614   99.349272400000004
  68.417538066866115   99.419542300000003
  70.533396765741841   99.474952599999995
  72.692434770871515   99.528242199999994
  74.895088236863714   99.574974299999994
  77.141793318327004   99.617124200000006
  79.432986169870119   99.652477099999999
  81.769102946101640   99.683500699999996
  84.150579801630130   99.710682500000004
  86.577852891064325   93.882888300000005


# temperature  720.000000000000000
#   -0.000706575459379    0.209552301339142  -23.118984116539764 1129.673174232589190 -20427.187073703098577
  62.324676261675947   99.205795400000000
  64.313613969441761   99.286683999999994
  66.344422519635614   99.360937500000006
  68.417538066866115   99.429281500000002
  70.533396765741841   99.483171700000000
  72.692434770871515   99.534998000000002
  74.895088236863714   99.580445800000007
  77.141793318327004   99.621436500000002
  79.432986169870119   99.655816500000000
  81.769102946101640   99.685985900000006
  84.150579801630130   99.712418900000003
  86.577852891064325   93.883970700000006


# temperature  730.000000000000000
#   -0.000710561467750    0.210706929121120  -23.243974466428007 1135.666290375207382 -20533.217162749362615
  62.324676261675947   99.221173300000004
  64.313613969441761   99.299880299999998
  66.344422519635614   99.372128700000005
  68.417538066866115   99.438624799999999
  70.533396765741841   99.491056400000005
  72.692434770871515   99.541478799999993
  74.895088236863714   99.585694500000002
  77.141793318327004   99.625573200000005
  79.432986169870119   99.659019799999996
  81.769102946101640   99.688369800000004
  84.150579801630130   99.714084499999998
  86.577852891064325   93.885008900000003


# temperature  740.000000000000000
#   -0.000714493125319    0.211845806711048  -23.367258855581763 1141.577538815317212 -20637.796878396264219
  62.324676261675947   99.235935799999993
  64.313613969441761   99.312548199999995
  66.344422519635614   99.382871300000005
  68.417538066866115   99.447593299999994
  70.533396765741841   99.498624699999993
  72.692434770871515   99.547699300000005
  74.895088236863714   99.590732399999993
  77.141793318327004   99.629543499999997
  79.432986169870119   99.662094400000001
  81.769102946101640   99.690657700000003
  84.150579801630130   99.715682999999999
  86.577852891064325   93.886005299999994


# temperature  750.000000000000000
#   -0.000718371897081    0.212969358926705  -23.488883340086918 1147.409132718454430 -20740.965512727638270
  62.324676261675947   99.250115300000004
  64.313613969441761   99.324715299999994
  66.344422519635614   99.393189000000007
  68.417538066866115   99.456206699999996
  70.533396765741841   99.505893200000003
  72.692434770871515   99.553673399999994
  74.895088236863714   99.595570499999994
  77.141793318327004   99.633356399999997
  79.432986169870119   99.665046899999993
  81.769102946101640   99.692854900000000
  84.150579801630130   99.717218099999997
  86.577852891064325   93.886962100000005


# temperature  760.000000000000000
#   -0.000722199210766    0.214077999831473  -23.608892811436714 1153.163229095257748 -20842.761358772120730
  62.324676261675947   99.263742100000002
  64.313613969441761   99.336407699999995
  66.344422519635614   99.403103900000005
  68.417538066866115   99.464483700000002
  70.533396765741841   99.512877500000002
  72.692434770871515   99.559413699999993
  74.895088236863714   99.600219199999998
  77.141793318327004   99.637020000000007
  79.432986169870119   99.667883799999998
  81.769102946101640   99.694965999999994
  84.150579801630130   99.718693099999996
  86.577852891064325   93.887881500000006


# temperature  770.000000000000000
#   -0.000725976388955    0.215172112769897  -23.727328810563801 1158.841823229947522 -20943.219813009749487
  62.324676261675947   99.276844499999996
  64.313613969441761   99.347649799999999
  66.344422519635614   99.412636500000005
  68.417538066866115   99.472441399999994
  70.533396765741841   99.519592399999993
  72.692434770871515   99.564932499999998
  74.895088236863714   99.604688400000001
  77.141793318327004   99.640541999999996
  79.432986169870119   99.670610999999994
  81.769102946101640   99.696995500000000
  84.150579801630130   99.720111000000003
  86.577852891064325   93.888765199999995


# temperature  780.000000000000000
#   -0.000729704742065    0.216252077654841  -23.844232513056944 1164.446892951716563 -21042.375972485351667
  62.324676261675947   99.289448899999996
  64.313613969441761   99.358464400000003
  66.344422519635614   99.421806399999994
  68.417538066866115   99.480096000000003
  70.533396765741841   99.526051300000006
  72.692434770871515   99.570240799999993
  74.895088236863714   99.608987200000001
  77.141793318327004   99.643929700000001
  79.432986169870119   99.673234100000002
  81.769102946101640   99.698947399999994
  84.150579801630130   99.721474700000002
  86.577852891064325   93.889615300000003


# temperature  790.000000000000000
#   -0.000733385512938    0.217318254911928  -23.959642994737834 1169.980315860457949 -21140.263162061404728
  62.324676261675947   99.301580400000006
  64.313613969441761   99.368872800000005
  66.344422519635614   99.430631700000006
  68.417538066866115   99.487462699999995
  70.533396765741841   99.532267300000001
  72.692434770871515   99.575349299999999
  74.895088236863714   99.613123999999999
  77.141793318327004   99.647189699999998
  79.432986169870119   99.675758400000007
  81.769102946101640   99.700825800000004
  84.150579801630130   99.722787100000005
  86.577852891064325   93.890433200000004


# temperature  800.000000000000000
#   -0.000737019898535    0.218370991440523  -24.073597839597294 1175.443896574689006 -21236.913385650197597
  62.324676261675947   99.313262199999997
  64.313613969441761   99.378895099999994
  66.344422519635614   99.439129300000005
  68.417538066866115   99.494555899999995
  70.533396765741841   99.538252200000002
  72.692434770871515   99.580267899999996
  74.895088236863714   99.617107000000004
  77.141793318327004   99.650328400000006
  79.432986169870119   99.678188700000007
  81.769102946101640   99.702634300000000
  84.150579801630130   99.724050500000004
  86.577852891064325   93.891220700000005


# temperature  810.000000000000000
#   -0.000740609070461    0.219410627090951  -24.186133900819360 1180.839406203078170 -21332.358088409113407
  62.324676261675947   99.324516299999999
  64.313613969441761   99.388550199999997
  66.344422519635614   99.447315399999994
  68.417538066866115   99.501388800000001
  70.533396765741841   99.544017499999995
  72.692434770871515   99.585005800000005
  74.895088236863714   99.620943600000004
  77.141793318327004   99.653351799999996
  79.432986169870119   99.680529699999994
  81.769102946101640   99.704376300000007
  84.150579801630130   99.725267500000001
  86.577852891064325   93.891979199999994


# temperature  820.000000000000000
#   -0.000744154117484    0.220437477225139  -24.297285325505573 1186.168483351449822 -21426.626303669567278
  62.324676261675947   99.335363200000003
  64.313613969441761   99.397855699999994
  66.344422519635614   99.455204899999998
  68.417538066866115   99.507974000000004
  70.533396765741841   99.549573600000002
  72.692434770871515   99.589571899999996
  74.895088236863714   99.624640999999997
  77.141793318327004   99.656265300000001
  79.432986169870119   99.682785600000003
  81.769102946101640   99.706054899999998
  84.150579801630130   99.726440299999993
  86.577852891064325   93.892710199999996


# temperature  830.000000000000000
#   -0.000747656134107    0.221451859286364  -24.407086531378894 1191.432781735880326 -21519.747386250364798
  62.324676261675947   99.345822400000003
  64.313613969441761   99.406828399999995
  66.344422519635614   99.462812000000000
  68.417538066866115   99.514323300000001
  70.533396765741841   99.554930700000000
  72.692434770871515   99.593974200000005
  74.895088236863714   99.628205800000003
  77.141793318327004   99.659074399999994
  79.432986169870119   99.684960599999997
  81.769102946101640   99.707673400000004
  84.150579801630130   99.727570999999998
  86.577852891064325   93.893414899999996


# temperature  840.000000000000000
#   -0.000751116134124    0.222454067173843  -24.515569369259076 1196.633831077813738 -21611.748464209078520
  62.324676261675947   99.355912000000004
  64.313613969441761   99.415483800000004
  66.344422519635614   99.470149899999996
  68.417538066866115   99.520447899999994
  70.533396765741841   99.560098100000005
  72.692434770871515   99.598220600000005
  74.895088236863714   99.631644199999997
  77.141793318327004   99.661783799999995
  79.432986169870119   99.687058500000006
  81.769102946101640   99.709234400000000
  84.150579801630130   99.728661500000001
  86.577852891064325   93.894094600000003


# temperature  850.000000000000000
#   -0.000754535132365    0.223444395089060  -24.622765721605109 1201.773162492185747 -21702.656699239909358
  62.324676261675947   99.365649300000001
  64.313613969441761   99.423836699999995
  66.344422519635614   99.477231300000000
  68.417538066866115   99.526358200000004
  70.533396765741841   99.565084600000006
  72.692434770871515   99.602318299999993
  74.895088236863714   99.634962200000004
  77.141793318327004   99.664398399999996
  79.432986169870119   99.689082799999994
  81.769102946101640   99.710740599999994
  84.150579801630130   99.729713799999999
  86.577852891064325   93.894750500000001


# temperature  860.000000000000000
#   -0.000757914080652    0.224423118802265  -24.728705454654371 1206.852209307299745 -21792.497490205845679
  62.324676261675947   99.375050500000000
  64.313613969441761   99.431901199999999
  66.344422519635614   99.484067999999994
  68.417538066866115   99.532064099999999
  70.533396765741841   99.569898600000002
  72.692434770871515   99.606274200000001
  74.895088236863714   99.638165299999997
  77.141793318327004   99.666922299999996
  79.432986169870119   99.691036999999994
  81.769102946101640   99.712194699999998
  84.150579801630130   99.730729600000004
  86.577852891064325   93.895383600000002


# temperature  870.000000000000000
#   -0.000761253893460    0.225390503346563  -24.833417283322081 1211.872350279920056 -21881.295282312999916
  62.324676261675947   99.384130799999994
  64.313613969441761   99.439690200000001
  66.344422519635614   99.490671000000006
  68.417538066866115   99.537575000000004
  70.533396765741841   99.574547899999999
  72.692434770871515   99.610094700000005
  74.895088236863714   99.641258800000003
  77.141793318327004   99.669359900000003
  79.432986169870119   99.692924199999993
  81.769102946101640   99.713599000000002
  84.150579801630130   99.731710699999994
  86.577852891064325   93.895994999999999


# temperature  880.000000000000000
#   -0.000764555495443    0.226346817071899  -24.936930318712470 1216.834984763664352 -21969.074925294360582
  62.324676261675947   99.392904700000003
  64.313613969441761   99.447216200000000
  66.344422519635614   99.497050900000005
  68.417538066866115   99.542899599999998
  70.533396765741841   99.579040000000006
  72.692434770871515   99.613785899999996
  74.895088236863714   99.644247600000000
  77.141793318327004   99.671714899999998
  79.432986169870119   99.694747599999999
  81.769102946101640   99.714955700000004
  84.150579801630130   99.732658499999999
  86.577852891064325   93.896585799999997


# temperature  890.000000000000000
#   -0.000767819721839    0.227292301639971  -25.039270697332583 1221.741365393415435 -22055.858577186747425
  62.324676261675947   99.401385800000000
  64.313613969441761   99.454490800000002
  66.344422519635614   99.503217699999993
  68.417538066866115   99.548046099999993
  70.533396765741841   99.583381900000006
  72.692434770871515   99.617353699999995
  74.895088236863714   99.647136300000000
  77.141793318327004   99.673991099999995
  79.432986169870119   99.696509899999995
  81.769102946101640   99.716267000000002
  84.150579801630130   99.733574500000003
  86.577852891064325   93.897156699999996


# temperature  900.000000000000000
#   -0.000771047445569    0.228227210499295  -25.140465927013086 1226.592815133505610 -22141.669747280469892
  62.324676261675947   99.409586899999994
  64.313613969441761   99.461525300000005
  66.344422519635614   99.509180599999993
  68.417538066866115   99.553022499999997
  70.533396765741841   99.587580099999997
  72.692434770871515   99.620803400000000
  74.895088236863714   99.649929499999999
  77.141793318327004   99.676191900000006
  79.432986169870119   99.698213800000005
  81.769102946101640   99.717534799999996
  84.150579801630130   99.734460200000001
  86.577852891064325   93.897708699999995


# temperature  910.000000000000000
#   -0.000774239441435    0.229151767870998  -25.240540261759218 1231.390496497226650 -22226.528997422145039
  62.324676261675947   99.417520300000007
  64.313613969441761   99.468329900000001
  66.344422519635614   99.514948700000005
  68.417538066866115   99.557836199999997
  70.533396765741841   99.591640999999996
  72.692434770871515   99.624140199999999
  74.895088236863714   99.652631200000002
  77.141793318327004   99.678320700000000
  79.432986169870119   99.699861999999996
  81.769102946101640   99.718761099999995
  84.150579801630130   99.735316900000001
  86.577852891064325   93.898242600000003


# temperature  920.000000000000000
#   -0.000777396513988    0.230066207236950  -25.339519030699694 1236.135627154233134 -22310.457953186956729
  62.324676261675947   99.425197400000002
  64.313613969441761   99.474914499999997
  66.344422519635614   99.520530199999996
  68.417538066866115   99.562494099999995
  70.533396765741841   99.595570499999994
  72.692434770871515   99.627369000000002
  74.895088236863714   99.655245399999998
  77.141793318327004   99.680380400000004
  79.432986169870119   99.701456699999994
  81.769102946101640   99.719947700000006
  84.150579801630130   99.736145800000003
  86.577852891064325   93.898759200000001


# temperature  930.000000000000000
#   -0.000780519397549    0.230970741100765  -25.437425218591510 1240.829308614024512 -22393.476095761947363
  62.324676261675947   99.432629199999994
  64.313613969441761   99.481288699999993
  66.344422519635614   99.525933199999997
  68.417538066866115   99.567003000000000
  70.533396765741841   99.599374200000000
  72.692434770871515   99.630494400000003
  74.895088236863714   99.657775799999996
  77.141793318327004   99.682374199999998
  79.432986169870119   99.703000299999999
  81.769102946101640   99.721096200000005
  84.150579801630130   99.736948100000006
  86.577852891064325   93.899259200000003


# temperature  940.000000000000000
#   -0.000783608843852    0.231865587560596  -25.534282477957611 1245.472677474055672 -22475.603599406080320
  62.324676261675947   99.439825900000002
  64.313613969441761   99.487461100000004
  66.344422519635614   99.531165099999996
  68.417538066866115   99.571369000000004
  70.533396765741841   99.603057300000003
  72.692434770871515   99.633520700000005
  74.895088236863714   99.660225999999994
  77.141793318327004   99.684304800000007
  79.432986169870119   99.704494900000000
  81.769102946101640   99.722208300000005
  84.150579801630130   99.737724999999998
  86.577852891064325   93.899743400000006


# temperature  950.000000000000000
#   -0.000786665560813    0.232750951806477  -25.630113040912914 1250.066801146197349 -22556.859387691358279
  62.324676261675947   99.446797500000002
  64.313613969441761   99.493440300000003
  66.344422519635614   99.536233199999998
  68.417538066866115   99.575598200000002
  70.533396765741841   99.606624999999994
  72.692434770871515   99.636452100000000
  74.895088236863714   99.662599400000005
  77.141793318327004   99.686174800000003
  79.432986169870119   99.705942600000000
  81.769102946101640   99.723285399999995
  84.150579801630130   99.738477399999994
  86.577852891064325   93.900212400000001


# temperature  960.000000000000000
#   -0.000789690221372    0.233627028805484  -25.724938020958543 1254.612692710771398 -22637.261403243013774
  62.324676261675947   99.453553099999993
  64.313613969441761   99.499234200000004
  66.344422519635614   99.541144099999997
  68.417538066866115   99.579696299999995
  70.533396765741841   99.610082000000006
  72.692434770871515   99.639292499999996
  74.895088236863714   99.664899100000000
  77.141793318327004   99.687986699999996
  79.432986169870119   99.707345399999994
  81.769102946101640   99.724329100000006
  84.150579801630130   99.739206499999995
  86.577852891064325   93.900666799999996


# temperature  970.000000000000000
#   -0.000792683507636    0.234494016190777  -25.818778820633739 1259.111379090899391 -22716.827842712747952
  62.324676261675947   99.460101699999996
  64.313613969441761   99.504850399999995
  66.344422519635614   99.545904300000004
  68.417538066866115   99.583668500000002
  70.533396765741841   99.613432900000006
  72.692434770871515   99.642045699999997
  74.895088236863714   99.667128099999999
  77.141793318327004   99.689742899999999
  79.432986169870119   99.708704999999995
  81.769102946101640   99.725340799999998
  84.150579801630130   99.739913200000004
  86.577852891064325   93.901107199999998


# temperature  980.000000000000000
#   -0.000795646053991    0.235352097921593  -25.911655380886121 1263.563818124143154 -22795.575691254711273
  62.324676261675947   99.466451500000005
  64.313613969441761   99.510296100000005
  66.344422519635614   99.550519899999998
  68.417538066866115   99.587519999999998
  70.533396765741841   99.616681799999995
  72.692434770871515   99.644715099999999
  74.895088236863714   99.669289300000003
  77.141793318327004   99.691445700000003
  79.432986169870119   99.710023300000003
  81.769102946101640   99.726321600000006
  84.150579801630130   99.740598300000002
  86.577852891064325   93.901534200000000


# temperature  990.000000000000000
#   -0.000798578485105    0.236201454939594  -26.003587291127229 1267.970949462943054 -22873.521588562176476
  62.324676261675947   99.472610500000002
  64.313613969441761   99.515578099999999
  66.344422519635614   99.554996700000004
  68.417538066866115   99.591255700000005
  70.533396765741841   99.619833000000000
  72.692434770871515   99.647304199999994
  74.895088236863714   99.671385400000005
  77.141793318327004   99.693097100000003
  79.432986169870119   99.711301899999995
  81.769102946101640   99.727272799999994
  84.150579801630130   99.741262899999995
  86.577852891064325   93.901948300000001


# temperature 1000.000000000000000
#   -0.000801481417723    0.237042266052107  -26.094593928026818 1272.333703450800385 -22950.682029510171560
  62.324676261675947   99.478586300000003
  64.313613969441761   99.520702900000003
  66.344422519635614   99.559340300000002
  68.417538066866115   99.594880099999997
  70.533396765741841   99.622890299999995
  72.692434770871515   99.649816099999995
  74.895088236863714   99.673418999999996
  77.141793318327004   99.694699400000005
  79.432986169870119   99.712542299999996
  81.769102946101640   99.728195700000001
  84.150579801630130   99.741907499999996
  86.577852891064325   93.902350100000007


