   0.000000000000000       -13.027090103952348
  10.000000000000000       -13.027060811290143
  20.000000000000000       -13.027294313656773
  30.000000000000000       -13.028517772945092
  40.000000000000000       -13.031098223033714
  50.000000000000000       -13.035113567379035
  60.000000000000000       -13.040518219985978
  70.000000000000000       -13.047223569563162
  80.000000000000000       -13.055131862232059
  90.000000000000000       -13.064149391315981
 100.000000000000000       -13.074190943938408
 110.000000000000000       -13.085180679939207
 120.000000000000000       -13.097051635106585
 130.000000000000000       -13.109744773464854
 140.000000000000000       -13.123207956608324
 150.000000000000000       -13.137394989325205
 160.000000000000000       -13.152264777070620
 170.000000000000000       -13.167780604103374
 180.000000000000000       -13.183909525748685
 190.000000000000000       -13.200621859381934
 200.000000000000000       -13.217890747954010
 210.000000000000000       -13.235691803084149
 220.000000000000000       -13.254002796325492
 230.000000000000000       -13.272803403140060
 240.000000000000000       -13.292074975327404
 250.000000000000000       -13.311800359218230
 260.000000000000000       -13.331963728911228
 270.000000000000000       -13.352550450946046
 280.000000000000000       -13.373546956013604
 290.000000000000000       -13.394940642509793
 300.000000000000000       -13.416719777162854
 310.000000000000000       -13.438873417462929
 320.000000000000000       -13.461391341296022
 330.000000000000000       -13.484263984557629
 340.000000000000000       -13.507482379042129
 350.000000000000000       -13.531038119007933
 360.000000000000000       -13.554923297272204
 370.000000000000000       -13.579130481898089
 380.000000000000000       -13.603652675984655
 390.000000000000000       -13.628483278520259
 400.000000000000000       -13.653616077668886
 410.000000000000000       -13.679045190210742
 420.000000000000000       -13.704765076856626
 430.000000000000000       -13.730770499820640
 440.000000000000000       -13.757056498809726
 450.000000000000000       -13.783618396858408
 460.000000000000000       -13.810451756205785
 470.000000000000000       -13.837552398439907
 480.000000000000000       -13.864916354558842
 490.000000000000000       -13.892539876825024
 500.000000000000000       -13.920419425867276
 510.000000000000000       -13.948551658041049
 520.000000000000000       -13.976933408417828
 530.000000000000000       -14.005561697760596
 540.000000000000000       -14.034433720096645
 550.000000000000000       -14.063546832165990
 560.000000000000000       -14.092898540629015
 570.000000000000000       -14.122486520884506
 580.000000000000000       -14.152308590860672
 590.000000000000000       -14.182362707978372
 600.000000000000000       -14.212646988083927
 610.000000000000000       -14.243159653657404
 620.000000000000000       -14.273899099613001
 630.000000000000000       -14.304863835948229
 640.000000000000000       -14.336052499711190
 650.000000000000000       -14.367463851972870
 660.000000000000000       -14.399096806884527
 670.000000000000000       -14.430950387638712
 680.000000000000000       -14.463023744278033
 690.000000000000000       -14.495316161227516
 700.000000000000000       -14.527827060768914
 710.000000000000000       -14.560555981827321
 720.000000000000000       -14.593502575396309
 730.000000000000000       -14.626666671050323
 740.000000000000000       -14.660048183376908
 750.000000000000000       -14.693647228222472
 760.000000000000000       -14.727463983366183
 770.000000000000000       -14.761498830191606
 780.000000000000000       -14.795752294676316
 790.000000000000000       -14.830225032402151
 800.000000000000000       -14.864917881754895
 810.000000000000000       -14.899831838602738
 820.000000000000000       -14.934968079151961
 830.000000000000000       -14.970327965972416
 840.000000000000000       -15.005913042569789
 850.000000000000000       -15.041725068985501
 860.000000000000000       -15.077766021289902
 870.000000000000000       -15.114038098497728
 880.000000000000000       -15.150543740913314
 890.000000000000000       -15.187285646697044
 900.000000000000000       -15.224266799658107
 910.000000000000000       -15.261490498872616
 920.000000000000000       -15.298960308950560
 930.000000000000000       -15.336680197722400
 940.000000000000000       -15.374654483055705
 950.000000000000000       -15.412887874604042
 960.000000000000000       -15.451385561227136
 970.000000000000000       -15.490153193325231
 980.000000000000000       -15.529196931094186
 990.000000000000000       -15.568523543498273
1000.000000000000000       -15.608140430265566
