        0.000000000000000        72.922662268192525
       10.000000000000000        72.922055652325014
       20.000000000000000        72.924810324498054
       30.000000000000000        72.936652340947475
       40.000000000000000        72.956912981083988
       50.000000000000000        72.983560260802136
       60.000000000000000        73.014875849557043
       70.000000000000000        73.049643509477463
       80.000000000000000        73.087039678558682
       90.000000000000000        73.126507787703275
      100.000000000000000        73.167666449100949
      110.000000000000000        73.210249856354167
      120.000000000000000        73.254069001732717
      130.000000000000000        73.298987518264980
      140.000000000000000        73.344905484542309
      150.000000000000000        73.391749164521102
      160.000000000000000        73.439463451026128
      170.000000000000000        73.488007435916714
      180.000000000000000        73.537350646822929
      190.000000000000000        73.587470838398389
      200.000000000000000        73.638351980364064
      210.000000000000000        73.689983142353270
      220.000000000000000        73.742357462689640
      230.000000000000000        73.795471544754520
      240.000000000000000        73.849324474810075
      250.000000000000000        73.903918065616708
      260.000000000000000        73.959255855995565
      270.000000000000000        74.015343348088777
      280.000000000000000        74.072187523850218
      290.000000000000000        74.129796886788611
      300.000000000000000        74.188181183995894
      310.000000000000000        74.247351350990300
      320.000000000000000        74.307319437363731
      330.000000000000000        74.368098731123823
      340.000000000000000        74.429703242485772
      350.000000000000000        74.492148477962544
      360.000000000000000        74.555450460736239
      370.000000000000000        74.619626572354036
      380.000000000000000        74.684694947862866
      390.000000000000000        74.750674718903113
      400.000000000000000        74.817586473404603
      410.000000000000000        74.885451015852965
      420.000000000000000        74.954290962566830
      430.000000000000000        75.024129741764355
      440.000000000000000        75.094991723319325
      450.000000000000000        75.166902838929616
      460.000000000000000        75.239889760028987
      470.000000000000000        75.313980913322311
      480.000000000000000        75.389205712356429
      490.000000000000000        75.465594975368305
      500.000000000000000        75.543181058742348
      510.000000000000000        75.621997916091814
      520.000000000000000        75.702080855815922
      530.000000000000000        75.783467011139436
      540.000000000000000        75.866195343403902
      550.000000000000000        75.950306643564858
      560.000000000000000        76.035843538411129
      570.000000000000000        76.122850918430089
      580.000000000000000        76.211375989781786
      590.000000000000000        76.301467923976347
      600.000000000000000        76.393179052432146
      610.000000000000000        76.486563564953997
      620.000000000000000        76.581679245461274
      630.000000000000000        76.678586481928960
      640.000000000000000        76.777349050682417
      650.000000000000000        76.878033908880155
      660.000000000000000        76.980712267544874
      670.000000000000000        77.085458848276929
      680.000000000000000        77.192352768450263
      690.000000000000000        77.301477697414271
      700.000000000000000        77.412922349582246
      710.000000000000000        77.526780577416929
      720.000000000000000        77.643151805664303
      730.000000000000000        77.762142042397571
      740.000000000000000        77.883863590344319
      750.000000000000000        78.008435854119696
      760.000000000000000        78.135986773456381
      770.000000000000000        78.266651804832108
      780.000000000000000        78.400576246874834
      790.000000000000000        78.537915368682349
      800.000000000000000        78.678835013253803
      810.000000000000000        78.823513901120421
      820.000000000000000        78.972142864467017
      830.000000000000000        79.124927596505259
      840.000000000000000        79.282089840442907
      850.000000000000000        79.443868613142882
      860.000000000000000        79.610521759914391
      870.000000000000000        79.782329216909204
      880.000000000000000        79.959594313038963
      890.000000000000000        80.142646733260534
      900.000000000000000        80.331845571884941
      910.000000000000000        80.527581121346273
      920.000000000000000        80.730283816446729
      930.000000000000000        80.940422188860637
      940.000000000000000        81.158512785040344
      950.000000000000000        81.385126269863889
      960.000000000000000        81.620890913252879
      970.000000000000000        81.866501609632266
      980.000000000000000        82.122739488609625
      990.000000000000000        82.390465891962521
     1000.000000000000000        82.670647722789028
