   1  32   1   0  0.2043332E+02  0.1000000E-03
  CAR 
 unknown system                          
   0   0   0
   1   1
 256 256 256
 256
  0.1000000E-09
  0.6250000E-11
   0
  0.5000000E-15  0.8679532E-09  0.8679532E-09  0.8679532E-09
  0.0000000E+00  0.0000000E+00
  0.000
  0.000
  0.000
  0.000
  0.000
  0.000
  0.000
  0.000
  0.000
  0.000
  0.000
  0.000
  0.000
  0.000
  0.000
  0.000
  0.000
  0.000
  0.000
  0.000
  0.000
  0.000
  0.000
  0.000
  0.000
  0.000
  0.000
  0.000
  0.000
  0.000
  0.000
  0.000
  0.000
  0.000
  0.000
  0.000
  0.000
  0.000
  0.000
  0.000
  0.000
  0.000
  0.000
  0.000
  0.000
  0.000
  0.000
  0.000
  0.708
 31.938
  0.000
  0.000
  0.000
  0.000
  0.000
  0.000
  0.000
  0.000
  0.000
  0.000
  0.000
  0.000
  0.000
  0.000
  0.000
  0.000
  0.000
  0.000
  0.000
  8.273
  0.000
  0.000
  0.000
  0.000
  0.000
  0.000
  0.000
  0.000
  0.000
  0.000
  0.000
  0.000
  0.000
  0.000
  0.700
 21.182
  0.000
  0.000
  0.000
  0.000
  0.000
  0.000
  0.000
  0.000
  0.000
  0.000
  0.000
  0.000
  8.237
  0.000
  0.000
  0.000
  0.000
  0.000
  0.000
  0.000
  0.000
  0.000
  0.000
 13.331
  0.000
  0.000
  0.000
  0.000
  0.000
  0.000
  0.000
  0.000
  0.000
  0.000
  3.669
  0.000
  0.000
  0.000
  0.000
  0.000
  0.000
  0.000
  0.000
 18.864
  0.196
  0.000
  0.000
  0.000
  0.000
  0.000
  0.000
  0.000
  0.000
  0.000
  0.000
  0.000
  0.000
  0.000
  0.000
  0.000
  0.000
 11.021
  0.000
  0.000
  0.000
  0.000
  0.000
  0.000
  0.000
  6.611
  0.000
  0.000
  0.000
  0.000
  0.000
  0.000
  6.053
  0.000
  0.000
  0.000
  0.000
  0.000
  0.000
  0.058
  5.441
  0.000
  0.000
  0.000
  0.000
  0.000
  0.428
 14.798
  0.000
  0.000
  0.000
  0.000
  0.000
  0.000
  0.000
  0.000
  0.000
  0.000
  0.000
  0.000
  8.809
  0.000
  0.000
  0.000
  0.000
  0.000
  0.000
  0.000
  0.000
  0.000
  0.000
  0.000
  7.796
  0.000
  0.000
  0.000
  0.000
  0.000
  4.596
  0.000
  0.000
  0.000
  0.000
  0.329
 10.097
  0.000
  0.000
  0.000
  0.000
  3.318
  0.000
  0.000
  0.000
  0.000
  6.145
  0.196
  0.000
  0.000
  0.000
  0.000
  3.009
  0.000
  0.000
  0.000
  0.000
  5.764
  0.000
  0.000
  0.000
  0.000
  0.000
  0.000
  0.000
  0.000
  0.000
  9.282
  0.000
  0.000
  0.000
  0.000
  2.547
  0.000
  0.000
  0.000
  0.077
  9.718
