   1  32   1   0  0.1858633E+02  0.1000000E-03
  CAR 
 unknown system                          
   0   0   0
   1   1
 256 256 256
 256
  0.1000000E-09
  0.6250000E-11
   0
  0.5000000E-15  0.8409714E-09  0.8409714E-09  0.8409714E-09
  0.0000000E+00  0.0000000E+00
  0.000
  0.000
  0.000
  0.000
  0.000
  0.000
  0.000
  0.000
  0.000
  0.000
  0.000
  0.000
  0.000
  0.000
  0.000
  0.000
  0.000
  0.000
  0.000
  0.000
  0.000
  0.000
  0.000
  0.000
  0.000
  0.000
  0.000
  0.000
  0.000
  0.000
  0.000
  0.000
  0.000
  0.000
  0.000
  0.000
  0.000
  0.000
  0.000
  0.000
  0.000
  0.000
  0.000
  0.000
  0.000
  0.000
  0.000
 32.220
  0.000
  0.000
  0.000
  0.000
  0.000
  0.000
  0.000
  0.000
  0.000
  0.000
  0.000
  0.000
  0.000
  0.000
  0.000
  0.000
  0.000
  0.000
  0.000
  7.978
  0.000
  0.000
  0.000
  0.000
  0.000
  0.000
  0.000
  0.000
  0.000
  0.000
  0.000
  0.000
  0.000
  0.000
 21.362
  0.000
  0.000
  0.000
  0.000
  0.000
  0.000
  0.000
  0.000
  0.000
  0.000
  0.000
  0.000
  7.971
  0.000
  0.000
  0.000
  0.000
  0.000
  0.000
  0.000
  0.000
  0.000
  0.000
 12.819
  0.000
  0.000
  0.000
  0.000
  0.000
  0.000
  0.000
  0.000
  0.000
  3.571
  0.000
  0.000
  0.000
  0.000
  0.000
  0.000
  0.000
  0.000
 18.463
  0.000
  0.000
  0.000
  0.000
  0.000
  0.000
  0.000
  0.000
  0.000
  0.000
  0.000
  0.000
  0.000
  0.000
  0.000
  0.000
 10.740
  0.000
  0.000
  0.000
  0.000
  0.000
  0.000
  0.000
  6.419
  0.000
  0.000
  0.000
  0.000
  0.000
  0.000
  5.861
  0.000
  0.000
  0.000
  0.000
  0.000
  0.000
  5.373
  0.000
  0.000
  0.000
  0.000
  0.000
  0.000
 14.830
  0.000
  0.000
  0.000
  0.000
  0.000
  0.000
  0.000
  0.000
  0.000
  0.000
  0.000
  0.000
  8.543
  0.000
  0.000
  0.000
  0.000
  0.000
  0.000
  0.000
  0.000
  0.000
  0.000
  0.000
  7.531
  0.000
  0.000
  0.000
  0.000
  4.476
  0.000
  0.000
  0.000
  0.000
  0.000
 10.131
  0.000
  0.000
  0.000
  0.000
  3.220
  0.000
  0.000
  0.000
  0.000
  0.192
  5.901
  0.000
  0.000
  0.000
  0.031
  2.880
  0.000
  0.000
  0.000
  0.000
  5.569
  0.000
  0.000
  0.000
  0.000
  0.000
  0.000
  0.000
  0.000
  8.995
  0.027
  0.000
  0.000
  0.000
  2.472
  0.000
  0.000
  0.000
  0.000
  9.494
  0.000
  0.000
  0.000
  4.597
  0.000
  0.000
  0.000
  0.000
