   1  32   1   0  0.1797597E+02  0.1000000E-03
  CAR 
 unknown system                          
   0   0   0
   1   1
 256 256 256
 256
  0.1000000E-09
  0.6250000E-11
   0
  0.5000000E-15  0.8316632E-09  0.8316632E-09  0.8316632E-09
  0.0000000E+00  0.0000000E+00
  0.000
  0.000
  0.000
  0.000
  0.000
  0.000
  0.000
  0.000
  0.000
  0.000
  0.000
  0.000
  0.000
  0.000
  0.000
  0.000
  0.000
  0.000
  0.000
  0.000
  0.000
  0.000
  0.000
  0.000
  0.000
  0.000
  0.000
  0.000
  0.000
  0.000
  0.000
  0.000
  0.000
  0.000
  0.000
  0.000
  0.000
  0.000
  0.000
  0.000
  0.000
  0.000
  0.000
  0.000
  0.000
  0.000
  0.677
 30.512
  0.000
  0.000
  0.000
  0.000
  0.000
  0.000
  0.000
  0.000
  0.000
  0.000
  0.000
  0.000
  0.000
  0.000
  0.000
  0.000
  0.000
  0.000
  7.950
  0.000
  0.000
  0.000
  0.000
  0.000
  0.000
  0.000
  0.000
  0.000
  0.000
  0.000
  0.000
  0.000
  0.000
 21.171
  0.000
  0.000
  0.000
  0.000
  0.000
  0.000
  0.000
  0.000
  0.000
  0.000
  0.000
  0.168
  7.709
  0.000
  0.000
  0.000
  0.000
  0.000
  0.000
  0.000
  0.000
  0.000
  0.000
 12.634
  0.000
  0.000
  0.000
  0.000
  0.000
  0.000
  0.000
  0.000
  0.000
  3.514
  0.000
  0.000
  0.000
  0.000
  0.000
  0.000
  0.000
  0.000
 18.144
  0.000
  0.000
  0.000
  0.000
  0.000
  0.000
  0.000
  0.000
  0.000
  0.000
  0.000
  0.000
  0.000
  0.000
  0.000
  0.074
 10.462
  0.000
  0.000
  0.000
  0.000
  0.000
  0.000
  6.377
  0.000
  0.000
  0.000
  0.000
  0.000
  0.000
  0.182
  5.562
  0.000
  0.000
  0.000
  0.000
  0.000
  5.159
  0.164
  0.000
  0.000
  0.000
  0.000
  0.000
 14.684
  0.000
  0.000
  0.000
  0.000
  0.000
  0.000
  0.000
  0.000
  0.000
  0.000
  0.000
  0.000
  8.444
  0.000
  0.000
  0.000
  0.000
  0.000
  0.000
  0.000
  0.000
  0.000
  0.000
  7.316
  0.194
  0.000
  0.000
  0.000
  0.000
  4.416
  0.000
  0.000
  0.000
  0.000
  0.175
  9.816
  0.000
  0.000
  0.000
  0.000
  3.174
  0.000
  0.000
  0.000
  0.000
  6.056
  0.000
  0.000
  0.000
  0.000
  2.892
  0.000
  0.000
  0.000
  0.000
  5.531
  0.000
  0.000
  0.000
  0.000
  0.000
  0.000
  0.000
  0.000
  0.000
  8.874
  0.000
  0.000
  0.000
  2.426
  0.025
  0.000
  0.000
  0.000
  9.409
  0.000
  0.000
  0.000
  4.460
  0.094
  0.000
  0.000
  0.000
  2.188
  0.000
  0.000
