   1  32   1   0  0.1871557E+02  0.1000000E-03
  CAR 
 unknown system                          
   0   0   0
   1   1
 256 256 256
 256
  0.1000000E-09
  0.6250000E-11
   0
  0.5000000E-15  0.8429161E-09  0.8429161E-09  0.8429161E-09
  0.0000000E+00  0.0000000E+00
  0.000
  0.000
  0.000
  0.000
  0.000
  0.000
  0.000
  0.000
  0.000
  0.000
  0.000
  0.000
  0.000
  0.000
  0.000
  0.000
  0.000
  0.000
  0.000
  0.000
  0.000
  0.000
  0.000
  0.000
  0.000
  0.000
  0.000
  0.000
  0.000
  0.000
  0.000
  0.000
  0.000
  0.000
  0.000
  0.000
  0.000
  0.000
  0.000
  0.000
  0.000
  0.000
  0.000
  0.000
  0.000
  0.000
  0.000
 32.444
  0.000
  0.000
  0.000
  0.000
  0.000
  0.000
  0.000
  0.000
  0.000
  0.000
  0.000
  0.000
  0.000
  0.000
  0.000
  0.000
  0.000
  0.000
  0.000
  8.033
  0.000
  0.000
  0.000
  0.000
  0.000
  0.000
  0.000
  0.000
  0.000
  0.000
  0.000
  0.000
  0.000
  0.000
 21.511
  0.000
  0.000
  0.000
  0.000
  0.000
  0.000
  0.000
  0.000
  0.000
  0.000
  0.000
  0.000
  8.026
  0.000
  0.000
  0.000
  0.000
  0.000
  0.000
  0.000
  0.000
  0.000
  0.000
 12.908
  0.000
  0.000
  0.000
  0.000
  0.000
  0.000
  0.000
  0.000
  0.000
  3.596
  0.000
  0.000
  0.000
  0.000
  0.000
  0.000
  0.000
  0.000
  0.000
 18.298
  0.000
  0.000
  0.000
  0.000
  0.000
  0.000
  0.000
  0.000
  0.000
  0.000
  0.000
  0.000
  0.000
  0.000
  0.000
  0.150
 10.517
  0.000
  0.000
  0.000
  0.000
  0.000
  0.000
  6.464
  0.000
  0.000
  0.000
  0.000
  0.000
  0.000
  0.000
  5.828
  0.000
  0.000
  0.000
  0.000
  0.000
  0.000
  5.345
  0.000
  0.000
  0.000
  0.000
  0.000
 14.674
  0.256
  0.000
  0.000
  0.000
  0.000
  0.000
  0.000
  0.000
  0.000
  0.000
  0.000
  0.000
  8.602
  0.000
  0.000
  0.000
  0.000
  0.000
  0.000
  0.000
  0.000
  0.000
  0.000
  0.000
  7.583
  0.000
  0.000
  0.000
  0.000
  0.000
  4.463
  0.000
  0.000
  0.000
  0.000
 10.201
  0.000
  0.000
  0.000
  0.000
  0.000
  3.212
  0.000
  0.000
  0.000
  0.000
  6.133
  0.000
  0.000
  0.000
  0.000
  2.931
  0.000
  0.000
  0.000
  0.000
  5.608
  0.000
  0.000
  0.000
  0.000
  0.000
  0.000
  0.000
  0.000
  0.000
  9.009
  0.000
  0.000
  0.000
  0.000
  2.469
  0.000
  0.000
  0.000
  9.560
  0.000
  0.000
  0.000
  0.000
  4.593
  0.000
  0.000
  0.000
