   1  32   1   0  0.1546680E+02  0.1000000E-03
  CAR 
 unknown system                          
   0   0   0
   1   1
 256 256 256
 256
  0.1000000E-09
  0.6250000E-11
   0
  0.5000000E-15  0.7910127E-09  0.7910127E-09  0.7910127E-09
  0.0000000E+00  0.0000000E+00
  0.000
  0.000
  0.000
  0.000
  0.000
  0.000
  0.000
  0.000
  0.000
  0.000
  0.000
  0.000
  0.000
  0.000
  0.000
  0.000
  0.000
  0.000
  0.000
  0.000
  0.000
  0.000
  0.000
  0.000
  0.000
  0.000
  0.000
  0.000
  0.000
  0.000
  0.000
  0.000
  0.000
  0.000
  0.000
  0.000
  0.000
  0.000
  0.000
  0.000
  0.000
  0.000
  0.000
  0.000
 30.549
  0.000
  0.000
  0.000
  0.000
  0.000
  0.000
  0.000
  0.000
  0.000
  0.000
  0.000
  0.000
  0.000
  0.000
  0.000
  0.000
  0.000
  0.000
  7.501
  0.000
  0.000
  0.000
  0.000
  0.000
  0.000
  0.000
  0.000
  0.000
  0.000
  0.000
  0.000
  0.000
 20.144
  0.000
  0.000
  0.000
  0.000
  0.000
  0.000
  0.000
  0.000
  0.000
  0.000
  0.000
  7.552
  0.000
  0.000
  0.000
  0.000
  0.000
  0.000
  0.000
  0.000
  0.000
  0.127
 11.854
  0.000
  0.000
  0.000
  0.000
  0.000
  0.000
  0.000
  0.000
  3.364
  0.000
  0.000
  0.000
  0.000
  0.000
  0.000
  0.000
  0.000
 17.233
  0.000
  0.000
  0.000
  0.000
  0.000
  0.000
  0.000
  0.000
  0.000
  0.000
  0.000
  0.000
  0.000
  0.000
  0.000
 10.032
  0.000
  0.000
  0.000
  0.000
  0.000
  0.000
  6.043
  0.000
  0.000
  0.000
  0.000
  0.000
  0.000
  5.487
  0.000
  0.000
  0.000
  0.000
  0.000
  0.158
  4.847
  0.000
  0.000
  0.000
  0.000
  0.000
 13.917
  0.000
  0.000
  0.000
  0.000
  0.000
  0.000
  0.000
  0.000
  0.000
  0.000
  0.000
  8.039
  0.000
  0.000
  0.000
  0.000
  0.000
  0.000
  0.000
  0.000
  0.000
  0.000
  7.109
  0.000
  0.000
  0.000
  0.000
  4.203
  0.009
  0.000
  0.000
  0.000
  0.233
  9.266
  0.000
  0.000
  0.000
  0.032
  2.978
  0.000
  0.000
  0.000
  0.121
  5.611
  0.000
  0.000
  0.000
  2.728
  0.028
  0.000
  0.000
  0.000
  5.259
  0.000
  0.000
  0.000
  0.000
  0.000
  0.000
  0.000
  0.000
  8.478
  0.000
  0.000
  0.000
  0.000
  2.317
  0.000
  0.000
  0.000
  8.953
  0.000
  0.000
  0.000
  4.326
  0.000
  0.000
  0.000
  2.048
  0.043
  0.000
  0.000
  0.000
  0.000
  0.000
  0.000
  0.041
  7.734
  0.000
  0.000
  0.000
  0.000
  0.000
  0.000
