   1  36   1   0  0.1711627E+02  0.1000000E-03
  CAR 
 unknown system                          
   0   0   0
   1   1
 256 256 256
 256
  0.1000000E-09
  0.6250000E-11
   0
  0.5000000E-15  0.8820702E-09  0.8820702E-09  0.9115400E-09
  0.0000000E+00  0.0000000E+00
  0.000
  0.000
  0.000
  0.000
  0.000
  0.000
  0.000
  0.000
  0.000
  0.000
  0.000
  0.000
  0.000
  0.000
  0.000
  0.000
  0.000
  0.000
  0.000
  0.000
  0.000
  0.000
  0.000
  0.000
  0.000
  0.000
  0.000
  0.000
  0.000
  0.000
  0.000
  0.000
  0.000
  0.000
  0.000
  0.000
  0.000
  0.000
  0.000
  0.000
  0.000
  0.000
  0.000
  0.000
  0.000
 16.169
  0.287
 14.561
  0.000
  0.000
  0.000
  0.000
  0.000
  0.000
  0.000
  0.000
  0.000
  0.000
  0.000
  0.000
  0.000
  0.000
  0.000
  0.000
  0.000
  7.802
  0.000
  0.000
  0.000
  0.000
  0.000
  0.000
  2.064
  0.057
  0.000
  0.000
  0.000
  0.000
  0.000
  0.000
 10.331
  5.040
  0.000
  0.000
  0.000
  0.000
  8.906
  0.040
  0.000
  0.000
  0.000
  0.000
  0.000
  0.035
  3.714
  0.000
  0.000
  0.000
  0.000
  0.000
  0.000
  0.000
  0.000
  0.000
  6.102
  0.028
  0.000
  0.000
  0.000
  5.584
  0.000
  0.000
  2.645
  0.000
  2.553
  0.000
  0.000
  0.000
  0.044
  4.645
  0.000
  0.021
  2.210
  2.926
  5.719
  0.039
  0.000
  0.000
  0.000
  0.000
  2.639
  1.273
  0.000
  0.000
  0.000
  0.000
  0.000
  0.000
  0.000
  0.000
  0.565
  1.115
  0.000
  0.030
  6.383
  0.000
  1.083
  2.977
  2.066
  0.014
  0.000
  0.000
  0.000
  2.841
  1.402
  1.846
  0.911
  0.000
  1.764
  0.889
  0.000
  2.567
  0.423
  0.835
  0.000
  0.000
  0.783
  1.613
  0.000
  3.873
  0.778
  0.000
  0.000
  2.224
  1.099
  0.000
  0.000
  0.000
  0.739
  1.347
  1.370
  1.355
  1.340
  0.000
  3.597
  1.306
  1.292
  0.626
  0.628
  0.311
  0.922
  2.434
  1.204
  1.490
  1.180
  1.152
  0.594
  0.000
  1.699
  1.129
  0.547
  1.099
  0.544
  0.000
  0.534
  1.057
  0.538
  1.022
  0.513
  1.017
  0.000
  0.000
  0.741
  0.000
  0.000
  1.922
  0.952
  2.365
  2.571
  2.773
  0.465
  0.449
  0.000
  3.121
  2.226
  0.872
  0.435
  2.371
  0.855
  0.000
  0.000
  0.405
  0.837
  1.228
  0.406
  1.207
  0.610
  0.797
  3.122
  1.167
  0.386
  0.000
  0.190
  0.387
  0.736
  0.741
  1.469
  0.729
  1.084
  0.712
  0.005
  2.813
  1.410
  0.000
  0.689
  1.367
