   1   2   1   0  0.1711627E+02  0.1000000E-03
  CAR 
 unknown system                          
   0   0   0
   1   1
 256 256 256
 256
  0.1000000E-09
  0.6250000E-11
   0
  0.5000000E-15  0.2940234E-09  0.2940234E-09  0.4557700E-09
  0.0000000E+00  0.0000000E+00
  0.000
  0.000
  0.000
  0.000
  0.000
  0.000
  0.000
  0.000
  0.000
  0.000
  0.000
  0.000
  0.000
  0.000
  0.000
  0.000
  0.000
  0.000
  0.000
  0.000
  0.000
  0.000
  0.000
  0.000
  0.000
  0.000
  0.000
  0.000
  0.000
  0.000
  0.000
  0.000
  0.000
  0.000
  0.000
  0.000
  0.000
  0.000
  0.000
  0.000
  0.000
  0.000
  0.000
  0.000
  0.000
 16.169
  0.000
  0.000
  0.000
  0.000
  0.000
  0.000
  0.000
  0.000
  0.000
  0.000
  0.000
  0.000
  0.000
  0.000
  0.000
  0.000
  0.000
  0.000
  0.000
  7.802
  0.000
  0.000
  0.000
  0.000
  0.000
  0.000
  0.000
  0.000
  0.000
  0.000
  0.000
  0.000
  0.000
  0.000
 10.331
  0.000
  0.000
  0.000
  0.000
  0.000
  0.000
  0.000
  0.000
  0.000
  0.000
  0.000
  0.000
  0.000
  0.000
  0.000
  0.000
  0.000
  0.000
  0.000
  0.000
  0.000
  0.000
  0.000
  6.131
  0.000
  0.000
  0.000
  0.000
  0.000
  0.000
  0.000
  2.645
  0.000
  2.553
  0.000
  0.000
  0.000
  0.000
  0.000
  0.000
  0.000
  2.231
  2.926
  1.440
  0.000
  0.000
  0.000
  0.000
  0.000
  2.621
  1.291
  0.000
  0.000
  0.000
  0.000
  0.000
  0.000
  0.000
  0.000
  0.565
  1.115
  0.000
  0.000
  0.000
  0.000
  1.040
  3.077
  2.024
  0.000
  0.000
  0.000
  0.000
  0.000
  1.402
  1.846
  0.911
  0.000
  0.000
  0.000
  0.000
  2.567
  0.000
  0.000
  0.000
  0.000
  0.000
  0.000
  0.000
  2.330
  0.000
  0.000
  0.000
  0.000
  1.099
  0.000
  0.000
  0.000
  0.000
  0.000
  1.370
  1.355
  1.340
  0.000
  0.983
  0.000
  1.283
  0.635
  0.000
  0.000
  0.922
  0.000
  0.000
  1.490
  1.180
  1.168
  0.578
  0.000
  1.699
  1.121
  0.555
  0.000
  0.000
  0.000
  0.000
  0.000
  0.523
  1.037
  0.513
  1.017
  0.000
  0.000
  0.741
  0.000
  0.000
  0.961
  0.476
  1.415
  0.000
  1.853
  0.459
  0.455
  0.000
  0.000
  1.328
  0.878
  0.435
  0.647
  0.000
  0.000
  0.000
  0.416
  0.826
  0.000
  0.406
  0.805
  0.399
  0.791
  0.785
  1.167
  0.386
  0.000
  0.190
  0.376
  0.747
  0.741
  0.735
  0.364
  0.723
  0.000
  0.000
  0.000
  0.000
  0.000
  0.345
  0.684
