   1  32   1   0  0.1762562E+02  0.1000000E-03
  CAR 
 unknown system                          
   0   0   0
   1   1
 256 256 256
 256
  0.1000000E-09
  0.6250000E-11
   0
  0.5000000E-15  0.8262247E-09  0.8262247E-09  0.8262247E-09
  0.0000000E+00  0.0000000E+00
  0.000
  0.000
  0.000
  0.000
  0.000
  0.000
  0.000
  0.000
  0.000
  0.000
  0.000
  0.000
  0.000
  0.000
  0.000
  0.000
  0.000
  0.000
  0.000
  0.000
  0.000
  0.000
  0.000
  0.000
  0.000
  0.000
  0.000
  0.000
  0.000
  0.000
  0.000
  0.000
  0.000
  0.000
  0.000
  0.000
  0.000
  0.000
  0.000
  0.000
  0.000
  0.000
  0.000
  0.000
  0.000
  0.000
 31.883
  0.000
  0.000
  0.000
  0.000
  0.000
  0.000
  0.000
  0.000
  0.000
  0.000
  0.000
  0.000
  0.000
  0.000
  0.000
  0.000
  0.000
  0.000
  0.084
  7.713
  0.000
  0.000
  0.000
  0.000
  0.000
  0.000
  0.000
  0.000
  0.000
  0.000
  0.000
  0.000
  0.000
 20.612
  0.649
  0.000
  0.000
  0.000
  0.000
  0.000
  0.000
  0.000
  0.000
  0.000
  0.000
  0.000
  7.886
  0.000
  0.000
  0.000
  0.000
  0.000
  0.000
  0.000
  0.000
  0.000
  0.000
 12.626
  0.000
  0.000
  0.000
  0.000
  0.000
  0.000
  0.000
  0.000
  0.000
  3.506
  0.000
  0.000
  0.000
  0.000
  0.000
  0.000
  0.000
  0.000
 18.080
  0.000
  0.000
  0.000
  0.000
  0.000
  0.000
  0.000
  0.000
  0.000
  0.000
  0.000
  0.000
  0.000
  0.000
  0.000
  0.000
 10.477
  0.000
  0.000
  0.000
  0.000
  0.000
  0.000
  6.338
  0.000
  0.000
  0.000
  0.000
  0.000
  0.000
  0.181
  5.524
  0.000
  0.000
  0.000
  0.000
  0.000
  5.231
  0.054
  0.000
  0.000
  0.000
  0.000
  0.000
 14.569
  0.000
  0.000
  0.000
  0.000
  0.000
  0.000
  0.000
  0.000
  0.000
  0.000
  0.000
  0.265
  8.109
  0.000
  0.000
  0.000
  0.000
  0.000
  0.000
  0.000
  0.000
  0.000
  0.000
  7.442
  0.000
  0.000
  0.000
  0.000
  0.000
  4.374
  0.000
  0.000
  0.000
  0.000
  9.988
  0.000
  0.000
  0.000
  0.000
  0.066
  3.076
  0.000
  0.000
  0.000
  0.000
  5.993
  0.000
  0.000
  0.000
  0.000
  2.862
  0.000
  0.000
  0.000
  0.000
  5.471
  0.000
  0.000
  0.000
  0.000
  0.000
  0.000
  0.000
  0.000
  8.851
  0.000
  0.000
  0.000
  0.000
  2.424
  0.000
  0.000
  0.000
  9.330
  0.048
  0.000
  0.000
  0.000
  4.502
  0.000
  0.000
  0.000
  2.180
  0.000
  0.000
  0.000
  0.000
