   1  32   1   0  0.1410542E+02  0.1000000E-03
  CAR 
 unknown system                          
   0   0   0
   1   1
 256 256 256
 256
  0.1000000E-09
  0.6250000E-11
   0
  0.5000000E-15  0.7670882E-09  0.7670882E-09  0.7670882E-09
  0.0000000E+00  0.0000000E+00
  0.000
  0.000
  0.000
  0.000
  0.000
  0.000
  0.000
  0.000
  0.000
  0.000
  0.000
  0.000
  0.000
  0.000
  0.000
  0.000
  0.000
  0.000
  0.000
  0.000
  0.000
  0.000
  0.000
  0.000
  0.000
  0.000
  0.000
  0.000
  0.000
  0.000
  0.000
  0.000
  0.000
  0.000
  0.000
  0.000
  0.000
  0.000
  0.000
  0.000
  0.000
  0.000
  0.000
 29.155
  0.000
  0.000
  0.000
  0.000
  0.000
  0.000
  0.000
  0.000
  0.000
  0.000
  0.000
  0.000
  0.000
  0.000
  0.000
  0.000
  0.000
  7.293
  0.000
  0.000
  0.000
  0.000
  0.000
  0.000
  0.000
  0.000
  0.000
  0.000
  0.000
  0.000
  0.000
 19.357
  0.000
  0.000
  0.000
  0.000
  0.000
  0.000
  0.000
  0.000
  0.000
  0.000
  7.374
  0.000
  0.000
  0.000
  0.000
  0.000
  0.000
  0.000
  0.000
  0.000
  0.247
 11.366
  0.000
  0.000
  0.000
  0.000
  0.000
  0.000
  0.000
  0.000
  3.243
  0.000
  0.000
  0.000
  0.000
  0.000
  0.000
  0.000
 16.833
  0.000
  0.000
  0.000
  0.000
  0.000
  0.000
  0.000
  0.000
  0.000
  0.000
  0.000
  0.000
  0.000
  0.000
  0.000
  9.719
  0.000
  0.000
  0.000
  0.000
  0.000
  0.000
  5.836
  0.000
  0.000
  0.000
  0.000
  0.000
  5.247
  0.110
  0.000
  0.000
  0.000
  0.000
  0.000
  4.872
  0.000
  0.000
  0.000
  0.000
  0.000
 13.516
  0.000
  0.000
  0.000
  0.000
  0.000
  0.000
  0.000
  0.000
  0.000
  0.000
  0.082
  7.692
  0.000
  0.000
  0.000
  0.000
  0.000
  0.000
  0.000
  0.000
  0.000
  6.854
  0.071
  0.000
  0.000
  0.000
  0.077
  3.976
  0.000
  0.000
  0.000
  0.032
  9.186
  0.000
  0.000
  0.000
  0.031
  2.886
  0.000
  0.000
  0.000
  5.601
  0.000
  0.000
  0.000
  0.000
  2.665
  0.000
  0.000
  0.000
  0.053
  5.024
  0.000
  0.000
  0.000
  0.000
  0.000
  0.000
  0.000
  8.043
  0.194
  0.000
  0.000
  0.000
  2.249
  0.000
  0.000
  0.000
  8.680
  0.000
  0.000
  0.000
  4.190
  0.000
  0.000
  0.000
  2.024
  0.000
  0.000
  0.000
  0.000
  0.000
  0.000
  0.000
  7.568
  0.000
  0.000
  0.000
  0.000
  0.000
  0.000
  0.000
  7.090
  0.000
  0.000
  0.090
  3.345
  0.000
  0.000
