   1  32   1   0  0.1557434E+02  0.1000000E-03
  CAR 
 unknown system                          
   0   0   0
   1   1
 256 256 256
 256
  0.1000000E-09
  0.6250000E-11
   0
  0.5000000E-15  0.7928419E-09  0.7928419E-09  0.7928419E-09
  0.0000000E+00  0.0000000E+00
  0.000
  0.000
  0.000
  0.000
  0.000
  0.000
  0.000
  0.000
  0.000
  0.000
  0.000
  0.000
  0.000
  0.000
  0.000
  0.000
  0.000
  0.000
  0.000
  0.000
  0.000
  0.000
  0.000
  0.000
  0.000
  0.000
  0.000
  0.000
  0.000
  0.000
  0.000
  0.000
  0.000
  0.000
  0.000
  0.000
  0.000
  0.000
  0.000
  0.000
  0.000
  0.000
  0.000
  0.000
 30.761
  0.000
  0.000
  0.000
  0.000
  0.000
  0.000
  0.000
  0.000
  0.000
  0.000
  0.000
  0.000
  0.000
  0.000
  0.000
  0.000
  0.000
  0.000
  7.554
  0.000
  0.000
  0.000
  0.000
  0.000
  0.000
  0.000
  0.000
  0.000
  0.000
  0.000
  0.000
  0.000
 20.284
  0.000
  0.000
  0.000
  0.000
  0.000
  0.000
  0.000
  0.000
  0.000
  0.000
  0.000
  7.605
  0.000
  0.000
  0.000
  0.000
  0.000
  0.000
  0.000
  0.000
  0.000
  0.000
 12.062
  0.000
  0.000
  0.000
  0.000
  0.000
  0.000
  0.000
  0.000
  3.387
  0.000
  0.000
  0.000
  0.000
  0.000
  0.000
  0.000
  0.000
 17.352
  0.000
  0.000
  0.000
  0.000
  0.000
  0.000
  0.000
  0.000
  0.000
  0.000
  0.000
  0.000
  0.000
  0.000
  0.000
 10.102
  0.000
  0.000
  0.000
  0.000
  0.000
  0.000
  6.085
  0.000
  0.000
  0.000
  0.000
  0.000
  0.000
  5.525
  0.000
  0.000
  0.000
  0.000
  0.000
  0.000
  5.039
  0.000
  0.000
  0.000
  0.000
  0.000
 14.013
  0.000
  0.000
  0.000
  0.000
  0.000
  0.000
  0.000
  0.000
  0.000
  0.000
  0.000
  8.095
  0.000
  0.000
  0.000
  0.000
  0.000
  0.000
  0.000
  0.000
  0.000
  0.000
  6.972
  0.184
  0.000
  0.000
  0.000
  0.000
  4.197
  0.000
  0.000
  0.000
  0.000
  9.563
  0.000
  0.000
  0.000
  0.000
  3.031
  0.000
  0.000
  0.000
  0.000
  5.770
  0.000
  0.000
  0.000
  0.000
  2.750
  0.000
  0.000
  0.000
  0.055
  5.192
  0.000
  0.000
  0.000
  0.000
  0.000
  0.000
  0.000
  0.000
  8.461
  0.000
  0.000
  0.000
  2.333
  0.000
  0.000
  0.000
  0.164
  8.775
  0.000
  0.000
  0.000
  4.320
  0.000
  0.000
  0.000
  2.089
  0.000
  0.000
  0.000
  0.000
  0.000
  0.000
  0.000
  7.829
  0.000
  0.000
  0.000
  0.000
  0.000
  0.000
