   1  32   1   0  0.1850465E+02  0.1000000E-03
  CAR 
 unknown system                          
   0   0   0
   1   1
 256 256 256
 256
  0.1000000E-09
  0.6250000E-11
   0
  0.5000000E-15  0.8397376E-09  0.8397376E-09  0.8397376E-09
  0.0000000E+00  0.0000000E+00
  0.000
  0.000
  0.000
  0.000
  0.000
  0.000
  0.000
  0.000
  0.000
  0.000
  0.000
  0.000
  0.000
  0.000
  0.000
  0.000
  0.000
  0.000
  0.000
  0.000
  0.000
  0.000
  0.000
  0.000
  0.000
  0.000
  0.000
  0.000
  0.000
  0.000
  0.000
  0.000
  0.000
  0.000
  0.000
  0.000
  0.000
  0.000
  0.000
  0.000
  0.000
  0.000
  0.000
  0.000
  0.000
  0.000
  0.000
 32.078
  0.000
  0.000
  0.000
  0.000
  0.000
  0.000
  0.000
  0.000
  0.000
  0.000
  0.000
  0.000
  0.000
  0.000
  0.000
  0.000
  0.000
  0.000
  0.000
  7.943
  0.000
  0.000
  0.000
  0.000
  0.000
  0.000
  0.000
  0.000
  0.000
  0.000
  0.000
  0.000
  0.000
  0.000
 21.268
  0.000
  0.000
  0.000
  0.000
  0.000
  0.000
  0.000
  0.000
  0.000
  0.000
  0.000
  0.169
  7.771
  0.000
  0.000
  0.000
  0.000
  0.000
  0.000
  0.000
  0.000
  0.000
  0.000
 12.763
  0.000
  0.000
  0.000
  0.000
  0.000
  0.000
  0.000
  0.000
  0.000
  3.555
  0.000
  0.000
  0.000
  0.000
  0.000
  0.000
  0.000
  0.000
 18.382
  0.000
  0.000
  0.000
  0.000
  0.000
  0.000
  0.000
  0.000
  0.000
  0.000
  0.000
  0.000
  0.000
  0.000
  0.000
  0.000
 10.693
  0.000
  0.000
  0.000
  0.000
  0.000
  0.000
  0.000
  6.391
  0.000
  0.000
  0.000
  0.000
  0.000
  0.000
  5.836
  0.000
  0.000
  0.000
  0.000
  0.000
  0.000
  5.349
  0.000
  0.000
  0.000
  0.000
  0.000
  0.000
 14.765
  0.000
  0.000
  0.000
  0.000
  0.000
  0.000
  0.000
  0.000
  0.000
  0.000
  0.000
  8.329
  0.266
  0.000
  0.000
  0.000
  0.000
  0.000
  0.000
  0.000
  0.000
  0.000
  0.000
  7.575
  0.000
  0.000
  0.000
  0.000
  0.000
  4.457
  0.000
  0.000
  0.000
  0.000
  0.177
  9.911
  0.000
  0.000
  0.000
  0.000
  3.206
  0.000
  0.000
  0.000
  0.000
  6.120
  0.000
  0.000
  0.000
  0.000
  2.924
  0.000
  0.000
  0.000
  0.000
  5.594
  0.000
  0.000
  0.000
  0.000
  0.000
  0.000
  0.000
  0.000
  0.000
  8.982
  0.000
  0.000
  0.000
  0.000
  2.462
  0.000
  0.000
  0.000
  9.529
  0.000
  0.000
  0.000
  0.000
  4.577
  0.000
  0.000
  0.000
  2.217
