   0.000000000000000       134.809237514128085
  10.000000000000000       134.809000088694859
  20.000000000000000       134.803240478748734
  30.000000000000000       134.768280127633062
  40.000000000000000       134.676856491591252
  50.000000000000000       134.521126599527918
  60.000000000000000       134.307921377691855
  70.000000000000000       134.048765128250125
  80.000000000000000       133.754641129303621
  90.000000000000000       133.434372896363641
 100.000000000000000       133.094567438657549
 110.000000000000000       132.740034089024846
 120.000000000000000       132.374241751843101
 130.000000000000000       131.999698166971683
 140.000000000000000       131.618230395532123
 150.000000000000000       131.231181997366946
 160.000000000000000       130.839553815513824
 170.000000000000000       130.444101599857731
 180.000000000000000       130.045401262988264
 190.000000000000000       129.643897635034421
 200.000000000000000       129.239939141127820
 210.000000000000000       128.833800081408867
 220.000000000000000       128.425700244104121
 230.000000000000000       128.015815616796345
 240.000000000000000       127.604290921930954
 250.000000000000000       127.191242681015254
 260.000000000000000       126.776769281202050
 270.000000000000000       126.360950292357273
 280.000000000000000       125.943854014837470
 290.000000000000000       125.525537196905717
 300.000000000000000       125.106048446787810
 310.000000000000000       124.685427846329986
 320.000000000000000       124.263710870403912
 330.000000000000000       123.840927979866890
 340.000000000000000       123.417104168913909
 350.000000000000000       122.992262194807140
 360.000000000000000       122.566420740157398
 370.000000000000000       122.139597523796354
 380.000000000000000       121.711806562867594
 390.000000000000000       121.283060523365819
 400.000000000000000       120.853370295636182
 410.000000000000000       120.422745665253657
 420.000000000000000       119.991194862464127
 430.000000000000000       119.558725823374417
 440.000000000000000       119.125343863215676
 450.000000000000000       118.691054684864838
 460.000000000000000       118.255863250647380
 470.000000000000000       117.819774817166589
 480.000000000000000       117.382791305978486
 490.000000000000000       116.944915954585127
 500.000000000000000       116.506152136221800
 510.000000000000000       116.066500913610867
 520.000000000000000       115.625965535893712
 530.000000000000000       115.184545926069546
 540.000000000000000       114.742243899514989
 550.000000000000000       114.299060275619368
 560.000000000000000       113.854995427883907
 570.000000000000000       113.410050482301230
 580.000000000000000       112.964224380873375
 590.000000000000000       112.517518085160035
 600.000000000000000       112.069931390920516
 610.000000000000000       111.621463011117442
 620.000000000000000       111.172113304604650
 630.000000000000000       110.721881450635451
 640.000000000000000       110.270766454408914
 650.000000000000000       109.818767601598495
 660.000000000000000       109.365883739480324
 670.000000000000000       108.912114488386194
 680.000000000000000       108.457458484743071
 690.000000000000000       108.001913467068064
 700.000000000000000       107.545479853415301
 710.000000000000000       107.088154626341606
 720.000000000000000       106.629937971904980
 730.000000000000000       106.170826277686444
 740.000000000000000       105.710820375836064
 750.000000000000000       105.249917246706303
 760.000000000000000       104.788115642367544
 770.000000000000000       104.325413341406716
 780.000000000000000       103.861809562840875
 790.000000000000000       103.397301126810177
 800.000000000000000       102.931888161709580
 810.000000000000000       102.465568008118680
 820.000000000000000       101.998337773663167
 830.000000000000000       101.530197030585768
 840.000000000000000       101.061142047376705
 850.000000000000000       100.591174819609634
 860.000000000000000       100.120286980635299
 870.000000000000000        99.648482643698330
 880.000000000000000        99.175756857614076
 890.000000000000000        98.702108144625328
 900.000000000000000        98.227534263069572
 910.000000000000000        97.752033654471418
 920.000000000000000        97.275605076512264
 930.000000000000000        96.798243981322102
 940.000000000000000        96.319950786296374
 950.000000000000000        95.840723824663215
 960.000000000000000        95.360556249927200
 970.000000000000000        94.879451447698273
 980.000000000000000        94.397407450715178
 990.000000000000000        93.914416013633002
1000.000000000000000        93.430482293461196
