   0.000000000000000    0.000000000000000
  10.000000000000000    0.000000000000000
  20.000000000000000    2.234096597705502
  30.000000000000000    7.280449413828319
  40.000000000000000   15.657496509351766
  50.000000000000000   25.824161516851746
  60.000000000000000   36.069453373854053
  70.000000000000000   45.412714112276440
  80.000000000000000   53.505013920739295
  90.000000000000000   60.339032471546673
 100.000000000000000   66.049454609979875
 110.000000000000000   70.809823976265022
 120.000000000000000   74.787622955488033
 130.000000000000000   78.128185066970772
 140.000000000000000   80.951683536195205
 150.000000000000000   83.355459235055619
 160.000000000000000   85.417314828652891
 170.000000000000000   87.199191524786869
 180.000000000000000   88.750648059742531
 190.000000000000000   90.111346466350369
 200.000000000000000   91.313147925306112
 210.000000000000000   92.381813810183672
 220.000000000000000   93.338359629933251
 230.000000000000000   94.199914473097309
 240.000000000000000   94.980582007253545
 250.000000000000000   95.692054849350825
 260.000000000000000   96.343997141777066
 270.000000000000000   96.944655679754220
 280.000000000000000   97.500843034405250
 290.000000000000000   98.018271314864975
 300.000000000000000   98.501887789985631
 310.000000000000000   98.956001696997561
 320.000000000000000   99.384160708263508
 330.000000000000000   99.789378459047299
 340.000000000000000  100.174418654479084
 350.000000000000000  100.541644422424724
 360.000000000000000  100.893177415081311
 370.000000000000000  101.230588053690738
 380.000000000000000  101.555412838328635
 390.000000000000000  101.869294210989025
 400.000000000000000  102.173326916294172
 410.000000000000000  102.468528165132739
 420.000000000000000  102.755931481369771
 430.000000000000000  103.036294659128188
 440.000000000000000  103.310521082067865
 450.000000000000000  103.579446372779785
 460.000000000000000  103.843365410272966
 470.000000000000000  104.102690355194511
 480.000000000000000  104.358421224541956
 490.000000000000000  104.610948659590207
 500.000000000000000  104.860435046139173
 510.000000000000000  105.107404729927651
 520.000000000000000  105.352066457644113
 530.000000000000000  105.594933092524300
 540.000000000000000  105.836326327698771
 550.000000000000000  106.076372542884201
 560.000000000000000  106.315341871045533
 570.000000000000000  106.553451284940820
 580.000000000000000  106.791098186920863
 590.000000000000000  107.028301296464633
 600.000000000000000  107.265225269249655
 610.000000000000000  107.502238408481944
 620.000000000000000  107.739431762916510
 630.000000000000000  107.976926979236296
 640.000000000000000  108.214767434447992
 650.000000000000000  108.453253856656374
 660.000000000000000  108.692678712727499
 670.000000000000000  108.932797651976571
 680.000000000000000  109.173808768880562
 690.000000000000000  109.416089882142842
 700.000000000000000  109.659558250394184
 710.000000000000000  109.904264476691608
 720.000000000000000  110.150517035694790
 730.000000000000000  110.398467774514572
 740.000000000000000  110.647759098967057
 750.000000000000000  110.898689114983426
 760.000000000000000  111.151764852879580
 770.000000000000000  111.406585359293970
 780.000000000000000  111.663477449922368
 790.000000000000000  111.922816464508657
 800.000000000000000  112.183848704211414
 810.000000000000000  112.447025943064375
 820.000000000000000  112.712823382648651
 830.000000000000000  112.981299543933716
 840.000000000000000  113.252122760354538
 850.000000000000000  113.525167273444808
 860.000000000000000  113.801567091676390
 870.000000000000000  114.080451161123349
 880.000000000000000  114.361893188161773
 890.000000000000000  114.646662052499607
 900.000000000000000  114.934555342944819
 910.000000000000000  115.225417113711600
 920.000000000000000  115.519095116178505
 930.000000000000000  115.816698680858835
 940.000000000000000  116.117188552871824
 950.000000000000000  116.420676430745516
 960.000000000000000  116.729246185719958
 970.000000000000000  117.040504835185132
 980.000000000000000  117.354608802811711
 990.000000000000000  117.674168554338394
1000.000000000000000  117.996695965412073
