# temperature   10.000000000000000
#   -0.000000547599161    0.000106183947472   -0.007395405184432    0.224006404966491   -2.500014918856309
  41.241813087993840    0.073196900000000
  42.557943425244879    0.083407700000000
  43.901780756913375    0.097147400000000
  45.273613697524539    0.109946200000000
  46.673730861603552    0.132072100000000
  48.102420863675576    0.155428200000000
  49.559972318265807    0.183028400000000
  51.046673839899441    0.221355300000000
  52.562814043101632    0.261003900000000
  54.108681542397569    0.305832000000000
  55.684564952312456    0.363982400000000


# temperature   20.000000000000000
#    0.000008985029439   -0.001534313920282    0.100977190139291   -3.001228120617955   33.872033866526117
  41.241813087993840    0.692355900000000
  42.557943425244879    0.811507800000000
  43.901780756913375    0.965787400000000
  45.273613697524539    1.137912700000000
  46.673730861603552    1.400290800000000
  48.102420863675576    1.688932300000000
  49.559972318265807    2.065636000000000
  51.046673839899441    2.568121400000000
  52.562814043101632    3.161556300000000
  54.108681542397569    3.929059400000000
  55.684564952312456    4.937743000000000


# temperature   30.000000000000000
#    0.000027905366324   -0.004642308826311    0.300029958170377   -8.796157432384614   98.203069189404516
  41.241813087993840    2.864818100000000
  42.557943425244879    3.390167100000000
  43.901780756913375    4.032302600000000
  45.273613697524539    4.780790600000000
  46.673730861603552    5.792567300000000
  48.102420863675576    6.892988200000000
  49.559972318265807    8.279591099999999
  51.046673839899441    9.995093499999999
  52.562814043101632   11.965811000000000
  54.108681542397569   14.374516600000000
  55.684564952312456   17.273932899999998


# temperature   40.000000000000000
#    0.000031469573057   -0.004947449175275    0.312199257686573   -9.077066268715257  101.559826211526101
  41.241813087993840    7.276518800000000
  42.557943425244879    8.480432300000000
  43.901780756913375    9.882147800000000
  45.273613697524539   11.485350000000000
  46.673730861603552   13.481168400000000
  48.102420863675576   15.612628200000000
  49.559972318265807   18.159834700000001
  51.046673839899441   21.120896500000001
  52.562814043101632   24.373751200000001
  54.108681542397569   28.118785299999999
  55.684564952312456   32.315139199999997


# temperature   50.000000000000000
#    0.000023320241414   -0.003337752347219    0.207867236631844   -6.151787312572812   71.301617776795794
  41.241813087993840   13.523904000000000
  42.557943425244879   15.455353799999999
  43.901780756913375   17.622296200000001
  45.273613697524539   20.033971300000001
  46.673730861603552   22.864762599999999
  48.102420863675576   25.826942400000000
  49.559972318265807   29.208793199999999
  51.046673839899441   32.950557400000001
  52.562814043101632   36.899814200000002
  54.108681542397569   41.232698499999998
  55.684564952312456   45.835608000000001


# temperature   60.000000000000000
#    0.000014779654487   -0.001871164839264    0.124124183350059   -4.036872814598188   51.444452141445453
  41.241813087993840   20.769230499999999
  42.557943425244879   23.311293899999999
  43.901780756913375   26.078534300000001
  45.273613697524539   29.077282000000000
  46.673730861603552   32.442851599999997
  48.102420863675576   35.892432100000001
  49.559972318265807   39.687289999999997
  51.046673839899441   43.726089899999998
  52.562814043101632   47.852163800000000
  54.108681542397569   52.215069200000002
  55.684564952312456   56.672985199999999


# temperature   70.000000000000000
#    0.000010224477124   -0.001237781107328    0.100279011414322   -3.712034579885425   51.119724157359720
  41.241813087993840   28.276148200000002
  42.557943425244879   31.245766300000000
  43.901780756913375   34.396992599999997
  45.273613697524539   37.730791000000004
  46.673730861603552   41.342971400000003
  48.102420863675576   44.974931400000003
  49.559972318265807   48.853969300000003
  51.046673839899441   52.859259500000000
  52.562814043101632   56.847395300000002
  54.108681542397569   60.948523500000000
  55.684564952312456   65.021416500000001


# temperature   80.000000000000000
#    0.000009167837429   -0.001256038486296    0.118370592029733   -4.507590452410059   61.751306494253541
  41.241813087993840   35.547331700000001
  42.557943425244879   38.761972499999999
  43.901780756913375   42.099857000000000
  45.273613697524539   45.558228499999998
  46.673730861603552   49.201952700000000
  48.102420863675576   52.804573599999998
  49.559972318265807   56.563098599999996
  51.046673839899441   60.353509000000003
  52.562814043101632   64.052841700000002
  54.108681542397569   67.777486400000001
  55.684564952312456   71.399394299999997


# temperature   90.000000000000000
#    0.000009980068909   -0.001580583155602    0.152573158855370   -5.611694651256003   74.111305585783043
  41.241813087993840   42.301821500000003
  42.557943425244879   45.610875100000001
  43.901780756913375   48.983947299999997
  45.273613697524539   52.417272500000003
  46.673730861603552   55.954374899999998
  48.102420863675576   59.401992499999999
  49.559972318265807   62.932450099999997
  51.046673839899441   66.427717599999994
  52.562814043101632   69.785989700000002
  54.108681542397569   73.113024100000004
  55.684564952312456   76.297417499999995


# temperature  100.000000000000000
#    0.000011397566645   -0.001966195789230    0.186041626827415   -6.538381154483899   83.131901700328712
  41.241813087993840   48.413902399999998
  42.557943425244879   51.706701799999998
  43.901780756913375   55.011182200000000
  45.273613697524539   58.324729800000000
  46.673730861603552   61.677185000000001
  48.102420863675576   64.905959999999993
  49.559972318265807   68.163504300000000
  51.046673839899441   71.341883600000003
  52.562814043101632   74.358235699999994
  54.108681542397569   77.309307599999997
  55.684564952312456   80.099789599999994


# temperature  110.000000000000000
#    0.000012732334166   -0.002289782660187    0.211201467522163   -7.100228375676605   87.221849702099220
  41.241813087993840   53.855552199999998
  42.557943425244879   57.057718800000004
  43.901780756913375   60.229109700000002
  45.273613697524539   63.369478700000002
  46.673730861603552   66.500273399999998
  48.102420863675576   69.485624599999994
  49.559972318265807   72.461720400000004
  51.046673839899441   75.331892100000005
  52.562814043101632   78.029127700000004
  54.108681542397569   80.642110299999999
  55.684564952312456   83.089666199999996


# temperature  120.000000000000000
#    0.000013703681433   -0.002508896721545    0.226200585891517   -7.281911716844730   86.659632985148022
  41.241813087993840   58.653730600000003
  42.557943425244879   61.719497699999998
  43.901780756913375   64.722100999999995
  45.273613697524539   67.664091099999993
  46.673730861603552   70.561904200000001
  48.102420863675576   73.302185699999995
  49.559972318265807   76.007518200000007
  51.046673839899441   78.592185700000002
  52.562814043101632   81.002000600000002
  54.108681542397569   83.318274900000006
  55.684564952312456   85.471752499999994


# temperature  130.000000000000000
#    0.000014253480143   -0.002622624102388    0.231922087774662   -7.142808770770613   82.443120323266044
  41.241813087993840   62.862356499999997
  42.557943425244879   65.766729900000001
  43.901780756913375   68.584478899999993
  45.273613697524539   71.320876600000005
  46.673730861603552   73.989406599999995
  48.102420863675576   76.495341999999994
  49.559972318265807   78.949651799999998
  51.046673839899441   81.276615600000000
  52.562814043101632   83.432258599999997
  54.108681542397569   85.491128900000007
  55.684564952312456   87.393847800000003


# temperature  140.000000000000000
#    0.000014424166714   -0.002647163267395    0.230219790615849   -6.762636712047862   75.683647590929141
  41.241813087993840   66.545441999999994
  42.557943425244879   69.277673300000004
  43.901780756913375   71.907161900000006
  45.273613697524539   74.441566699999996
  46.673730861603552   76.892629099999994
  48.102420863675576   79.180891099999997
  49.559972318265807   81.407256500000003
  51.046673839899441   83.504838899999996
  52.562814043101632   85.437747099999996
  54.108681542397569   87.274340199999997
  55.684564952312456   88.963382999999993


# temperature  150.000000000000000
#    0.000014291831575   -0.002603042073348    0.223045133240977   -6.216356252411798   67.348771975203476
  41.241813087993840   69.767697499999997
  42.557943425244879   72.326359299999993
  43.901780756913375   74.771923900000004
  45.273613697524539   77.113997600000005
  46.673730861603552   79.363271299999994
  48.102420863675576   81.452757500000004
  49.559972318265807   83.474540200000007
  51.046673839899441   85.369413899999998
  52.562814043101632   87.107883200000003
  54.108681542397569   88.752669900000001
  55.684564952312456   90.259257599999998


# temperature  160.000000000000000
#    0.000013935148777   -0.002509547734720    0.212100916449236   -5.565566716766954   58.192247010635313
  41.241813087993840   72.589766200000000
  42.557943425244879   74.979243699999998
  43.901780756913375   77.249651799999995
  45.273613697524539   79.412098099999994
  46.673730861603552   81.476606000000004
  48.102420863675576   83.386373100000000
  49.559972318265807   85.225695999999999
  51.046673839899441   86.941995500000004
  52.562814043101632   88.510851599999995
  54.108681542397569   89.989871699999995
  55.684564952312456   91.340106100000000


# temperature  170.000000000000000
#    0.000013422349629   -0.002382655157120    0.198738845504412   -4.857091122959592   48.759834842080018
  41.241813087993840   75.066164900000004
  42.557943425244879   77.294250199999993
  43.901780756913375   79.400545500000007
  45.273613697524539   81.397252699999996
  46.673730861603552   83.293932200000000
  48.102420863675576   85.042120400000002
  49.559972318265807   86.719199300000000
  51.046673839899441   88.278290699999999
  52.562814043101632   89.699022499999998
  54.108681542397569   91.034375600000004
  55.684564952312456   92.250038900000007


# temperature  180.000000000000000
#    0.000012808461013   -0.002234863272392    0.183983324768450   -4.125044457949478   39.428811643434472
  41.241813087993840   77.244720700000002
  42.557943425244879   79.321010900000005
  43.901780756913375   81.275152300000002
  45.273613697524539   83.120092200000002
  46.673730861603552   84.865032600000006
  48.102420863675576   86.468362600000006
  49.559972318265807   88.001299599999996
  51.046673839899441   89.421871600000003
  52.562814043101632   90.712954300000007
  54.108681542397569   91.923351299999993
  55.684564952312456   93.022642800000000


# temperature  190.000000000000000
#    0.000012134982883   -0.002075408572145    0.168571998258737   -3.393000673545420   30.442952232952010
  41.241813087993840   79.166781700000001
  42.557943425244879   81.101639899999995
  43.901780756913375   82.915669500000007
  45.273613697524539   84.622276099999993
  46.673730861603552   86.230353100000002
  48.102420863675576   87.703948100000005
  49.559972318265807   89.108763499999995
  51.046673839899441   90.407058800000001
  52.562814043101632   91.584333000000001
  54.108681542397569   92.685620999999998
  55.684564952312456   93.683789800000000


# temperature  200.000000000000000
#    0.000011432724716   -0.001911017447850    0.153027789458126   -2.676876319178694   21.952517859085184
  41.241813087993840   80.867786499999994
  42.557943425244879   82.671686600000001
  43.901780756913375   84.357242600000006
  45.273613697524539   85.938089000000005
  46.673730861603552   87.422831200000005
  48.102420863675576   88.780214500000000
  49.559972318265807   90.070993000000001
  51.046673839899441   91.261087599999996
  52.562814043101632   92.338130699999994
  54.108681542397569   93.343757400000001
  55.684564952312456   94.253630200000003


# temperature  210.000000000000000
#    0.000010723720601   -0.001746417921823    0.137707702477522   -1.986856443804464   14.040327753311216
  41.241813087993840   82.377962299999993
  42.557943425244879   84.061091899999994
  43.901780756913375   85.629142900000005
  45.273613697524539   87.095799099999994
  46.673730861603552   88.469385000000003
  48.102420863675576   89.722567900000001
  49.559972318265807   90.911650800000004
  51.046673839899441   92.005734200000006
  52.562814043101632   92.994197999999997
  54.108681542397569   93.915608599999999
  55.684564952312456   94.748022199999994


# temperature  220.000000000000000
#    0.000010023164728   -0.001584812103791    0.122844894281599   -1.328969627519782    6.742189694126782
  41.241813087993840   83.723033599999994
  42.557943425244879   85.295066100000000
  43.901780756913375   86.755783600000001
  45.273613697524539   88.118782199999998
  46.673730861603552   89.392106900000002
  48.102420863675576   90.551717900000000
  49.559972318265807   91.649904500000005
  51.046673839899441   92.658540200000004
  52.562814043101632   93.568445900000000
  54.108681542397569   94.415415300000006
  55.684564952312456   95.179567700000007


# temperature  230.000000000000000
#    0.000009341266704   -0.001428304547761    0.108585026461716   -0.706394813865968    0.063281615539588
  41.241813087993840   84.924880500000000
  42.557943425244879   86.394857500000001
  43.901780756913375   87.757575000000003
  45.273613697524539   89.026438499999998
  46.673730861603552   90.209213500000004
  48.102420863675576   91.284640800000005
  49.559972318265807   92.301381800000001
  51.046673839899441   93.233738799999998
  52.562814043101632   94.073729200000002
  54.108681542397569   94.854638100000003
  55.684564952312456   95.558373399999994


# temperature  240.000000000000000
#    0.000008684680502   -0.001278223277619    0.095012808347691   -0.120389069710124   -6.010608847935547
  41.241813087993840   86.002126300000000
  42.557943425244879   87.378410099999996
  43.901780756913375   88.651632599999999
  45.273613697524539   89.834933399999997
  46.673730861603552   90.935798700000007
  48.102420863675576   91.935331199999993
  49.559972318265807   92.878905500000002
  51.046673839899441   93.742960199999999
  52.562814043101632   94.520512600000004
  54.108681542397569   95.242574399999995
  55.684564952312456   95.892613699999998


# temperature  250.000000000000000
#    0.000008057301135   -0.001135306150816    0.082167777669343    0.429159574006347  -11.506541955201348
  41.241813087993840   86.970645200000007
  42.557943425244879   88.260914900000003
  43.901780756913375   89.452357500000005
  45.273613697524539   90.557793200000006
  46.673730861603552   91.584431100000003
  48.102420863675576   92.515390400000001
  49.559972318265807   93.393061799999998
  51.046673839899441   94.195770899999999
  52.562814043101632   94.917375800000002
  54.108681542397569   95.586824600000000
  55.684564952312456   96.188953600000005


# temperature  260.000000000000000
#    0.000007461301884   -0.000999923545322    0.070061884191583    0.943145312106630  -16.457642844781844
  41.241813087993840   87.843995899999996
  42.557943425244879   89.055269600000003
  43.901780756913375   90.171911399999999
  45.273613697524539   91.206385499999996
  46.673730861603552   92.165627599999993
  48.102420863675576   93.034488199999998
  49.559972318265807   93.852642900000006
  51.046673839899441   94.600090899999998
  52.562814043101632   95.271401699999998
  54.108681542397569   95.893646500000003
  55.684564952312456   96.452867600000005


# temperature  270.000000000000000
#    0.000006897411699   -0.000872145002610    0.058685121282765    1.423058259404575  -20.901214904143657
  41.241813087993840   88.633787600000005
  42.557943425244879   89.772459299999994
  43.901780756913375   90.820603399999996
  45.273613697524539   91.790305000000004
  46.673730861603552   92.688231500000001
  48.102420863675576   93.500727400000002
  49.559972318265807   94.264992699999993
  51.046673839899441   94.962516800000003
  52.562814043101632   95.588474399999996
  54.108681542397569   96.168226899999993
  55.684564952312456   96.688884200000004


# temperature  280.000000000000000
#    0.000006365526704   -0.000751869950815    0.048015731822032    1.870650909391817  -24.875004158616726
  41.241813087993840   89.349986999999999
  42.557943425244879   90.421870699999999
  43.901780756913375   91.407205700000006
  45.273613697524539   92.317684700000001
  46.673730861603552   93.159713400000001
  48.102420863675576   93.920932300000004
  49.559972318265807   94.636278799999999
  51.046673839899441   95.288574699999998
  52.562814043101632   95.873512399999996
  54.108681542397569   96.414891999999995
  55.684564952312456   96.900773799999996


# temperature  290.000000000000000
#    0.000005864751712   -0.000638838557911    0.038021053375450    2.287923941476976  -28.417451608618602
  41.241813087993840   90.001174700000007
  42.557943425244879   91.011551499999996
  43.901780756913375   91.939210900000006
  45.273613697524539   92.795447800000005
  46.673730861603552   93.586413800000003
  48.102420863675576   94.300878400000002
  49.559972318265807   94.971708100000001
  51.046673839899441   95.582919399999994
  52.562814043101632   96.130650099999997
  54.108681542397569   96.637272400000001
  55.684564952312456   97.091695200000004


# temperature  300.000000000000000
#    0.000005394059401   -0.000532765293985    0.028667489070776    2.676809073505719  -31.564136941263349
  41.241813087993840   90.594759900000000
  42.557943425244879   91.548424800000006
  43.901780756913375   92.423043100000001
  45.273613697524539   93.229511900000006
  46.673730861603552   93.973737299999996
  48.102420863675576   94.645477400000004
  49.559972318265807   95.275698399999996
  51.046673839899441   95.849492299999994
  52.562814043101632   96.363382200000004
  54.108681542397569   96.838431099999994
  55.684564952312456   97.264309699999998


# temperature  310.000000000000000
#    0.000004952130071   -0.000433310482508    0.019918510218746    3.039241759191356  -34.348926708620958
  41.241813087993840   91.137158900000003
  42.557943425244879   92.038465900000006
  43.901780756913375   92.864230000000006
  45.273613697524539   93.624955200000002
  46.673730861603552   94.326311000000004
  48.102420863675576   94.958924499999995
  49.559972318265807   95.552015400000002
  51.046673839899441   96.091647199999997
  52.562814043101632   96.574677300000005
  54.108681542397569   97.020966900000005
  55.684564952312456   97.420871899999995


# temperature  320.000000000000000
#    0.000004537207755   -0.000340054436563    0.011732834360658    3.377226497041403  -36.804975113461374
  41.241813087993840   91.633945400000002
  42.557943425244879   92.486849599999999
  43.901780756913375   93.267545799999994
  45.273613697524539   93.986152599999997
  46.673730861603552   94.648112100000006
  48.102420863675576   95.244818899999999
  49.559972318265807   95.803883999999996
  51.046673839899441   96.312251300000000
  52.562814043101632   96.767069699999993
  54.108681542397569   97.187094700000003
  55.684564952312456   97.563301800000005


# temperature  330.000000000000000
#    0.000004147854413   -0.000252642590265    0.004074760252198    3.692518550139172  -38.961179526654121
  41.241813087993840   92.089974900000001
  42.557943425244879   92.898071500000000
  43.901780756913375   93.637127800000002
  45.273613697524539   94.316886900000000
  46.673730861603552   94.942572999999996
  48.102420863675576   95.506260800000007
  49.559972318265807   96.034077499999995
  51.046673839899441   96.513766599999997
  52.562814043101632   96.942732699999993
  54.108681542397569   97.338712299999997
  55.684564952312456   97.693241999999998


# temperature  340.000000000000000
#    0.000003782594008   -0.000170718907387   -0.003090557238117    3.986778463991420  -40.844156564102647
  41.241813087993840   92.509489500000001
  42.557943425244879   93.276049599999993
  43.901780756913375   93.976573799999997
  45.273613697524539   94.620440799999997
  46.673730861603552   95.212666799999994
  48.102420863675576   95.745931400000003
  49.559972318265807   96.244990500000000
  51.046673839899441   96.698316399999996
  52.562814043101632   97.103538299999997
  54.108681542397569   97.477451900000005
  55.684564952312456   97.812104399999996


# temperature  350.000000000000000
#    0.000003439662854   -0.000093876121065   -0.009800879515612    4.261703597883444  -42.480014703317643
  41.241813087993840   92.896206599999999
  42.557943425244879   93.624209399999998
  43.901780756913375   94.289022500000002
  45.273613697524539   94.899673199999995
  46.673730861603552   95.460978499999996
  48.102420863675576   95.966158399999998
  49.559972318265807   96.438699099999994
  51.046673839899441   96.867738799999998
  52.562814043101632   97.251105300000006
  54.108681542397569   97.604724200000007
  55.684564952312456   97.921107800000001


# temperature  360.000000000000000
#    0.000003117801639   -0.000021810488729   -0.016085649529509    4.518671465175743  -43.890183659679259
  41.241813087993840   93.253392199999993
  42.557943425244879   93.945554099999995
  43.901780756913375   94.577220999999994
  45.273613697524539   95.157081700000006
  46.673730861603552   95.689763099999993
  48.102420863675576   96.168969300000001
  49.559972318265807   96.617009499999995
  51.046673839899441   97.023631600000002
  52.562814043101632   97.386839499999994
  54.108681542397569   97.721752499999994
  55.684564952312456   98.021308500000004


# temperature  370.000000000000000
#    0.000002815501237    0.000045826162462   -0.021976880489563    4.759097960370430  -45.095858150481497
  41.241813087993840   93.583924199999998
  42.557943425244879   94.242725100000001
  43.901780756913375   94.843581099999994
  45.273613697524539   95.394855500000006
  46.673730861603552   95.900994299999994
  48.102420863675576   96.356136899999996
  49.559972318265807   96.781498999999997
  51.046673839899441   97.167388399999993
  52.562814043101632   97.511965900000007
  54.108681542397569   97.829602300000005
  55.684564952312456   98.113625799999994


# temperature  380.000000000000000
#    0.000002531418435    0.000109344032322   -0.027503112869415    4.984244707464831  -46.115745853228368
  41.241813087993840   93.890344700000000
  42.557943425244879   94.518051400000004
  43.901780756913375   95.090225899999993
  45.273613697524539   95.614919400000005
  46.673730861603552   96.096405399999995
  48.102420863675576   96.529215899999997
  49.559972318265807   96.933549400000004
  51.046673839899441   97.300229200000004
  52.562814043101632   97.627555700000002
  54.108681542397569   97.929204499999997
  55.684564952312456   98.198862399999996


# temperature  390.000000000000000
#    0.000002264206200    0.000169051094033   -0.032692234952819    5.195319163633111  -46.967407288430607
  41.241813087993840   94.174905199999998
  42.557943425244879   94.773592699999995
  43.901780756913375   95.319030299999994
  45.273613697524539   95.818970600000000
  46.673730861603552   96.277522899999994
  48.102420863675576   96.689574199999996
  49.559972318265807   97.074375399999994
  51.046673839899441   97.423225200000005
  52.562814043101632   97.734549200000004
  54.108681542397569   98.021375699999993
  55.684564952312456   98.277721799999995


# temperature  400.000000000000000
#    0.000002012811938    0.000225193182487   -0.037567035223943    5.393331087751653  -47.665553249017471
  41.241813087993840   94.439604900000006
  42.557943425244879   95.011174800000006
  43.901780756913375   95.531654200000006
  45.273613697524539   96.008510099999995
  46.673730861603552   96.445695299999997
  48.102420863675576   96.838419000000002
  49.559972318265807   97.205048000000005
  51.046673839899441   97.537320300000005
  52.562814043101632   97.833774099999999
  54.108681542397569   98.106834100000000
  55.684564952312456   98.350822399999998


# temperature  410.000000000000000
#    0.000001776100153    0.000278029266262   -0.042150832915499    5.579280696590136  -48.224409229677022
  41.241813087993840   94.686223200000001
  42.557943425244879   95.232420700000006
  43.901780756913375   95.729571300000003
  45.273613697524539   96.184868699999996
  46.673730861603552   96.602117199999995
  48.102420863675576   96.976818600000001
  49.559972318265807   97.326514099999997
  51.046673839899441   97.643348399999994
  52.562814043101632   97.925961099999995
  54.108681542397569   98.186213499999994
  55.684564952312456   98.418709800000002


# temperature  420.000000000000000
#    0.000001553060676    0.000327789746279   -0.046464383454036    5.754058573836749  -48.656519883658142
  41.241813087993840   94.916347500000001
  42.557943425244879   95.438776399999995
  43.901780756913375   95.914092900000000
  45.273613697524539   96.349229699999995
  46.673730861603552   96.747849500000001
  48.102420863675576   97.105721299999999
  49.559972318265807   97.439613600000001
  51.046673839899441   97.742048699999998
  52.562814043101632   98.011757599999996
  54.108681542397569   98.260075099999995
  55.684564952312456   98.481866699999998


# temperature  430.000000000000000
#    0.000001342713272    0.000374697735968   -0.050527649751353    5.918511496556460  -48.973661381151800
  41.241813087993840   95.131397199999995
  42.557943425244879   95.631533599999997
  43.901780756913375   96.086389100000005
  45.273613697524539   96.502647699999997
  46.673730861603552   96.883837099999994
  48.102420863675576   97.225970799999999
  49.559972318265807   97.545093199999997
  51.046673839899441   97.834077800000003
  52.562814043101632   98.091738399999997
  54.108681542397569   98.328916800000002
  55.684564952312456   98.540721300000001


# temperature  440.000000000000000
#    0.000001144295846    0.000418929772531   -0.054356767033767    6.073340081209865  -49.185563504837802
  41.241813087993840   95.332644500000001
  42.557943425244879   95.811848100000006
  43.901780756913375   96.247506200000004
  45.273613697524539   96.646064800000005
  46.673730861603552   97.010923599999998
  48.102420863675576   97.338319700000000
  49.559972318265807   97.643618700000005
  51.046673839899441   97.920020899999997
  52.562814043101632   98.166415400000005
  54.108681542397569   98.393181900000002
  55.684564952312456   98.595654600000003


# temperature  450.000000000000000
#    0.000000956808943    0.000460706743435   -0.057970838399435    6.219324620653418  -49.302719695487795
  41.241813087993840   95.521231599999993
  42.557943425244879   95.980757199999999
  43.901780756913375   96.398381900000004
  45.273613697524539   96.780324899999997
  46.673730861603552   97.129863700000001
  48.102420863675576   97.443441100000001
  49.559972318265807   97.735785100000001
  51.046673839899441   98.000400700000000
  52.562814043101632   98.236245699999998
  54.108681542397569   98.453266099999993
  55.684564952312456   98.647006500000003


# temperature  460.000000000000000
#    0.000000779582740    0.000500183046800   -0.061383850107139    6.357064738918682  -49.333259575853745
  41.241813087993840   95.698186600000000
  42.557943425244879   96.139193300000002
  43.901780756913375   96.539858699999996
  45.273613697524539   96.906185399999998
  46.673730861603552   97.241334600000002
  48.102420863675576   97.541938299999998
  49.559972318265807   97.822125299999996
  51.046673839899441   98.075685100000001
  52.562814043101632   98.301638199999999
  54.108681542397569   98.509523099999996
  55.684564952312456   98.695080700000005


# temperature  470.000000000000000
#    0.000000611949768    0.000537510197421   -0.064609308271880    6.487130034625228  -49.284784511683469
  41.241813087993840   95.864436299999994
  42.557943425244879   96.287996399999997
  43.901780756913375   96.672694800000002
  45.273613697524539   97.024327400000004
  46.673730861603552   97.345944900000006
  48.102420863675576   97.634353500000003
  49.559972318265807   97.903118000000006
  51.046673839899441   98.146294200000000
  52.562814043101632   98.362959900000007
  54.108681542397569   98.562270200000000
  55.684564952312456   98.740149900000006


# temperature  480.000000000000000
#    0.000000453297867    0.000572827951951   -0.067659703678871    6.610046931925422  -49.164261174639051
  41.241813087993840   96.020818300000002
  42.557943425244879   96.427924899999994
  43.901780756913375   96.797574200000000
  45.273613697524539   97.135365100000001
  46.673730861603552   97.444242700000004
  48.102420863675576   97.721174500000004
  49.559972318265807   97.979193699999996
  51.046673839899441   98.212605600000003
  52.562814043101632   98.420540700000004
  54.108681542397569   98.611792699999995
  55.684564952312456   98.782458599999998


# temperature  490.000000000000000
#    0.000000302958656    0.000606284702940   -0.070547908829247    6.726341488904914  -48.978513092976698
  41.241813087993840   96.168090599999999
  42.557943425244879   96.559664400000003
  43.901780756913375   96.915115099999994
  45.273613697524539   97.239853100000005
  46.673730861603552   97.536722999999995
  48.102420863675576   97.802841700000002
  49.559972318265807   98.050740899999994
  51.046673839899441   98.274959999999993
  52.562814043101632   98.474677700000001
  54.108681542397569   98.658347399999997
  55.684564952312456   98.822227400000003


# temperature  500.000000000000000
#    0.000000160500544    0.000637980873796   -0.073283105028465    6.836410301392776  -48.732696502860144
  41.241813087993840   96.306940400000002
  42.557943425244879   96.683836299999996
  43.901780756913375   97.025877100000002
  45.273613697524539   97.338293199999995
  46.673730861603552   97.623833399999995
  48.102420863675576   97.879752999999994
  49.559972318265807   98.118110400000006
  51.046673839899441   98.333664900000002
  52.562814043101632   98.525639499999997
  54.108681542397569   98.702166300000002
  55.684564952312456   98.859655099999998


# temperature  510.000000000000000
#    0.000000025316042    0.000668051103258   -0.075876897179776    6.940722157369193  -48.432783119824521
  41.241813087993840   96.437991999999994
  42.557943425244879   96.801004800000001
  43.901780756913375   97.130368000000004
  45.273613697524539   97.431140499999998
  46.673730861603552   97.705979400000004
  48.102420863675576   97.952269099999995
  49.559972318265807   98.181619999999995
  51.046673839899441   98.388998599999994
  52.562814043101632   98.573668799999993
  54.108681542397569   98.743459000000001
  55.684564952312456   98.894921499999995


# temperature  520.000000000000000
#   -0.000000103104641    0.000696607534314   -0.078338944865504    7.039669896382961  -48.083690227224928
  41.241813087993840   96.561813599999994
  42.557943425244879   96.911682700000000
  43.901780756913375   97.229049300000000
  45.273613697524539   97.518808199999995
  46.673730861603552   97.783529400000006
  48.102420863675576   98.020716899999996
  49.559972318265807   98.241557900000004
  51.046673839899441   98.441213500000003
  52.562814043101632   98.618985600000002
  54.108681542397569   98.782415599999993
  55.684564952312456   98.928189599999996


# temperature  530.000000000000000
#   -0.000000225106411    0.000723731900643   -0.080676773197543    7.133577246181058  -47.689520435644582
  41.241813087993840   96.678922799999995
  42.557943425244879   97.016336999999993
  43.901780756913375   97.322340900000000
  45.273613697524539   97.601672399999998
  46.673730861603552   97.856818099999998
  48.102420863675576   98.085393999999994
  49.559972318265807   98.298186000000001
  51.046673839899441   98.490538999999998
  52.562814043101632   98.661790100000005
  54.108681542397569   98.819208599999996
  55.684564952312456   98.959607199999994


# temperature  540.000000000000000
#   -0.000000341068797    0.000749509091936   -0.082897827597573    7.222752654693797  -47.254059843065072
  41.241813087993840   96.789792399999996
  42.557943425244879   97.115394100000003
  43.901780756913375   97.410625899999999
  45.273613697524539   97.680075799999997
  46.673730861603552   97.926150800000002
  48.102420863675576   98.146571100000003
  49.559972318265807   98.351742599999994
  51.046673839899441   98.537183700000000
  52.562814043101632   98.702263900000005
  54.108681542397569   98.853994900000004
  55.684564952312456   98.989308800000003


# temperature  550.000000000000000
#   -0.000000451380535    0.000774026362196   -0.085009729128388    7.307507982052711  -46.781129646951676
  41.241813087993840   96.894854199999997
  42.557943425244879   97.209243200000003
  43.901780756913375   97.494254100000006
  45.273613697524539   97.754331199999996
  46.673730861603552   97.991805600000006
  48.102420863675576   98.204495300000005
  49.559972318265807   98.402445299999997
  51.046673839899441   98.581337899999994
  52.562814043101632   98.740572799999995
  54.108681542397569   98.886917600000004
  55.684564952312456   99.017416999999995


# temperature  560.000000000000000
#   -0.000000556562888    0.000797395069689   -0.087021694106788    7.388199316799239  -46.275020000923703
  41.241813087993840   96.994503899999998
  42.557943425244879   97.298240800000002
  43.901780756913375   97.573545300000006
  45.273613697524539   97.824724599999996
  46.673730861603552   98.054037199999996
  48.102420863675576   98.259392199999994
  49.559972318265807   98.450492499999996
  51.046673839899441   98.623175200000006
  52.562814043101632   98.776868199999996
  54.108681542397569   98.918107300000003
  55.684564952312456   99.044043400000007


# temperature  570.000000000000000
#   -0.000000656636359    0.000819628771079   -0.088935767435695    7.464947874057398  -45.737167566137799
  41.241813087993840   97.089104399999997
  42.557943425244879   97.382713499999994
  43.901780756913375   97.648792799999995
  45.273613697524539   97.891518099999999
  46.673730861603552   98.113078400000006
  48.102420863675576   98.311468500000004
  49.559972318265807   98.496065900000005
  51.046673839899441   98.662854499999995
  52.562814043101632   98.811288399999995
  54.108681542397569   98.947682999999998
  55.684564952312456   99.069290300000006


# temperature  580.000000000000000
#   -0.000000752081698    0.000840830028762   -0.090760396566678    7.538077093044232  -45.171416459191569
  41.241813087993840   97.178988500000003
  42.557943425244879   97.462960899999999
  43.901780756913375   97.720265299999994
  45.273613697524539   97.954951699999995
  46.673730861603552   98.169142600000001
  48.102420863675576   98.360913499999995
  49.559972318265807   98.539332000000002
  51.046673839899441   98.700521400000000
  52.562814043101632   98.843960100000004
  54.108681542397569   98.975754199999997
  55.684564952312456   99.093251300000006


# temperature  590.000000000000000
#   -0.000000843178870    0.000861061523670   -0.092501040887691    7.607809700611432  -44.580364912897139
  41.241813087993840   97.264462600000002
  42.557943425244879   97.539258599999997
  43.901780756913375   97.788209899999998
  45.273613697524539   98.015246099999999
  46.673730861603552   98.222425999999999
  48.102420863675576   98.407900699999999
  49.559972318265807   98.580443399999993
  51.046673839899441   98.736309199999994
  52.562814043101632   98.874999500000001
  54.108681542397569   99.002420999999998
  55.684564952312456   99.116011900000004


# temperature  600.000000000000000
#   -0.000000930107229    0.000880365436224   -0.094161584526813    7.674313740122773  -43.965928135690085
  41.241813087993840   97.345808700000006
  42.557943425244879   97.611860100000001
  43.901780756913375   97.852853899999999
  45.273613697524539   98.072604100000007
  46.673730861603552   98.273108699999995
  48.102420863675576   98.452590000000001
  49.559972318265807   98.619540400000005
  51.046673839899441   98.770340599999997
  52.562814043101632   98.904513199999997
  54.108681542397569   99.027775300000002
  55.684564952312456   99.137651099999999


# temperature  610.000000000000000
#   -0.000001013239508    0.000898820774004   -0.095748502887471    7.737836435965729  -43.330940963155776
  41.241813087993840   97.423286599999997
  42.557943425244879   97.680999000000000
  43.901780756913375   97.914406499999998
  45.273613697524539   98.127212599999993
  46.673730861603552   98.321356699999995
  48.102420863675576   98.495128199999996
  49.559972318265807   98.656752200000000
  51.046673839899441   98.802728400000007
  52.562814043101632   98.932599600000003
  54.108681542397569   99.051901799999996
  55.684564952312456   99.158241099999998


# temperature  620.000000000000000
#   -0.000001092588608    0.000916437341336   -0.097263282303107    7.798464660951375  -42.676333018494169
  41.241813087993840   97.497136200000000
  42.557943425244879   97.746890800000003
  43.901780756913375   97.973060899999993
  45.273613697524539   98.179243700000001
  46.673730861603552   98.367322799999997
  48.102420863675576   98.535650799999999
  49.559972318265807   98.692197699999994
  51.046673839899441   98.833576600000001
  52.562814043101632   98.959348899999995
  54.108681542397569   99.074878299999995
  55.684564952312456   99.177848600000004


# temperature  630.000000000000000
#   -0.000001168472562    0.000933282851839   -0.098711492270986    7.856411506431739  -42.004507244266350
  41.241813087993840   97.567579400000000
  42.557943425244879   97.809734700000007
  43.901780756913375   98.028995399999999
  45.273613697524539   98.228856600000000
  46.673730861603552   98.411148200000000
  48.102420863675576   98.574282900000000
  49.559972318265807   98.725986700000007
  51.046673839899441   98.862980899999997
  52.562814043101632   98.984844499999994
  54.108681542397569   99.096776700000007
  55.684564952312456   99.196534999999997


# temperature  640.000000000000000
#   -0.000001241231849    0.000949428707078   -0.100098906231193    7.911893648599100  -41.317893163366769
  41.241813087993840   97.634821200000005
  42.557943425244879   97.869714900000005
  43.901780756913375   98.082374700000003
  45.273613697524539   98.276198100000002
  46.673730861603552   98.452963299999993
  48.102420863675576   98.611139699999995
  49.559972318265807   98.758220600000001
  51.046673839899441   98.891029900000007
  52.562814043101632   99.009163500000000
  54.108681542397569   99.117663199999996
  55.684564952312456   99.214357100000001


# temperature  650.000000000000000
#   -0.000001310851920    0.000964877590192   -0.101426312618536    7.964966725191616  -40.616994184277061
  41.241813087993840   97.699051600000004
  42.557943425244879   97.927001899999993
  43.901780756913375   98.133351700000006
  45.273613697524539   98.321404400000006
  46.673730861603552   98.492888899999997
  48.102420863675576   98.646328199999999
  49.559972318265807   98.788993000000005
  51.046673839899441   98.917805500000000
  52.562814043101632   99.032376999999997
  54.108681542397569   99.137599100000003
  55.684564952312456   99.231367300000002


# temperature  660.000000000000000
#   -0.000001377532703    0.000979673256900   -0.102697424521873    8.015777780008085  -39.903398214684586
  41.241813087993840   97.760446799999997
  42.557943425244879   97.981753800000007
  43.901780756913375   98.182067599999996
  45.273613697524539   98.364601500000006
  46.673730861603552   98.531036799999995
  48.102420863675576   98.679947200000001
  49.559972318265807   98.818390899999997
  51.046673839899441   98.943383400000002
  52.562814043101632   99.054550899999995
  54.108681542397569   99.156641199999996
  55.684564952312456   99.247614100000007


# temperature  670.000000000000000
#   -0.000001441438952    0.000993852206982   -0.103915383538705    8.064453226570125  -39.178433802031165
  41.241813087993840   97.819170400000004
  42.557943425244879   98.034117300000005
  43.901780756913375   98.228653699999995
  45.273613697524539   98.405906200000004
  46.673730861603552   98.567510499999997
  48.102420863675576   98.712088499999993
  49.559972318265807   98.846494600000000
  51.046673839899441   98.967833799999994
  52.562814043101632   99.075746199999998
  54.108681542397569   99.174842100000006
  55.684564952312456   99.263142500000001


# temperature  680.000000000000000
#   -0.000001502684539    0.001007440692748   -0.105082551480724    8.111092659482127  -38.443103637137988
  41.241813087993840   97.875374399999998
  42.557943425244879   98.084228699999997
  43.901780756913375   98.273231800000005
  45.273613697524539   98.445427100000003
  46.673730861603552   98.602406400000007
  48.102420863675576   98.742837199999997
  49.559972318265807   98.873379000000000
  51.046673839899441   98.991221999999993
  52.562814043101632   99.096019699999999
  54.108681542397569   99.192250500000000
  55.684564952312456   99.277994100000001


# temperature  690.000000000000000
#   -0.000001561485514    0.001020485093134   -0.106202757467985    8.155842312841724  -37.698978683793513
  41.241813087993840   97.929200300000005
  42.557943425244879   98.132214700000006
  43.901780756913375   98.315915399999994
  45.273613697524539   98.483265200000005
  46.673730861603552   98.635813900000002
  48.102420863675576   98.772272400000006
  49.559972318265807   98.899113200000002
  51.046673839899441   99.013608500000004
  52.562814043101632   99.115423800000002
  54.108681542397569   99.208911700000002
  55.684564952312456   99.292207700000006


# temperature  700.000000000000000
#   -0.000001618048640    0.001033028663582   -0.107279501447157    8.198834089214579  -36.947429235492187
  41.241813087993840   97.980779499999997
  42.557943425244879   98.178193399999998
  43.901780756913375   98.356809799999994
  45.273613697524539   98.519514400000006
  46.673730861603552   98.667816200000004
  48.102420863675576   98.800467600000005
  49.559972318265807   98.923761999999996
  51.046673839899441   99.035049500000000
  52.562814043101632   99.134007600000004
  54.108681542397569   99.224867799999998
  55.684564952312456   99.305819200000002


# temperature  710.000000000000000
#   -0.000001672308094    0.001045062332338   -0.108312518805516    8.240079323369089  -36.188395776321897
  41.241813087993840   98.030235000000005
  42.557943425244879   98.222274799999994
  43.901780756913375   98.396013300000007
  45.273613697524539   98.554261999999994
  46.673730861603552   98.698490800000002
  48.102420863675576   98.827491499999994
  49.559972318265807   98.947385400000002
  51.046673839899441   99.055597500000005
  52.562814043101632   99.151816499999995
  54.108681542397569   99.240157999999994
  55.684564952312456   99.318862199999998


# temperature  720.000000000000000
#   -0.000001724427544    0.001056621278598   -0.109304726870790    8.279690279071085  -35.423030320704775
  41.241813087993840   98.077681100000007
  42.557943425244879   98.264561299999997
  43.901780756913375   98.433617600000005
  45.273613697524539   98.587589699999995
  46.673730861603552   98.727909999999994
  48.102420863675576   98.853407799999999
  49.559972318265807   98.970039299999996
  51.046673839899441   99.075301300000007
  52.562814043101632   99.168892999999997
  54.108681542397569   99.254818799999995
  55.684564952312456   99.331367900000004


# temperature  730.000000000000000
#   -0.000001774593550    0.001067744687913   -0.110259292102601    8.317785365951616  -34.652548795630068
  41.241813087993840   98.123224800000003
  42.557943425244879   98.305148799999998
  43.901780756913375   98.469708100000005
  45.273613697524539   98.619573500000001
  46.673730861603552   98.756141099999994
  48.102420863675576   98.878276000000000
  49.559972318265807   98.991776000000002
  51.046673839899441   99.094206400000004
  52.562814043101632   99.185276700000003
  54.108681542397569   99.268884200000002
  55.684564952312456   99.343365300000002


# temperature  740.000000000000000
#   -0.000001822746572    0.001078423765800   -0.111175882085436    8.354369687693771  -33.876810152586039
  41.241813087993840   98.166966000000002
  42.557943425244879   98.344126700000004
  43.901780756913375   98.504364800000005
  45.273613697524539   98.650284499999998
  46.673730861603552   98.783247200000005
  48.102420863675576   98.902151900000007
  49.559972318265807   99.012644199999997
  51.046673839899441   99.112355399999998
  52.562814043101632   99.201004400000002
  54.108681542397569   99.282385899999994
  55.684564952312456   99.354881500000005


# temperature  750.000000000000000
#   -0.000001869212244    0.001088724977052   -0.112059645185373    8.389624516398589  -33.097799662130470
  41.241813087993840   98.208998199999996
  42.557943425244879   98.381578800000000
  43.901780756913375   98.537662400000002
  45.273613697524539   98.679789299999996
  46.673730861603552   98.809286999999998
  48.102420863675576   98.925087500000004
  49.559972318265807   99.032689599999998
  51.046673839899441   99.129788000000005
  52.562814043101632   99.216110700000002
  54.108681542397569   99.295353800000001
  55.684564952312456   99.365942000000004


# temperature  760.000000000000000
#   -0.000001913935708    0.001098639043888   -0.112910102231678    8.423546014727073  -32.315244363813825
  41.241813087993840   98.249408900000006
  42.557943425244879   98.417583199999996
  43.901780756913375   98.569670700000003
  45.273613697524539   98.708149800000001
  46.673730861603552   98.834315700000005
  48.102420863675576   98.947131299999995
  49.559972318265807   99.051954600000002
  51.046673839899441   99.146541299999996
  52.562814043101632   99.230627900000002
  54.108681542397569   99.307815399999996
  55.684564952312456   99.376570500000000


# temperature  770.000000000000000
#   -0.000001957053547    0.001108195923182   -0.113729757967662    8.456230046635939  -31.530122349481111
  41.241813087993840   98.288280200000003
  42.557943425244879   98.452213499999999
  43.901780756913375   98.600455400000001
  45.273613697524539   98.735424499999993
  46.673730861603552   98.858384799999996
  48.102420863675576   98.968328900000003
  49.559972318265807   99.070479399999996
  51.046673839899441   99.162650099999993
  52.562814043101632   99.244586100000006
  54.108681542397569   99.319796900000000
  55.684564952312456   99.386789100000001


# temperature  780.000000000000000
#   -0.000001998439707    0.001117373048701   -0.114517193151865    8.487642577413590  -30.741819339992748
  41.241813087993840   98.325688799999995
  42.557943425244879   98.485538500000004
  43.901780756913375   98.630077799999995
  45.273613697524539   98.761667900000006
  46.673730861603552   98.881542600000003
  48.102420863675576   98.988722899999999
  49.559972318265807   99.088301099999995
  51.046673839899441   99.178147100000004
  52.562814043101632   99.258013599999998
  54.108681542397569   99.331322499999999
  55.684564952312456   99.396618599999996


# temperature  790.000000000000000
#   -0.000002038462805    0.001126243760974   -0.115277932567266    8.517971980549369  -29.952394015364202
  41.241813087993840   98.361707199999998
  42.557943425244879   98.517622599999996
  43.901780756913375   98.658595399999996
  45.273613697524539   98.786931199999998
  46.673730861603552   98.903834399999994
  48.102420863675576   99.008353499999998
  49.559972318265807   99.105455000000006
  51.046673839899441   99.193062699999999
  52.562814043101632   99.270937099999998
  54.108681542397569   99.342415000000003
  55.684564952312456   99.406078500000007


# temperature  800.000000000000000
#   -0.000002077088804    0.001134803828662   -0.116011909987741    8.547227793819587  -29.161776133569816
  41.241813087993840   98.396402899999998
  42.557943425244879   98.548526600000002
  43.901780756913375   98.686062500000006
  45.273613697524539   98.811262499999998
  46.673730861603552   98.925302900000005
  48.102420863675576   99.027258200000006
  49.559972318265807   99.121973800000006
  51.046673839899441   99.207425700000002
  52.562814043101632   99.283381300000002
  54.108681542397569   99.353095900000000
  55.684564952312456   99.415187200000005


# temperature  810.000000000000000
#   -0.000002114261258    0.001143044058659   -0.116718651847418    8.575404786939274  -28.369709485455942
  41.241813087993840   98.429839900000005
  42.557943425244879   98.578307499999994
  43.901780756913375   98.712529900000007
  45.273613697524539   98.834706999999995
  46.673730861603552   98.945987900000006
  48.102420863675576   99.045472200000006
  49.559972318265807   99.137888599999997
  51.046673839899441   99.221262999999993
  52.562814043101632   99.295369600000001
  54.108681542397569   99.363385300000004
  55.684564952312456   99.423961700000007


# temperature  820.000000000000000
#   -0.000002150241669    0.001151016645960   -0.117402108929663    8.602638661263432  -27.577623702514327
  41.241813087993840   98.462078000000005
  42.557943425244879   98.607018800000006
  43.901780756913375   98.738045299999996
  45.273613697524539   98.857307100000000
  46.673730861603552   98.965927100000002
  48.102420863675576   99.063028799999998
  49.559972318265807   99.153228299999995
  51.046673839899441   99.234599799999998
  52.562814043101632   99.306923999999995
  54.108681542397569   99.373301900000001
  55.684564952312456   99.432418200000001


# temperature  830.000000000000000
#   -0.000002184895446    0.001158697533441   -0.118060748359822    8.628890462913972  -26.784881849911791
  41.241813087993840   98.493173600000006
  42.557943425244879   98.634711100000004
  43.901780756913375   98.762653799999995
  45.273613697524539   98.879102799999998
  46.673730861603552   98.985155700000007
  48.102420863675576   99.079959099999996
  49.559972318265807   99.168020299999995
  51.046673839899441   99.247460099999998
  52.562814043101632   99.318065300000001
  54.108681542397569   99.382863700000001
  55.684564952312456   99.440571899999995


# temperature  840.000000000000000
#   -0.000002218483774    0.001166138526217   -0.118698458182614    8.654292257902643  -25.992867446454163
  41.241813087993840   98.523179999999996
  42.557943425244879   98.661431800000003
  43.901780756913375   98.786397600000001
  45.273613697524539   98.900131799999997
  46.673730861603552   99.003707199999994
  48.102420863675576   99.096292599999998
  49.559972318265807   99.182290399999999
  51.046673839899441   99.259866099999996
  52.562814043101632   99.328812700000000
  54.108681542397569   99.392087300000000
  55.684564952312456   99.448437100000007


# temperature  850.000000000000000
#   -0.000002250859924    0.001173313365635   -0.119313550976341    8.678799911517078  -25.200895998197055
  41.241813087993840   98.552147199999993
  42.557943425244879   98.687225699999999
  43.901780756913375   98.809316899999999
  45.273613697524539   98.920429600000006
  46.673730861603552   99.021612800000000
  48.102420863675576   99.112056899999999
  49.559972318265807   99.196062699999999
  51.046673839899441   99.271839099999994
  52.562814043101632   99.339184700000004
  54.108681542397569   99.400988499999997
  55.684564952312456   99.456027100000000


# temperature  860.000000000000000
#   -0.000002282105412    0.001180238616812   -0.119907326904643    8.702461023656737  -24.409338528428616
  41.241813087993840   98.580122599999996
  42.557943425244879   98.712135200000006
  43.901780756913375   98.831449100000000
  45.273613697524539   98.940029400000000
  46.673730861603552   99.038902199999995
  48.102420863675576   99.127278099999998
  49.559972318265807   99.209360200000006
  51.046673839899441   99.283398899999995
  52.562814043101632   99.349198500000000
  54.108681542397569   99.409582099999994
  55.684564952312456   99.463354699999996


# temperature  870.000000000000000
#   -0.000002312476775    0.001186965536229   -0.120483658159249    8.725407653157943  -23.619612344190145
  41.241813087993840   98.607150799999999
  42.557943425244879   98.736199900000003
  43.901780756913375   98.852829900000003
  45.273613697524539   98.958963100000005
  46.673730861603552   99.055603300000001
  48.102420863675576   99.141980799999999
  49.559972318265807   99.222204300000001
  51.046673839899441   99.294564399999999
  52.562814043101632   99.358870499999995
  54.108681542397569   99.417882000000006
  55.684564952312456   99.470431800000000


# temperature  880.000000000000000
#   -0.000002341717180    0.001193445429896   -0.121039139182090    8.747536921541659  -22.830307313222892
  41.241813087993840   98.633273900000006
  42.557943425244879   98.759457699999999
  43.901780756913375   98.873492700000000
  45.273613697524539   98.977260200000003
  46.673730861603552   99.071742299999997
  48.102420863675576   99.156188299999997
  49.559972318265807   99.234615399999996
  51.046673839899441   99.305353100000005
  52.562814043101632   99.368215899999996
  54.108681542397569   99.425901699999997
  55.684564952312456   99.477269699999994


# temperature  890.000000000000000
#   -0.000002370118392    0.001199736308563   -0.121578121758628    8.768995683779290  -22.043025986126622
  41.241813087993840   98.658531800000006
  42.557943425244879   98.781944100000004
  43.901780756913375   98.893469400000001
  45.273613697524539   98.994949099999999
  46.673730861603552   99.087344299999998
  48.102420863675576   99.169922600000007
  49.559972318265807   99.246612700000000
  51.046673839899441   99.315781900000005
  52.562814043101632   99.377249300000003
  54.108681542397569   99.433653399999997
  55.684564952312456   99.483879099999996


# temperature  900.000000000000000
#   -0.000002397510789    0.001205806304652   -0.122098404120163    8.789718776807574  -21.256812224624188
  41.241813087993840   98.682962200000006
  42.557943425244879   98.803692799999993
  43.901780756913375   98.912789900000007
  45.273613697524539   99.012056200000004
  46.673730861603552   99.102432699999994
  48.102420863675576   99.183204399999994
  49.559972318265807   99.258214499999994
  51.046673839899441   99.325866500000004
  52.562814043101632   99.385984399999998
  54.108681542397569   99.441148999999996
  55.684564952312456   99.490269999999995


# temperature  910.000000000000000
#   -0.000002424161222    0.001211708442884   -0.122603963343187    8.809840430117642  -20.473125007885180
  41.241813087993840   98.706600600000002
  42.557943425244879   98.824735500000003
  43.901780756913375   98.931482599999995
  45.273613697524539   99.028606800000006
  46.673730861603552   99.117029700000003
  48.102420863675576   99.196053300000003
  49.559972318265807   99.269437800000006
  51.046673839899441   99.335622000000001
  52.562814043101632   99.394434200000006
  54.108681542397569   99.448399600000002
  55.684564952312456   99.496451899999997


# temperature  920.000000000000000
#   -0.000002449837698    0.001217398417211   -0.123091670978383    8.829264819204033  -19.690644480796511
  41.241813087993840   98.729481000000007
  42.557943425244879   98.845102499999996
  43.901780756913375   98.949574200000001
  45.273613697524539   99.044624700000000
  46.673730861603552   99.131156500000003
  48.102420863675576   99.208487899999994
  49.559972318265807   99.280298999999999
  51.046673839899441   99.345062499999997
  52.562814043101632   99.402610999999993
  54.108681542397569   99.455415799999997
  55.684564952312456   99.502433800000006


# temperature  930.000000000000000
#   -0.000002474820250    0.001222931553960   -0.123565643318402    8.848129363039627  -18.910863469120724
  41.241813087993840   98.751635199999996
  42.557943425244879   98.864822300000000
  43.901780756913375   98.967090299999995
  45.273613697524539   99.060132600000003
  46.673730861603552   99.144833000000006
  48.102420863675576   99.220525800000004
  49.559972318265807   99.290813400000005
  51.046673839899441   99.354201300000000
  52.562814043101632   99.410526399999995
  54.108681542397569   99.462207599999999
  55.684564952312456   99.508224400000003


# temperature  940.000000000000000
#   -0.000002499052029    0.001228297921347   -0.124025272911886    8.866420014537852  -18.133466934119269
  41.241813087993840   98.773093599999996
  42.557943425244879   98.883921999999998
  43.901780756913375   98.984054999999998
  45.273613697524539   99.075151700000006
  46.673730861603552   99.158078099999997
  48.102420863675576   99.232183699999993
  49.559972318265807   99.300995700000001
  51.046673839899441   99.363051299999995
  52.562814043101632   99.418191500000006
  54.108681542397569   99.468784499999998
  55.684564952312456   99.513831499999995


# temperature  950.000000000000000
#   -0.000002522465362    0.001233485098623   -0.124469737907445    8.884114536874200  -17.358030584959842
  41.241813087993840   98.793884899999995
  42.557943425244879   98.902427200000005
  43.901780756913375   99.000490999999997
  45.273613697524539   99.089702299999999
  46.673730861603552   99.170909800000004
  48.102420863675576   99.243477400000003
  49.559972318265807   99.310859600000001
  51.046673839899441   99.371624400000002
  52.562814043101632   99.425616599999998
  54.108681542397569   99.475155299999997
  55.684564952312456   99.519262999999995


# temperature  960.000000000000000
#   -0.000002545185947    0.001238518311761   -0.124900959135732    8.901279256130284  -16.585206071486454
  41.241813087993840   98.814036500000000
  42.557943425244879   98.920362400000002
  43.901780756913375   99.016420199999999
  45.273613697524539   99.103803799999994
  46.673730861603552   99.183345000000003
  48.102420863675576   99.254421800000003
  49.559972318265807   99.320418200000006
  51.046673839899441   99.379931999999997
  52.562814043101632   99.432811599999994
  54.108681542397569   99.481328700000006
  55.684564952312456   99.524525999999994


# temperature  970.000000000000000
#   -0.000002567291717    0.001243413162583   -0.125320127358229    8.917955792908492  -15.815337648952209
  41.241813087993840   98.833574299999995
  42.557943425244879   98.937750500000007
  43.901780756913375   99.031863099999995
  45.273613697524539   99.117474400000006
  46.673730861603552   99.195399800000004
  48.102420863675576   99.265031300000004
  49.559972318265807   99.329684099999994
  51.046673839899441   99.387985000000000
  52.562814043101632   99.439785999999998
  54.108681542397569   99.487312700000004
  55.684564952312456   99.529627500000004


# temperature  980.000000000000000
#   -0.000002588820885    0.001248178509024   -0.125728015195009    8.934174592218778  -15.048668041492238
  41.241813087993840   98.852522800000003
  42.557943425244879   98.954613699999996
  43.901780756913375   99.046839199999994
  45.273613697524539   99.130731400000002
  46.673730861603552   99.207089699999997
  48.102420863675576   99.275319400000001
  49.559972318265807   99.338669100000004
  51.046673839899441   99.395793699999999
  52.562814043101632   99.446548699999994
  54.108681542397569   99.493114899999995
  55.684564952312456   99.534574000000006


# temperature  990.000000000000000
#   -0.000002609544452    0.001252770047224   -0.126121445295181    8.949836180967104  -14.283850254982903
  41.241813087993840   98.870905600000000
  42.557943425244879   98.970972799999998
  43.901780756913375   99.061367200000007
  45.273613697524539   99.143591299999997
  46.673730861603552   99.218429200000003
  48.102420863675576   99.285298800000007
  49.559972318265807   99.347384300000002
  51.046673839899441   99.403367900000006
  52.562814043101632   99.453108099999994
  54.108681542397569   99.498742699999994
  55.684564952312456   99.539371700000004


# temperature 1000.000000000000000
#   -0.000002629739853    0.001257242650678   -0.126504493794350    8.965075853761377  -13.522380350785252
  41.241813087993840   98.888744700000004
  42.557943425244879   98.986847600000004
  43.901780756913375   99.075464699999998
  45.273613697524539   99.156069799999997
  46.673730861603552   99.229432099999997
  48.102420863675576   99.294981699999994
  49.559972318265807   99.355840499999999
  51.046673839899441   99.410716699999995
  52.562814043101632   99.459472399999996
  54.108681542397569   99.504202899999996
  55.684564952312456   99.544026400000007


