   0.000000000000000    0.000000000000000
  10.000000000000000    0.000009981862162
  20.000000000000000    0.000108911194219
  30.000000000000000    0.000461237665448
  40.000000000000000    0.001074534891030
  50.000000000000000    0.001810397151022
  60.000000000000000    0.002546171576971
  70.000000000000000    0.003216147197960
  80.000000000000000    0.003797141366678
  90.000000000000000    0.004288687075984
 100.000000000000000    0.004699950696202
 110.000000000000000    0.005042888065112
 120.000000000000000    0.005329169460190
 130.000000000000000    0.005569034009643
 140.000000000000000    0.005771032285472
 150.000000000000000    0.005942133355904
 160.000000000000000    0.006087952666261
 170.000000000000000    0.006212995653168
 180.000000000000000    0.006320876882029
 190.000000000000000    0.006414503047520
 200.000000000000000    0.006496220752485
 210.000000000000000    0.006567933455798
 220.000000000000000    0.006631193238022
 230.000000000000000    0.006687272636135
 240.000000000000000    0.006737220740448
 250.000000000000000    0.006781907177973
 260.000000000000000    0.006822056717868
 270.000000000000000    0.006858276529697
 280.000000000000000    0.006891077982914
 290.000000000000000    0.006920893678450
 300.000000000000000    0.006948091401598
 310.000000000000000    0.006972985181144
 320.000000000000000    0.006995844451123
 330.000000000000000    0.007016901103217
 340.000000000000000    0.007036355683588
 350.000000000000000    0.007054382209193
 360.000000000000000    0.007071132226783
 370.000000000000000    0.007086738174496
 380.000000000000000    0.007101316213888
 390.000000000000000    0.007114968491195
 400.000000000000000    0.007127785111666
 410.000000000000000    0.007139845831712
 420.000000000000000    0.007151221433445
 430.000000000000000    0.007161974817826
 440.000000000000000    0.007172162141002
 450.000000000000000    0.007181833641268
 460.000000000000000    0.007191034315165
 470.000000000000000    0.007199804588433
 480.000000000000000    0.007208180837705
 490.000000000000000    0.007216195929644
 500.000000000000000    0.007223879568354
 510.000000000000000    0.007231258633726
 520.000000000000000    0.007238357626651
 530.000000000000000    0.007245198654602
 540.000000000000000    0.007251802041391
 550.000000000000000    0.007258186212090
 560.000000000000000    0.007264368129049
 570.000000000000000    0.007270363185350
 580.000000000000000    0.007276185600245
 590.000000000000000    0.007281848443585
 600.000000000000000    0.007287363677109
 610.000000000000000    0.007292742432606
 620.000000000000000    0.007297994845445
 630.000000000000000    0.007303130390990
 640.000000000000000    0.007308157858428
 650.000000000000000    0.007313085285931
 660.000000000000000    0.007317920232170
 670.000000000000000    0.007322669682602
 680.000000000000000    0.007327340147854
 690.000000000000000    0.007331937716421
 700.000000000000000    0.007336468109477
 710.000000000000000    0.007340936554467
 720.000000000000000    0.007345348041903
 730.000000000000000    0.007349707255640
 740.000000000000000    0.007354018485513
 750.000000000000000    0.007358285928887
 760.000000000000000    0.007362513439069
 770.000000000000000    0.007366704623093
 780.000000000000000    0.007370862880395
 790.000000000000000    0.007374991561053
 800.000000000000000    0.007379093675363
 810.000000000000000    0.007383172135889
 820.000000000000000    0.007387229756590
 830.000000000000000    0.007391269094615
 840.000000000000000    0.007395292743665
 850.000000000000000    0.007399302969431
 860.000000000000000    0.007403302099448
 870.000000000000000    0.007407292356438
 880.000000000000000    0.007411275747795
 890.000000000000000    0.007415254290394
 900.000000000000000    0.007419229893683
 910.000000000000000    0.007423204411742
 920.000000000000000    0.007427179572891
 930.000000000000000    0.007431157147672
 940.000000000000000    0.007435138735285
 950.000000000000000    0.007439125931050
 960.000000000000000    0.007443120273981
 970.000000000000000    0.007447123311807
 980.000000000000000    0.007451136481556
 990.000000000000000    0.007455161112434
1000.000000000000000    0.007459198679513
