# temperature   10.000000000000000
#   -0.000000206684614    0.000057641782965   -0.004381665217556    0.131799795064280   -1.354936537662107
  41.241813087993840    0.023929400000000
  42.557943425244879    0.027186200000000
  43.901780756913375    0.031598300000000
  45.273613697524539    0.035607800000000
  46.673730861603552    0.042691300000000
  48.102420863675576    0.050084200000000
  49.559972318265807    0.058660300000000
  51.046673839899441    0.070661300000000
  52.562814043101632    0.082688200000000
  54.108681542397569    0.095526300000000
  55.684564952312456    0.111681700000000


# temperature   20.000000000000000
#    0.000039402496979   -0.006729465391725    0.440901788151453  -13.012742756554024  145.504348348962196
  41.241813087993840    0.211028500000000
  42.557943425244879    0.243918500000000
  43.901780756913375    0.287312800000000
  45.273613697524539    0.332208500000000
  46.673730861603552    0.404656500000000
  48.102420863675576    0.483313000000000
  49.559972318265807    0.582758400000000
  51.046673839899441    0.718427300000000
  52.562814043101632    0.872681400000000
  54.108681542397569    1.066858000000000
  55.684564952312456    1.325561100000000


# temperature   30.000000000000000
#    0.000038670681768   -0.005851731411405    0.358227368276487  -10.185387995418212  112.237829888915869
  41.241813087993840    0.831911900000000
  42.557943425244879    0.978011900000000
  43.901780756913375    1.163163000000000
  45.273613697524539    1.371978900000000
  46.673730861603552    1.676712800000000
  48.102420863675576    2.009584500000000
  49.559972318265807    2.435712400000000
  51.046673839899441    2.988653500000000
  52.562814043101632    3.630017000000000
  54.108681542397569    4.435964000000000
  55.684564952312456    5.459952500000000


# temperature   40.000000000000000
#   -0.000017949728078    0.004273729381319   -0.299282004719806    8.759874049888598  -92.812410595809069
  41.241813087993840    2.207732400000000
  42.557943425244879    2.593948400000000
  43.901780756913375    3.064627400000000
  45.273613697524539    3.603408100000000
  46.673730861603552    4.333844600000000
  48.102420863675576    5.125353000000000
  49.559972318265807    6.113251200000000
  51.046673839899441    7.338113500000000
  52.562814043101632    8.733595599999999
  54.108681542397569   10.432580900000000
  55.684564952312456   12.491327900000000


# temperature   50.000000000000000
#   -0.000048580255287    0.008865458176485   -0.544054696476616   14.651029880381090 -146.679735980804935
  41.241813087993840    4.476015500000000
  42.557943425244879    5.210022700000000
  43.901780756913375    6.077626600000000
  45.273613697524539    7.064084200000000
  46.673730861603552    8.334492800000000
  48.102420863675576    9.696783000000000
  49.559972318265807   11.350693900000000
  51.046673839899441   13.330046500000000
  52.562814043101632   15.537501900000001
  54.108681542397569   18.148336400000002
  55.684564952312456   21.201026700000000


# temperature   60.000000000000000
#   -0.000040274535887    0.006366412660206   -0.319968926867886    7.052968251675931  -55.946551713692571
  41.241813087993840    7.573174900000000
  42.557943425244879    8.715815100000000
  43.901780756913375   10.034721299999999
  45.273613697524539   11.516662100000000
  46.673730861603552   13.355210300000000
  48.102420863675576   15.305867800000000
  49.559972318265807   17.618807499999999
  51.046673839899441   20.312935899999999
  52.562814043101632   23.262396700000000
  54.108681542397569   26.672138199999999
  55.684564952312456   30.556843199999999


# temperature   70.000000000000000
#   -0.000017814912480    0.001738145313282    0.012559623170399   -2.720125537442874   48.713166447444763
  41.241813087993840   11.338894300000000
  42.557943425244879   12.907959999999999
  43.901780756913375   14.685035200000000
  45.273613697524539   16.657458399999999
  46.673730861603552   19.036616800000001
  48.102420863675576   21.536071400000001
  49.559972318265807   24.443708900000001
  51.046673839899441   27.761093800000001
  52.562814043101632   31.339063199999998
  54.108681542397569   35.404071700000003
  55.684564952312456   39.948734899999998


# temperature   80.000000000000000
#    0.000001107718481   -0.001788681510352    0.238864210663934   -8.489446129895258  101.657698047342592
  41.241813087993840   15.593871500000001
  42.557943425244879   17.577357400000000
  43.901780756913375   19.789367700000000
  45.273613697524539   22.217097400000000
  46.673730861603552   25.082596200000001
  48.102420863675576   28.066949900000001
  49.559972318265807   31.486358100000000
  51.046673839899441   35.325903900000000
  52.562814043101632   39.418574200000002
  54.108681542397569   44.007257000000003
  55.684564952312456   49.066494200000001


# temperature   90.000000000000000
#    0.000011466792305   -0.003462150721542    0.321875196306282   -9.606450511797718  100.707403413351287
  41.241813087993840   20.176625600000001
  42.557943425244879   22.545475400000001
  43.901780756913375   25.153906299999999
  45.273613697524539   27.988705100000001
  46.673730861603552   31.278242400000000
  48.102420863675576   34.678859899999999
  49.559972318265807   38.528483199999997
  51.046673839899441   42.797872800000000
  52.562814043101632   47.306766699999997
  54.108681542397569   52.311126299999998
  55.684564952312456   57.771364699999999


# temperature  100.000000000000000
#    0.000014498742463   -0.003668664922600    0.299795713883617   -7.571432521869503   66.160673118872722
  41.241813087993840   24.955778599999999
  42.557943425244879   27.673232500000001
  43.901780756913375   30.634224199999998
  45.273613697524539   33.825188500000003
  46.673730861603552   37.478317199999999
  48.102420863675576   41.231208299999999
  49.559972318265807   45.438878099999997
  51.046673839899441   50.060153800000002
  52.562814043101632   54.905052800000000
  54.108681542397569   60.240202699999998
  55.684564952312456   66.015125600000005


# temperature  110.000000000000000
#    0.000012936473974   -0.003012832131589    0.220894722641523   -4.021683639539609   17.919902557598828
  41.241813087993840   29.830592299999999
  42.557943425244879   32.858098300000002
  43.901780756913375   36.128182199999998
  45.273613697524539   39.627134800000000
  46.673730861603552   43.589564600000003
  48.102420863675576   47.638859900000000
  49.559972318265807   52.143780100000001
  51.046673839899441   57.053391599999998
  52.562814043101632   62.170582699999997
  54.108681542397569   67.770817500000007
  55.684564952312456   73.795214799999997


# temperature  120.000000000000000
#    0.000009106427272   -0.001974727854169    0.121094319997978   -0.101771111371836  -30.937601934226841
  41.241813087993840   34.726851099999998
  42.557943425244879   38.027380800000003
  43.901780756913375   41.566352199999997
  45.273613697524539   45.330153400000000
  46.673730861603552   49.555025299999997
  48.102420863675576   53.853529299999998
  49.559972318265807   58.605674499999999
  51.046673839899441   63.752591400000000
  52.562814043101632   69.091907699999993
  54.108681542397569   74.906483499999993
  55.684564952312456   81.130901199999997


# temperature  130.000000000000000
#    0.000004535360872   -0.000855366448411    0.021769423579089    3.549107847187738  -73.654102930871176
  41.241813087993840   39.591566499999999
  42.557943425244879   43.131227799999998
  43.901780756913375   46.903294199999998
  45.273613697524539   50.894466899999998
  46.673730861603552   55.342175599999997
  48.102420863675576   59.850668200000001
  49.559972318265807   64.809295599999999
  51.046673839899441   70.152729199999996
  52.562814043101632   75.674678799999995
  54.108681542397569   81.664241799999999
  55.684564952312456   88.050859700000004


# temperature  140.000000000000000
#    0.000000078794550    0.000185065090873   -0.066488506762491    6.646244047586691 -107.676865660959209
  41.241813087993840   44.387998799999998
  42.557943425244879   48.136630500000003
  43.901780756913375   52.110617499999996
  45.273613697524539   56.297141799999999
  46.673730861603552   60.934562800000002
  48.102420863675576   65.620686199999994
  49.559972318265807   70.752709800000005
  51.046673839899441   76.260024200000004
  52.562814043101632   81.933387600000003
  54.108681542397569   88.067192199999994
  55.684564952312456   94.586786900000007


# temperature  150.000000000000000
#   -0.000003854689315    0.001076651868576   -0.139722365029523    9.113187054941806 -132.796513043639294
  41.241813087993840   49.091507600000000
  42.557943425244879   53.022713600000003
  43.901780756913375   57.171804299999998
  45.273613697524539   61.526559300000002
  46.673730861603552   66.326109200000005
  48.102420863675576   71.163217500000002
  49.559972318265807   76.441736500000005
  51.046673839899441   82.086710199999999
  52.562814043101632   87.886647499999995
  54.108681542397569   94.140461299999998
  55.684564952312456  100.770202299999994


# temperature  160.000000000000000
#   -0.000007120014123    0.001800851093857   -0.197587235411952   10.980469095900803 -149.917265564708600
  41.241813087993840   53.686297400000001
  42.557943425244879   57.777200200000003
  43.901780756913375   62.078477800000002
  45.273613697524539   66.578579800000000
  46.673730861603552   71.517304100000004
  48.102420863675576   76.483427000000006
  49.559972318265807   81.886490100000003
  51.046673839899441   87.647933300000005
  52.562814043101632   93.554530099999994
  54.108681542397569   99.909075500000000
  55.684564952312456  106.630930199999995


# temperature  170.000000000000000
#   -0.000009712553874    0.002365273485821   -0.241459520292473   12.324605492914628 -160.346403566388375
  41.241813087993840   58.162950799999997
  42.557943425244879   62.393827000000002
  43.901780756913375   66.827763800000000
  45.273613697524539   71.453918999999999
  46.673730861603552   76.512683499999994
  48.102420863675576   81.589648600000004
  49.559972318265807   87.099254799999997
  51.046673839899441   92.959929799999998
  52.562814043101632   98.957092700000004
  54.108681542397569  105.396889700000003
  55.684564952312456  112.196463499999993


# temperature  180.000000000000000
#   -0.000011693881628    0.002788894523674   -0.273364658350836   13.234894598455691 -165.426846371455468
  41.241813087993840   62.516596900000003
  42.557943425244879   66.870481799999993
  43.901780756913375   71.420446299999995
  45.273613697524539   76.156368400000005
  46.673730861603552   81.319174899999993
  48.102420863675576   86.491887300000002
  49.559972318265807   92.093191300000001
  51.046673839899441   98.038977399999993
  52.562814043101632  104.113595700000005
  54.108681542397569  110.626100399999999
  55.684564952312456  117.491786300000001


# temperature  190.000000000000000
#   -0.000013150852273    0.003094150246443   -0.295427063897063   13.797344824686336 -166.373568855304256
  41.241813087993840   66.745567600000001
  42.557943425244879   71.207875400000006
  43.901780756913375   75.859687699999995
  45.273613697524539   80.691595899999996
  46.673730861603552   85.945015799999993
  48.102420863675576   91.200875699999997
  49.559972318265807   96.881561300000001
  51.046673839899441  102.900810000000007
  52.562814043101632  109.042118599999995
  54.108681542397569  115.617077399999999
  55.684564952312456  122.539427000000003


# temperature  200.000000000000000
#   -0.000014173420765    0.003302829077428   -0.309601119525043   14.087536487138163 -164.212187020035827
  41.241813087993840   70.850421299999994
  42.557943425244879   75.408600100000001
  43.901780756913375   80.150144699999998
  45.273613697524539   85.066340900000000
  46.673730861603552   90.399053400000000
  48.102420863675576   95.727489399999996
  49.559972318265807  101.477276599999996
  51.046673839899441  107.560311999999996
  52.562814043101632  113.759404599999996
  54.108681542397569  120.388366700000006
  55.684564952312456  127.359620300000003


# temperature  210.000000000000000
#   -0.000014844853240    0.003434405372928   -0.317577530338025   14.168868764658342 -159.776664721850693
  41.241813087993840   74.833235700000003
  42.557943425244879   79.476464300000004
  43.901780756913375   84.297361199999997
  45.273613697524539   89.287879200000006
  46.673730861603552   94.690296099999998
  48.102420863675576  100.082391799999996
  49.559972318265807  105.892648699999995
  51.046673839899441  112.031379799999996
  52.562814043101632  118.280834299999995
  54.108681542397569  124.956780400000000
  55.684564952312456  131.970512100000008


# temperature  220.000000000000000
#   -0.000015237536515    0.003505437180351   -0.320762087124324   14.092848532745757 -153.726516291702609
  41.241813087993840   78.697098699999998
  42.557943425244879   83.416026099999996
  43.901780756913375   88.307353800000001
  45.273613697524539   93.363669400000006
  46.673730861603552   98.827631699999998
  48.102420863675576  104.275827199999995
  49.559972318265807  110.139263299999996
  51.046673839899441  116.326880900000006
  52.562814043101632  122.620469700000001
  54.108681542397569  129.337526700000012
  55.684564952312456  136.388374099999993


# temperature  230.000000000000000
#   -0.000015412147109    0.003529591016802   -0.320295882861949   13.900494419589718 -146.573810718433208
  41.241813087993840   82.445743399999998
  42.557943425244879   87.232266699999997
  43.901780756913375   92.186330799999993
  45.273613697524539   97.301123899999993
  46.673730861603552  102.819656199999997
  48.102420863675576  108.317508599999996
  49.559972318265807  114.227931499999997
  51.046673839899441  120.458670299999994
  52.562814043101632  126.791133799999997
  54.108681542397569  133.544354099999993
  55.684564952312456  140.627809600000006


# temperature  240.000000000000000
#   -0.000015418623310    0.003517973260403   -0.317093072707080   13.624095162546595 -138.711310614184015
  41.241813087993840   86.083286700000002
  42.557943425244879   90.930363600000007
  43.901780756913375   95.940504700000005
  45.273613697524539  101.107463600000003
  46.673730861603552  106.674574699999994
  48.102420863675576  112.216565799999998
  49.559972318265807  118.168687399999996
  51.046673839899441  124.437637400000000
  52.562814043101632  130.804506699999990
  54.108681542397569  137.589695000000006
  55.684564952312456  144.701944599999990


# temperature  250.000000000000000
#   -0.000015296929632    0.003479395913814   -0.311870973946967   13.288590592181794 -130.434153448037193
  41.241813087993840   89.614044500000006
  42.557943425244879   94.515535299999996
  43.901780756913375   99.575969200000003
  45.273613697524539  104.789629399999995
  46.673730861603552  110.400150699999998
  48.102420863675576  115.981531099999998
  49.559972318265807  121.970812199999997
  51.046673839899441  128.273768999999987
  52.562814043101632  134.671224800000005
  54.108681542397569  141.484802800000011
  55.684564952312456  148.622598799999992


# temperature  260.000000000000000
#   -0.000015079440486    0.003420923785237   -0.305197466343896   12.913383418558725 -121.965004277847612
  41.241813087993840   93.042400999999998
  42.557943425244879   97.992936200000003
  43.901780756913375  103.098620299999993
  45.273613697524539  108.354232699999997
  46.673730861603552  114.003685399999995
  48.102420863675576  119.620349000000004
  49.559972318265807  125.642873899999998
  51.046673839899441  131.976218299999999
  52.562814043101632  138.400978900000013
  54.108681542397569  145.239877100000001
  55.684564952312456  152.400437799999992


# temperature  270.000000000000000
#   -0.000014791414550    0.003348036737944   -0.297508923085716   12.513137901892403 -113.466138893109658
  41.241813087993840   96.372718199999994
  42.557943425244879  101.367586799999998
  43.901780756913375  106.514110099999996
  45.273613697524539  111.807530799999995
  46.673730861603552  117.492017899999993
  48.102420863675576  123.140398700000006
  49.559972318265807  129.192773799999998
  51.046673839899441  135.553375299999999
  52.562814043101632  142.002606399999991
  54.108681542397569  148.864177699999999
  55.684564952312456  156.045107800000011


# temperature  280.000000000000000
#   -0.000014452837837    0.003265035947492   -0.289143918664943   12.099012872666982 -105.055821539650537
  41.241813087993840   99.609273900000005
  42.557943425244879  104.644329400000004
  43.901780756913375  109.827819599999998
  45.273613697524539  115.155419899999998
  46.673730861603552  120.871536599999999
  48.102420863675576  126.548524700000002
  49.559972318265807  132.627796100000012
  51.046673839899441  139.012934099999995
  52.562814043101632  145.484176100000013
  54.108681542397569  152.366126400000013
  55.684564952312456  159.565352399999995


# temperature  290.000000000000000
#   -0.000014079415808    0.003175276870604   -0.280363546901586   11.679431571408093  -96.818711523809242
  41.241813087993840  102.756220299999995
  42.557943425244879  107.827802000000005
  43.901780756913375  113.044848700000003
  45.273613697524539  118.403438899999998
  46.673730861603552  124.148199500000004
  48.102420863675576  129.851071700000006
  49.559972318265807  135.954656999999997
  51.046673839899441  142.361956899999996
  52.562814043101632  148.853065600000008
  54.108681542397569  155.753397500000005
  55.684564952312456  162.969115799999997


# temperature  300.000000000000000
#   -0.000013683272160    0.003081331723125   -0.271365484508671   11.260609711051016  -88.812881971464719
  41.241813087993840  105.817557800000003
  42.557943425244879  110.922424100000001
  43.901780756913375  116.170013400000002
  45.273613697524539  121.556780599999996
  46.673730861603552  127.327556799999996
  48.102420863675576  133.053919600000000
  49.559972318265807  139.179552199999989
  51.046673839899441  145.606932699999987
  52.562814043101632  152.116030999999992
  54.108681542397569  159.032997599999987
  55.684564952312456  166.263632699999988


# temperature  310.000000000000000
#   -0.000013273943746    0.002985206007291   -0.262301600289130   10.847182319471509  -81.077852907518192
  41.241813087993840  108.797119800000004
  42.557943425244879  113.932391499999994
  43.901780756913375  119.207852000000003
  45.273613697524539  124.620306900000003
  46.673730861603552  130.414777100000009
  48.102420863675576  136.162518900000009
  49.559972318265807  142.308201900000000
  51.046673839899441  148.753831499999990
  52.562814043101632  155.279269400000004
  54.108681542397569  162.211336499999987
  55.684564952312456  169.455506100000008


# temperature  320.000000000000000
#   -0.000012858440673    0.002888366009979   -0.253281233558726   10.442348840953676  -73.636603867244204
  41.241813087993840  111.698564300000001
  42.557943425244879  116.861677099999994
  43.901780756913375  122.162633400000004
  45.273613697524539  127.598566099999999
  46.673730861603552  133.414672599999989
  48.102420863675576  139.181924100000003
  49.559972318265807  145.345891899999998
  51.046673839899441  151.808153299999987
  52.562814043101632  158.348474600000003
  54.108681542397569  165.294289899999995
  55.684564952312456  172.550776100000007


# temperature  330.000000000000000
#   -0.000012442408219    0.002791976017213   -0.244389330402388   10.048483369384233  -66.503047693999605
  41.241813087993840  114.525372000000004
  42.557943425244879  119.714035499999994
  43.901780756913375  125.038369299999999
  45.273613697524539  130.495812099999995
  46.673730861603552  136.331725400000010
  48.102420863675576  142.116826099999997
  49.559972318265807  148.297512200000000
  51.046673839899441  154.774971599999986
  52.562814043101632  161.328887100000003
  54.108681542397569  168.287253800000002
  55.684564952312456  175.554979800000012


# temperature  340.000000000000000
#   -0.000012030038759    0.002696891703403   -0.235686776158172    9.667168754970387  -59.682557744417473
  41.241813087993840  117.280847399999999
  42.557943425244879  122.493010200000001
  43.901780756913375  127.838827400000000
  45.273613697524539  133.316023000000001
  46.673730861603552  139.170111300000002
  48.102420863675576  144.971581700000002
  49.559972318265807  151.167591799999997
  51.046673839899441  157.658974300000011
  52.562814043101632  164.225338099999988
  54.108681542397569  171.195193600000010
  55.684564952312456  178.473203899999987


# temperature  350.000000000000000
#   -0.000011624281522    0.002603707623322   -0.227214348805497    9.299336796041519  -53.173661418113511
  41.241813087993840  119.968122600000001
  42.557943425244879  125.201943200000002
  43.901780756913375  130.567545200000012
  45.273613697524539  136.062919700000009
  46.673730861603552  141.933723299999997
  48.102420863675576  147.750241299999999
  49.559972318265807  153.960330199999987
  51.046673839899441  160.464498600000013
  52.562814043101632  167.042289199999999
  54.108681542397569  174.022686700000008
  55.684564952312456  181.310130600000008


# temperature  360.000000000000000
#   -0.000011227498526    0.002512889141442   -0.219002634130369    8.945595119364448  -46.971940304443741
  41.241813087993840  122.590163500000003
  42.557943425244879  127.843984000000006
  43.901780756913375  133.227844000000005
  45.273613697524539  138.739983899999999
  46.673730861603552  144.626193599999993
  48.102420863675576  150.456574200000006
  49.559972318265807  156.679627000000011
  51.046673839899441  163.195563300000003
  52.562814043101632  169.783867299999997
  54.108681542397569  176.773960799999998
  55.684564952312456  184.070078300000006


# temperature  370.000000000000000
#   -0.000010841320397    0.002424749312160   -0.211070690686125    8.606192176838587  -41.069589259460024
  41.241813087993840  125.149776099999997
  42.557943425244879  130.422100699999987
  43.901780756913375  135.822842500000007
  45.273613697524539  141.350475399999993
  46.673730861603552  147.250913499999996
  48.102420863675576  153.094091499999990
  49.559972318265807  159.329106999999993
  51.046673839899441  165.855897900000002
  52.562814043101632  172.453895999999986
  54.108681542397569  179.452927200000005
  55.684564952312456  186.757037599999990


# temperature  380.000000000000000
#   -0.000010466646129    0.002339451768412   -0.203426473538880    8.281035494153274  -35.455599409156875
  41.241813087993840  127.649614000000000
  42.557943425244879  132.939090099999987
  43.901780756913375  138.355470300000007
  45.273613697524539  143.897447699999987
  46.673730861603552  149.811052399999994
  48.102420863675576  155.666068099999990
  49.559972318265807  161.912144600000005
  51.046673839899441  168.448968299999990
  52.562814043101632  175.055923799999988
  54.108681542397569  182.063210700000013
  55.684564952312456  189.374702399999990


# temperature  390.000000000000000
#   -0.000010104404897    0.002257160370420   -0.196077793548805    7.970044303584203  -30.119909149285757
  41.241813087993840  130.092186199999986
  42.557943425244879  135.397587700000003
  43.901780756913375  140.828480700000000
  45.273613697524539  146.383763399999992
  46.673730861603552  152.309574800000007
  48.102420863675576  158.175561299999998
  49.559972318265807  164.431884800000006
  51.046673839899441  170.977999799999992
  52.562814043101632  177.593248299999999
  54.108681542397569  184.608176700000001
  55.684564952312456  191.926498500000008


# temperature  400.000000000000000
#   -0.000009754927272    0.002177918867524   -0.189023706362158    7.672874783039612  -25.050058308190227
  41.241813087993840  132.479864999999990
  42.557943425244879  137.800078299999996
  43.901780756913375  143.244462400000003
  45.273613697524539  148.812108099999989
  46.673730861603552  154.749256500000001
  48.102420863675576  160.625428699999986
  49.559972318265807  166.891262799999993
  51.046673839899441  173.445998400000008
  52.562814043101632  180.068939199999988
  54.108681542397569  187.090953700000000
  55.684564952312456  194.415607999999992


# temperature  410.000000000000000
#   -0.000009418380267    0.002101737991925   -0.182260995596284    7.389131306390536  -20.233691548659547
  41.241813087993840  134.814893299999994
  42.557943425244879  140.148904799999997
  43.901780756913375  145.605850900000007
  45.273613697524539  151.185003300000005
  46.673730861603552  157.132699000000002
  48.102420863675576  163.018344500000012
  49.559972318265807  169.293020899999988
  51.046673839899441  175.855769199999997
  52.562814043101632  182.485857900000013
  54.108681542397569  189.514455700000013
  55.684564952312456  196.844991700000008


# temperature  420.000000000000000
#   -0.000009094743316    0.002028589597664   -0.175783651802216    7.118345129378385  -15.658196154699461
  41.241813087993840  137.099392700000010
  42.557943425244879  142.446277900000013
  43.901780756913375  147.914939099999998
  45.273613697524539  153.504818499999999
  46.673730861603552  159.462342900000010
  48.102420863675576  165.356813399999993
  49.559972318265807  171.639724900000004
  51.046673839899441  178.209933299999989
  52.562814043101632  184.846675699999992
  54.108681542397569  191.881400000000014
  55.684564952312456  199.217408599999999


# temperature  430.000000000000000
#   -0.000008783958764    0.001958438874505   -0.169585405839426    6.860060233423546  -11.311733717288993
  41.241813087993840  139.335370000000012
  42.557943425244879  144.694284199999998
  43.901780756913375  150.173887500000006
  45.273613697524539  155.773782199999999
  46.673730861603552  161.740479800000003
  48.102420863675576  167.643184800000000
  49.559972318265807  173.933777800000001
  51.046673839899441  180.510943300000008
  52.562814043101632  187.153889300000003
  54.108681542397569  194.194324599999987
  55.684564952312456  201.535433699999999


# temperature  440.000000000000000
#   -0.000008485594364    0.001891176998035   -0.163654696809283    6.613665651842659   -7.181115265499638
  41.241813087993840  141.524724800000001
  42.557943425244879  146.894894599999986
  43.901780756913375  152.384732700000001
  45.273613697524539  157.993992100000014
  46.673730861603552  163.969264100000004
  48.102420863675576  169.879663899999997
  49.559972318265807  176.177433500000006
  51.046673839899441  182.761096799999990
  52.562814043101632  189.409835899999990
  54.108681542397569  196.455603200000013
  55.684564952312456  203.801473600000008


# temperature  450.000000000000000
#   -0.000008199515632    0.001826753762869   -0.157984430862772    6.378712030511577   -3.255599514298229
  41.241813087993840  143.669255399999997
  42.557943425244879  149.049971699999986
  43.901780756913375  154.549396400000006
  45.273613697524539  160.167424600000004
  46.673730861603552  166.150722599999995
  48.102420863675576  172.068323700000008
  49.559972318265807  178.372807599999987
  51.046673839899441  184.962549099999990
  52.562814043101632  191.616705999999994
  54.108681542397569  198.667459100000002
  55.684564952312456  206.017780799999997


# temperature  460.000000000000000
#   -0.000007925337574    0.001765071164895   -0.152564251775415    6.154661902000529    0.476153895798743
  41.241813087993840  145.770665500000007
  42.557943425244879  151.161277000000013
  43.901780756913375  156.669692900000001
  45.273613697524539  162.295943099999988
  46.673730861603552  168.286764400000010
  48.102420863675576  174.211114100000003
  49.559972318265807  180.521888799999999
  51.046673839899441  187.117323999999996
  52.562814043101632  193.776555000000002
  54.108681542397569  200.831976999999995
  55.684564952312456  208.186466300000006


# temperature  470.000000000000000
#   -0.000007662475484    0.001705993163740   -0.147381226881065    5.940909971135768    4.025889614175329
  41.241813087993840  147.830570099999989
  42.557943425244879  153.230477100000002
  43.901780756913375  158.747337100000010
  45.273613697524539  164.381306499999994
  46.673730861603552  170.379189200000013
  48.102420863675576  176.309871600000008
  49.559972318265807  182.626548500000013
  51.046673839899441  189.227324399999986
  52.562814043101632  195.891314300000005
  54.108681542397569  202.951114200000006
  55.684564952312456  210.309510999999986


# temperature  480.000000000000000
#   -0.000007410839668    0.001649479931281   -0.142429524920596    5.737090941703124    7.402126701657917
  41.241813087993840  149.850500299999993
  42.557943425244879  155.259150500000004
  43.901780756913375  160.783950199999992
  45.273613697524539  166.425176099999987
  46.673730861603552  172.429694899999987
  48.102420863675576  178.366327799999993
  49.559972318265807  184.688549200000011
  51.046673839899441  191.294341300000013
  52.562814043101632  197.962800200000004
  54.108681542397569  205.026710900000012
  55.684564952312456  212.388776199999995


# temperature  490.000000000000000
#   -0.000007169661148    0.001595361783731   -0.137694154641139    5.542561119210067   10.616350074447253
  41.241813087993840  151.831909300000007
  42.557943425244879  157.248792600000002
  43.901780756913375  162.781067000000007
  45.273613697524539  168.429122500000005
  46.673730861603552  174.439885500000003
  48.102420863675576  180.382116300000007
  49.559972318265807  186.709552900000006
  51.046673839899441  193.320062400000012
  52.562814043101632  199.992723500000011
  54.108681542397569  207.060498999999993
  55.684564952312456  214.426012899999989


# temperature  500.000000000000000
#   -0.000006938749244    0.001543581241644   -0.133168354217819    5.356950549435735   13.676483801422952
  41.241813087993840  153.776176600000014
  42.557943425244879  159.200821600000012
  43.901780756913375  164.740140700000012
  45.273613697524539  170.394631599999997
  46.673730861603552  176.411277000000013
  48.102420863675576  182.358780499999995
  49.559972318265807  188.691128300000003
  51.046673839899441  195.306079600000004
  52.562814043101632  201.982696800000014
  54.108681542397569  209.054110199999997
  55.684564952312456  216.422869999999989


# temperature  510.000000000000000
#   -0.000006717599795    0.001494021916557   -0.128841321545706    5.179772951159736   16.591539998866089
  41.241813087993840  155.684612700000002
  42.557943425244879  161.116582899999997
  43.901780756913375  166.662549200000001
  45.273613697524539  172.323110700000001
  46.673730861603552  178.345303999999999
  48.102420863675576  184.297779399999996
  49.559972318265807  190.634757600000000
  51.046673839899441  197.253895900000003
  52.562814043101632  203.934241899999989
  54.108681542397569  211.009084000000001
  55.684564952312456  218.380902399999997


# temperature  520.000000000000000
#   -0.000006505731038    0.001446572494168   -0.124702752754389    5.010567474029944   19.369982083669001
  41.241813087993840  157.558463499999988
  42.557943425244879  162.997354400000006
  43.901780756913375  168.549599000000001
  45.273613697524539  174.215893399999999
  46.673730861603552  180.243324699999988
  48.102420863675576  186.200493700000010
  49.559972318265807  192.541842300000013
  51.046673839899441  199.164932099999987
  52.562814043101632  205.848796700000008
  54.108681542397569  212.926873599999993
  55.684564952312456  220.301577500000008


# temperature  530.000000000000000
#   -0.000006302759500    0.001401140796137   -0.120743815842729    4.848928288283415   22.019399242631810
  41.241813087993840  159.398913800000003
  42.557943425244879  164.844349800000003
  43.901780756913375  170.402530899999988
  45.273613697524539  176.074244700000008
  46.673730861603552  182.106626799999987
  48.102420863675576  188.068231200000014
  49.559972318265807  194.413709299999994
  51.046673839899441  201.040532200000001
  52.562814043101632  207.727720500000004
  54.108681542397569  214.808852900000005
  55.684564952312456  222.186282000000006


# temperature  540.000000000000000
#   -0.000006108227145    0.001357622549600   -0.116955035276688    4.694440519747812   24.547247011948912
  41.241813087993840  161.207091399999996
  42.557943425244879  166.658723400000014
  43.901780756913375  172.222523099999989
  45.273613697524539  177.899365299999999
  46.673730861603552  183.936431300000010
  48.102420863675576  189.902231699999987
  49.559972318265807  196.251615700000002
  51.046673839899441  202.881969099999992
  52.562814043101632  209.572300399999989
  54.108681542397569  216.656321800000001
  55.684564952312456  224.036327499999999


# temperature  550.000000000000000
#   -0.000005921778532    0.001315933564384   -0.113328470782266    4.546745311690217   26.960129029548799
  41.241813087993840  162.984070300000013
  42.557943425244879  168.441573299999988
  43.901780756913375  174.010695900000002
  45.273613697524539  179.692395900000008
  46.673730861603552  185.733897799999994
  48.102420863675576  191.703671299999996
  49.559972318265807  198.056753399999991
  51.046673839899441  204.690449000000001
  52.562814043101632  211.383755500000007
  54.108681542397569  218.470511299999998
  55.684564952312456  225.852955500000007


# temperature  560.000000000000000
#   -0.000005743164309    0.001276010738109   -0.109857800817755    4.405542137388898   29.263788101210253
  41.241813087993840  164.730873599999995
  42.557943425244879  170.193945000000014
  43.901780756913375  175.768115200000011
  45.273613697524539  181.454420699999986
  46.673730861603552  187.500127600000013
  48.102420863675576  193.473667000000006
  49.559972318265807  199.830253800000008
  51.046673839899441  206.467116599999997
  52.562814043101632  213.163241999999997
  54.108681542397569  220.252588500000002
  55.684564952312456  227.637342700000005


# temperature  570.000000000000000
#   -0.000005571801997    0.001237728221726   -0.106532344360301    4.270399888529394   31.465342481141640
  41.241813087993840  166.448477300000008
  42.557943425244879  171.916834499999993
  43.901780756913375  177.495795399999992
  45.273613697524539  183.186471500000010
  46.673730861603552  189.236168099999986
  48.102420863675576  195.213280200000014
  49.559972318265807  201.573191600000001
  51.046673839899441  208.213058300000000
  52.562814043101632  214.911857199999986
  54.108681542397569  222.003660400000001
  55.684564952312456  229.390605099999988


# temperature  580.000000000000000
#   -0.000005407388885    0.001201014289016   -0.103345380027674    4.141018768584436   33.570212498591928
  41.241813087993840  168.137811999999997
  42.557943425244879  173.611191300000002
  43.901780756913375  179.194703099999998
  45.273613697524539  184.889530299999990
  46.673730861603552  190.943015800000012
  48.102420863675576  196.923520400000001
  49.559972318265807  203.286588200000011
  51.046673839899441  209.929306700000012
  52.562814043101632  216.630643399999997
  54.108681542397569  223.724778500000014
  55.684564952312456  231.113802200000009


# temperature  590.000000000000000
#   -0.000005249772282    0.001165827448058   -0.100292501298399    4.017179835633596   35.582707889711465
  41.241813087993840  169.799766299999987
  42.557943425244879  175.277921099999986
  43.901780756913375  180.865759599999990
  45.273613697524539  186.564532899999989
  46.673730861603552  192.621619600000002
  48.102420863675576  198.605348300000003
  49.559972318265807  204.971415600000000
  51.046673839899441  211.616843700000004
  52.562814043101632  218.320591699999994
  54.108681542397569  225.416942199999994
  55.684564952312456  232.807940900000006


# temperature  600.000000000000000
#   -0.000005098372218    0.001132044548211   -0.097363510902841    3.898484871422410   37.509150373143704
  41.241813087993840  171.435188900000014
  42.557943425244879  176.917888400000010
  43.901780756913375  182.509843799999999
  45.273613697524539  188.212371399999995
  46.673730861603552  194.272883799999988
  48.102420863675576  200.259679199999994
  49.559972318265807  206.628599100000002
  51.046673839899441  213.276604099999986
  52.562814043101632  219.982644899999997
  54.108681542397569  227.081101799999999
  55.684564952312456  234.473978299999999


# temperature  610.000000000000000
#   -0.000004953114219    0.001099640033167   -0.094555291312612    3.784765463253934   39.353020056377282
  41.241813087993840  173.044890900000013
  42.557943425244879  178.531918800000000
  43.901780756913375  184.127794599999987
  45.273613697524539  189.833896799999991
  46.673730861603552  195.897670599999998
  48.102420863675576  201.887385200000011
  49.559972318265807  208.259020499999991
  51.046673839899441  214.909478000000007
  52.562814043101632  221.617700899999988
  54.108681542397569  228.718162299999989
  55.684564952312456  236.112825500000014


# temperature  620.000000000000000
#   -0.000004813609278    0.001068528809921   -0.091860547010006    3.675725448671880   41.119205944120594
  41.241813087993840  174.629647799999987
  42.557943425244879  180.120801199999988
  43.901780756913375  185.720413199999996
  45.273613697524539  191.429921600000000
  46.673730861603552  197.496802800000012
  48.102420863675576  203.489298499999990
  49.559972318265807  209.863520399999999
  51.046673839899441  216.516313999999994
  52.562814043101632  223.226615100000004
  54.108681542397569  230.328985600000010
  55.684564952312456  237.725350399999996


# temperature  630.000000000000000
#   -0.000004679536599    0.001038639375026   -0.089273023823362    3.571105772300084   42.812063901242944
  41.241813087993840  176.190201699999989
  42.557943425244879  181.685290199999997
  43.901780756913375  187.288465400000007
  45.273613697524539  193.001222000000013
  46.673730861603552  199.071066000000002
  48.102420863675576  205.066213299999987
  49.559972318265807  211.442901000000006
  51.046673839899441  218.097921500000012
  52.562814043101632  224.810203500000000
  54.108681542397569  231.914393600000011
  55.684564952312456  239.312380200000007


# temperature  640.000000000000000
#   -0.000004550674715    0.001009919612665   -0.086787908463882    3.470696486761489   44.435285820151428
  41.241813087993840  177.727262899999999
  42.557943425244879  183.226107500000012
  43.901780756913375  188.832683500000002
  45.273613697524539  194.548539799999986
  46.673730861603552  200.621210800000000
  48.102420863675576  206.618887999999998
  49.559972318265807  212.997928199999990
  51.046673839899441  219.655072999999987
  52.562814043101632  226.369244699999996
  54.108681542397569  233.475170399999996
  55.684564952312456  240.874703699999998


# temperature  650.000000000000000
#   -0.000004426840561    0.000982326698229   -0.084401223588822    3.374321338658584   45.992040072326112
  41.241813087993840  179.241511800000012
  42.557943425244879  184.743944199999987
  43.901780756913375  190.353768099999996
  45.273613697524539  196.072584500000005
  46.673730861603552  202.147954999999996
  48.102420863675576  208.148047600000012
  49.559972318265807  214.529333799999989
  51.046673839899441  221.188506600000011
  52.562814043101632  227.904482099999996
  54.108681542397569  235.012064400000014
  55.684564952312456  242.413074099999989


# temperature  660.000000000000000
#   -0.000004307725155    0.000955792493299   -0.082107113883080    3.281743810414109   47.486183914562744
  41.241813087993840  180.733600300000006
  42.557943425244879  186.239462000000003
  43.901780756913375  191.852390000000014
  45.273613697524539  197.574035199999997
  46.673730861603552  203.651985099999990
  48.102420863675576  209.654385600000012
  49.559972318265807  216.037817600000011
  51.046673839899441  222.698927599999990
  52.562814043101632  229.416626299999990
  54.108681542397569  236.525791099999992
  55.684564952312456  243.928210900000010


# temperature  670.000000000000000
#   -0.000004193136453    0.000930272541760   -0.079901532394641    3.192789614266599   48.920748374851485
  41.241813087993840  182.204153600000012
  42.557943425244879  187.713295200000005
  43.901780756913375  193.329191900000012
  45.273613697524539  199.053542099999987
  46.673730861603552  205.133958299999989
  48.102420863675576  211.138565400000005
  49.559972318265807  217.524048700000009
  51.046673839899441  224.187010899999990
  52.562814043101632  230.906356600000009
  54.108681542397569  238.017033999999995
  55.684564952312456  245.420801699999998


# temperature  680.000000000000000
#   -0.000004082812133    0.000905708534616   -0.077779437980519    3.107254287192015   50.299074801830969
  41.241813087993840  183.653771400000011
  42.557943425244879  189.166052000000008
  43.901780756913375  194.784789700000005
  45.273613697524539  200.511728199999993
  46.673730861603552  206.594504199999989
  48.102420863675576  212.601222400000012
  49.559972318265807  218.988668200000006
  51.046673839899441  225.653401900000006
  52.562814043101632  232.374323199999992
  54.108681542397569  239.486447400000003
  55.684564952312456  246.891504200000014


# temperature  690.000000000000000
#   -0.000003976572242    0.000882059996387   -0.075737228823319    3.024985165521428   51.623793128371020
  41.241813087993840  185.083029100000005
  42.557943425244879  190.598315899999989
  43.901780756913375  196.219773900000007
  45.273613697524539  201.949190799999997
  46.673730861603552  208.034225999999990
  48.102420863675576  214.042965100000004
  49.559972318265807  220.432289499999996
  51.046673839899441  227.098719100000011
  52.562814043101632  233.821148399999998
  54.108681542397569  240.934657299999998
  55.684564952312456  248.340947999999997


# temperature  700.000000000000000
#   -0.000003874354192    0.000859308490751   -0.073772870798046    2.945880207421259   52.896895581163790
  41.241813087993840  186.492479400000008
  42.557943425244879  192.010646900000012
  43.901780756913375  197.634711399999986
  45.273613697524539  203.366502700000012
  46.673730861603552  209.453702099999987
  48.102420863675576  215.464377200000001
  49.559972318265807  221.855501099999998
  51.046673839899441  228.523554899999993
  52.562814043101632  235.247428600000006
  54.108681542397569  242.362263700000000
  55.684564952312456  249.769735900000001


# temperature  710.000000000000000
#   -0.000003775740001    0.000837366925943   -0.071879384142162    2.869680362710822   54.122217125009122
  41.241813087993840  187.882653400000009
  42.557943425244879  193.403582900000004
  43.901780756913375  199.030146199999990
  45.273613697524539  204.764213600000005
  46.673730861603552  210.853487599999994
  48.102420863675576  216.866018400000002
  49.559972318265807  223.258866899999987
  51.046673839899441  229.928477299999997
  52.562814043101632  236.653735200000000
  54.108681542397569  243.769841200000002
  55.684564952312456  251.178445600000003


# temperature  720.000000000000000
#   -0.000003680738397    0.000816232283016   -0.070055995841374    2.796330447960846   55.301070071478769
  41.241813087993840  189.254061299999989
  42.557943425244879  194.777640399999996
  43.901780756913375  200.406600800000007
  45.273613697524539  206.142851500000006
  46.673730861603552  212.234115300000013
  48.102420863675576  218.248425599999990
  49.559972318265807  224.642928100000006
  51.046673839899441  231.314031300000011
  52.562814043101632  238.040616499999999
  54.108681542397569  245.157940999999994
  55.684564952312456  252.567631100000000


# temperature  730.000000000000000
#   -0.000003589199956    0.000795869739618   -0.068299556531984    2.725697435516386   56.435701475437824
  41.241813087993840  190.607193800000005
  42.557943425244879  196.133316299999990
  43.901780756913375  201.764577400000007
  45.273613697524539  207.502923399999986
  46.673730861603552  213.596096700000004
  48.102420863675576  219.612114800000001
  49.559972318265807  226.008204299999989
  51.046673839899441  232.680739799999998
  52.562814043101632  239.408598500000011
  54.108681542397569  246.527092199999998
  55.684564952312456  253.937823799999990


# temperature  740.000000000000000
#   -0.000003500860177    0.000776223673560   -0.066605536817111    2.657608985351198   57.528751393408569
  41.241813087993840  191.942523200000011
  42.557943425244879  197.471088299999991
  43.901780756913375  203.104558800000007
  45.273613697524539  208.844916899999987
  46.673730861603552  214.939923700000008
  48.102420863675576  220.957581400000009
  49.559972318265807  227.355194600000004
  51.046673839899441  234.029105200000004
  52.562814043101632  240.758186300000006
  54.108681542397569  247.877802300000013
  55.684564952312456  255.289533699999993


# temperature  750.000000000000000
#   -0.000003415686635    0.000757283240472   -0.064972641742794    2.591996759496601   58.581596045311287
  41.241813087993840  193.260503699999987
  42.557943425244879  198.791415999999998
  43.901780756913375  204.427009400000003
  45.273613697524539  210.169300600000014
  46.673730861603552  216.266068700000005
  48.102420863675576  222.285301599999997
  49.559972318265807  228.684378400000014
  51.046673839899441  235.359609799999987
  52.562814043101632  242.089865199999991
  54.108681542397569  249.210559200000006
  55.684564952312456  256.623250900000016


# temperature  760.000000000000000
#   -0.000003333378213    0.000738985631316   -0.063395833983561    2.528673780106414   59.597001054685940
  41.241813087993840  194.561572899999987
  42.557943425244879  200.094741800000008
  43.901780756913375  205.732375899999994
  45.273613697524539  211.476525400000014
  46.673730861603552  217.574986599999988
  48.102420863675576  223.595733400000000
  49.559972318265807  229.996217000000001
  51.046673839899441  236.672717799999987
  52.562814043101632  243.404101700000012
  54.108681542397569  250.525831600000004
  55.684564952312456  257.939445999999975


# temperature  770.000000000000000
#   -0.000003253952653    0.000721330326867   -0.061874633752215    2.467601334387454   60.575916799436961
  41.241813087993840  195.846152300000000
  42.557943425244879  201.381491799999992
  43.901780756913375  207.021088800000001
  45.273613697524539  212.767025399999994
  46.673730861603552  218.867114799999996
  48.102420863675576  224.889317500000004
  49.559972318265807  231.291153799999989
  51.046673839899441  237.968875200000014
  52.562814043101632  244.701344199999994
  54.108681542397569  251.824070100000000
  55.684564952312456  259.238571700000023


# temperature  780.000000000000000
#   -0.000003177378961    0.000704307739976   -0.060407940629600    2.408722514199099   61.519478157128326
  41.241813087993840  197.114648200000005
  42.557943425244879  202.652076499999993
  43.901780756913375  208.293562299999991
  45.273613697524539  214.041218600000008
  46.673730861603552  220.142874599999999
  48.102420863675576  226.166478100000006
  49.559972318265807  232.569615800000008
  51.046673839899441  239.248511400000012
  52.562814043101632  245.982024200000012
  54.108681542397569  253.105708300000003
  55.684564952312456  260.521063400000003


# temperature  790.000000000000000
#   -0.000003103214169    0.000687827429594   -0.058988734005021    2.351788980903189   62.431120956517290
  41.241813087993840  198.367451999999986
  42.557943425244879  203.906891500000000
  43.901780756913375  209.550195800000012
  45.273613697524539  215.299507599999998
  46.673730861603552  221.402671700000013
  48.102420863675576  227.427623600000004
  49.559972318265807  233.832013999999987
  51.046673839899441  240.512039799999997
  52.562814043101632  247.246557300000006
  54.108681542397569  254.371163599999988
  55.684564952312456  261.787339999999972


# temperature  800.000000000000000
#   -0.000003031601813    0.000671915303339   -0.057618621985521    2.296836105592708   63.310787063217951
  41.241813087993840  199.604941599999989
  42.557943425244879  205.146318400000013
  43.901780756913375  210.791374300000001
  45.273613697524539  216.542280599999998
  46.673730861603552  222.646897099999990
  48.102420863675576  228.673147499999999
  49.559972318265807  235.078744199999988
  51.046673839899441  241.759858500000007
  52.562814043101632  248.495343399999996
  54.108681542397569  255.620837599999987
  55.684564952312456  263.037804900000026


# temperature  810.000000000000000
#   -0.000002962401739    0.000656539798372   -0.056294875840603    2.243754961078817   64.160200145782483
  41.241813087993840  200.827481400000011
  42.557943425244879  206.370725099999987
  43.901780756913375  212.017468900000011
  45.273613697524539  217.769911699999994
  46.673730861603552  223.875927700000005
  48.102420863675576  229.903429100000011
  49.559972318265807  236.310188199999999
  51.046673839899441  242.992351000000014
  52.562814043101632  249.728767900000008
  54.108681542397569  256.855117600000028
  55.684564952312456  264.272846800000025


# temperature  820.000000000000000
#   -0.000002895361371    0.000641649545894   -0.055013486832197    2.192401049994758   64.981433619469371
  41.241813087993840  202.035423299999991
  42.557943425244879  207.580466999999999
  43.901780756913375  213.228837999999996
  45.273613697524539  218.982761900000014
  46.673730861603552  225.090126900000001
  48.102420863675576  231.118834399999997
  49.559972318265807  237.526713699999988
  51.046673839899441  244.209887199999997
  52.562814043101632  250.947202500000003
  54.108681542397569  258.074376599999994
  55.684564952312456  265.492840100000024


# temperature  830.000000000000000
#   -0.000002830703560    0.000627284344693   -0.053776980307051    2.142837506183877   65.774088398161481
  41.241813087993840  203.229106800000011
  42.557943425244879  208.775886700000001
  43.901780756913375  214.425827099999992
  45.273613697524539  220.181179600000007
  46.673730861603552  226.289845600000007
  48.102420863675576  232.319716099999994
  49.559972318265807  238.728675799999991
  51.046673839899441  245.412823800000012
  52.562814043101632  252.151005300000008
  54.108681542397569  259.278974399999981
  55.684564952312456  266.698145899999986


# temperature  840.000000000000000
#   -0.000002767907841    0.000613341153565   -0.052577635646933    2.094802483604049   66.541607244093925
  41.241813087993840  204.408860299999986
  42.557943425244879  209.957315499999993
  43.901780756913375  215.608770300000003
  45.273613697524539  221.365500999999995
  46.673730861603552  227.475422299999991
  48.102420863675576  233.506414799999988
  49.559972318265807  239.916416700000013
  51.046673839899441  246.601505000000003
  52.562814043101632  253.340522099999987
  54.108681542397569  260.469258099999990
  55.684564952312456  267.889112500000010


# temperature  850.000000000000000
#   -0.000002707318343    0.000599883754735   -0.051419763739788    2.048418699459823   67.282832782942023
  41.241813087993840  205.575000700000004
  42.557943425244879  211.125073200000003
  43.901780756913375  216.777989899999994
  45.273613697524539  222.536050999999986
  46.673730861603552  228.647183799999993
  48.102420863675576  234.679259400000007
  49.559972318265807  241.090267100000005
  51.046673839899441  247.776262800000012
  52.562814043101632  254.516086300000012
  54.108681542397569  261.645562400000017
  55.684564952312456  269.066075899999987


# temperature  860.000000000000000
#   -0.000002648549480    0.000586834587744   -0.050297448860207    2.003481447914650   68.000518124882589
  41.241813087993840  206.727834800000011
  42.557943425244879  212.279469199999994
  43.901780756913375  217.933797499999997
  45.273613697524539  223.693143300000003
  46.673730861603552  229.805445999999989
  48.102420863675576  235.838567299999994
  49.559972318265807  242.250546299999996
  51.046673839899441  248.937418000000008
  52.562814043101632  255.678020099999998
  54.108681542397569  262.808210700000018
  55.684564952312456  270.229360600000007


# temperature  870.000000000000000
#   -0.000002591629498    0.000574197210327   -0.049210725484001    1.959979706501990   68.695053132990751
  41.241813087993840  207.867658900000009
  42.557943425244879  213.420802299999991
  43.901780756913375  219.076494400000001
  45.273613697524539  224.837081299999994
  46.673730861603552  230.950514099999992
  48.102420863675576  236.984645400000005
  49.559972318265807  243.397562599999986
  51.046673839899441  250.085280500000010
  52.562814043101632  256.826634700000000
  54.108681542397569  263.957515399999977
  55.684564952312456  271.379279800000006


# temperature  880.000000000000000
#   -0.000002536534953    0.000561964643766   -0.048158825853123    1.917875550143943   69.367159941855633
  41.241813087993840  208.994759899999991
  42.557943425244879  214.549361699999992
  43.901780756913375  220.206371799999999
  45.273613697524539  225.968158100000011
  46.673730861603552  232.082683000000003
  48.102420863675576  238.117790500000012
  49.559972318265807  244.531614200000007
  51.046673839899441  251.220149800000002
  52.562814043101632  257.962230599999998
  54.108681542397569  265.093778199999974
  55.684564952312456  272.516136399999994


# temperature  890.000000000000000
#   -0.000002483086019    0.000550100539754   -0.047138934750296    1.877068402165574   70.018267503749939
  41.241813087993840  210.109415200000001
  42.557943425244879  215.665427099999988
  43.901780756913375  221.323711599999996
  45.273613697524539  227.086657500000001
  46.673730861603552  233.202238099999988
  48.102420863675576  239.238289199999997
  49.559972318265807  245.652989300000002
  51.046673839899441  252.342315299999996
  52.562814043101632  259.085098500000015
  54.108681542397569  266.217290600000013
  55.684564952312456  273.640222699999981


# temperature  900.000000000000000
#   -0.000002431234107    0.000538592787441   -0.046149904324276    1.837508439199912   70.649224979260921
  41.241813087993840  211.211893699999990
  42.557943425244879  216.769269400000013
  43.901780756913375  222.428786400000007
  45.273613697524539  228.192853700000001
  46.673730861603552  234.309455399999990
  48.102420863675576  240.346418999999997
  49.559972318265807  246.761966599999994
  51.046673839899441  253.452056900000002
  52.562814043101632  260.195519400000023
  54.108681542397569  267.328334700000028
  55.684564952312456  274.751821899999982


# temperature  910.000000000000000
#   -0.000002381036357    0.000527450873710   -0.045192238225292    1.799201931915065   71.260165686952519
  41.241813087993840  212.302455299999991
  42.557943425244879  217.861150699999996
  43.901780756913375  223.521860199999992
  45.273613697524539  229.287012500000003
  46.673730861603552  235.404602000000011
  48.102420863675576  241.442448399999989
  49.559972318265807  247.858815800000002
  51.046673839899441  254.549645499999997
  52.562814043101632  261.293765099999973
  54.108681542397569  268.427183300000024
  55.684564952312456  275.851207299999999


# temperature  920.000000000000000
#   -0.000002332271181    0.000516629415289   -0.044262405467889    1.762023915714646   71.852814083350609
  41.241813087993840  213.381352200000009
  42.557943425244879  218.941324900000012
  43.901780756913375  224.603188499999987
  45.273613697524539  230.369391000000007
  46.673730861603552  236.487936499999989
  48.102420863675576  242.526637300000004
  49.559972318265807  248.943798100000009
  51.046673839899441  255.635343299999988
  52.562814043101632  262.380098700000019
  54.108681542397569  269.514100400000018
  55.684564952312456  276.938643899999988


# temperature  930.000000000000000
#   -0.000002284990443    0.000506138029888   -0.043361008061052    1.725987011970461   72.427180747288602
  41.241813087993840  214.448828499999991
  42.557943425244879  220.010038000000009
  43.901780756913375  225.673019100000005
  45.273613697524539  231.440238200000010
  46.673730861603552  237.559709300000009
  48.102420863675576  243.599237200000005
  49.559972318265807  250.017166099999997
  51.046673839899441  256.709404099999972
  52.562814043101632  263.454774900000018
  54.108681542397569  270.589341400000023
  55.684564952312456  278.014387800000009


# temperature  940.000000000000000
#   -0.000002239200163    0.000495974741486   -0.042487617118335    1.691064911720139   72.983807671529718
  41.241813087993840  215.505120900000009
  42.557943425244879  221.067528399999986
  43.901780756913375  226.731591799999990
  45.273613697524539  232.499795599999999
  46.673730861603552  238.620162999999991
  48.102420863675576  244.660492000000005
  49.559972318265807  251.079164700000007
  51.046673839899441  257.772073499999976
  52.562814043101632  264.518040400000018
  54.108681542397569  271.653153700000018
  55.684564952312456  279.078687100000025


# temperature  950.000000000000000
#   -0.000002194586788    0.000486078285751   -0.041637702490322    1.657106019769080   73.524660784775293
  41.241813087993840  216.550458999999989
  42.557943425244879  222.114027099999987
  43.901780756913375  227.779139100000009
  45.273613697524539  233.548296899999997
  46.673730861603552  239.669532800000013
  48.102420863675576  245.710637800000001
  49.559972318265807  252.130031000000002
  51.046673839899441  258.823589599999991
  52.562814043101632  265.570133999999996
  54.108681542397569  272.705777099999978
  55.684564952312456  280.131782199999975


# temperature  960.000000000000000
#   -0.000002151426328    0.000476500497082   -0.040814841864130    1.624216232882523   74.048647758016912
  41.241813087993840  217.585065299999997
  42.557943425244879  223.149758300000002
  43.901780756913375  228.815886699999993
  45.273613697524539  234.585969000000006
  46.673730861603552  240.708046499999995
  48.102420863675576  246.749903499999988
  49.559972318265807  253.169995099999994
  51.046673839899441  259.864183400000002
  52.562814043101632  266.611287199999992
  54.108681542397569  273.747443700000019
  55.684564952312456  281.173905900000022


# temperature  970.000000000000000
#   -0.000002109406609    0.000467179095298   -0.040014347051326    1.592236622229216   74.557840602083090
  41.241813087993840  218.609155700000002
  42.557943425244879  224.174939300000005
  43.901780756913375  229.842052999999993
  45.273613697524539  235.613031699999993
  46.673730861603552  241.735925000000009
  48.102420863675576  247.778511100000003
  49.559972318265807  254.199279600000011
  51.046673839899441  260.894078299999990
  52.562814043101632  267.641724500000009
  54.108681542397569  274.778378700000019
  55.684564952312456  282.205283800000018


# temperature  980.000000000000000
#   -0.000002068537842    0.000458115005351   -0.039236161103013    1.561158602504531   75.052485749721157
  41.241813087993840  219.622939699999989
  42.557943425244879  225.189781199999999
  43.901780756913375  230.857850399999990
  45.273613697524539  236.629698300000001
  46.673730861603552  242.753382799999997
  48.102420863675576  248.796675800000003
  49.559972318265807  255.218100700000008
  51.046673839899441  261.913491399999998
  52.562814043101632  268.661663499999975
  54.108681542397569  275.798800200000017
  55.684564952312456  283.226134899999977


# temperature  990.000000000000000
#   -0.000002028855421    0.000449313552852   -0.038480508535798    1.530981407420161   75.532749031176408
  41.241813087993840  220.626620900000006
  42.557943425244879  226.194488500000006
  43.901780756913375  231.863484699999987
  45.273613697524539  237.636175799999990
  46.673730861603552  243.760627800000009
  48.102420863675576  249.804606600000000
  49.559972318265807  256.226668200000006
  51.046673839899441  262.922633000000019
  52.562814043101632  269.671315199999981
  54.108681542397569  276.808919899999978
  55.684564952312456  284.236671300000012


# temperature 1000.000000000000000
#   -0.000001990391182    0.000440779876435   -0.037747645898506    1.501707121423348   75.998734497577558
  41.241813087993840  221.620396599999992
  42.557943425244879  227.189259999999990
  43.901780756913375  232.859155799999996
  45.273613697524539  238.632665099999997
  46.673730861603552  244.757861800000001
  48.102420863675576  250.802505999999994
  49.559972318265807  257.225185399999987
  51.046673839899441  263.921707299999980
  52.562814043101632  270.670884399999977
  54.108681542397569  277.808943199999987
  55.684564952312456  285.237098899999978


