# Temperature: 0.000000
# Parameters: -14.753920 0.841413 5.085055 48.400287
  41.241813087993840       -14.140418834118826
  42.557943425244879       -14.370255342771715
  43.901780756913375       -14.540105956453930
  45.273613697524539       -14.656611105796626
  46.673730861603552       -14.725897476953030
  48.102420863675576       -14.752903266241450
  49.559972318265807       -14.742716485330972
  51.046673839899441       -14.699446704076156
  52.562814043101632       -14.626839391030650
  54.108681542397569       -14.528671188426005
  55.684564952312456       -14.407896441888401


# Temperature: 10.000000
# Parameters: -14.753921 0.841411 5.085061 48.400296
  41.241813087993840       -14.140419446646792
  42.557943425244879       -14.370256038213787
  43.901780756913375       -14.540106763830048
  45.273613697524539       -14.656612014742525
  46.673730861603552       -14.725898565200685
  48.102420863675576       -14.752904541045847
  49.559972318265807       -14.742717974675619
  51.046673839899441       -14.699448496057295
  52.562814043101632       -14.626841482539001
  54.108681542397569       -14.528673587752976
  55.684564952312456       -14.407899226765970


# Temperature: 20.000000
# Parameters: -14.753943 0.841375 5.085327 48.400461
  41.241813087993840       -14.140429293733430
  42.557943425244879       -14.370267340443005
  43.901780756913375       -14.540120004176517
  45.273613697524539       -14.656627167295589
  46.673730861603552       -14.725916906837591
  48.102420863675576       -14.752926305998947
  49.559972318265807       -14.742743951665357
  51.046673839899441       -14.699480278070954
  52.562814043101632       -14.626879638574639
  54.108681542397569       -14.528719490039066
  55.684564952312456       -14.407955411437761


# Temperature: 30.000000
# Parameters: -14.754063 0.841157 5.087088 48.401408
  41.241813087993840       -14.140478066920476
  42.557943425244879       -14.370324379130096
  43.901780756913375       -14.540187690071381
  45.273613697524539       -14.656706568953780
  46.673730861603552       -14.726014046932558
  48.102420863675576       -14.753042821047879
  49.559972318265807       -14.742885299489352
  51.046673839899441       -14.699654496156262
  52.562814043101632       -14.627091925635773
  54.108681542397569       -14.528979930504295
  55.684564952312456       -14.408278281043467


# Temperature: 40.000000
# Parameters: -14.754430 0.840586 5.091211 48.404138
  41.241813087993840       -14.140628084450787
  42.557943425244879       -14.370500886681185
  43.901780756913375       -14.540396998443219
  45.273613697524539       -14.656953304753539
  46.673730861603552       -14.726313023801891
  48.102420863675576       -14.753398625173332
  49.559972318265807       -14.743312869920162
  51.046673839899441       -14.700172744563821
  52.562814043101632       -14.627714384638777
  54.108681542397569       -14.529731067019311
  55.684564952312456       -14.409188489309285


# Temperature: 50.000000
# Parameters: -14.755212 0.839614 5.097289 48.409351
  41.241813087993840       -14.140966774068119
  42.557943425244879       -14.370896890675015
  43.901780756913375       -14.540861637698438
  45.273613697524539       -14.657496281257099
  46.673730861603552       -14.726959111252555
  48.102420863675576       -14.754155815454588
  49.559972318265807       -14.744206629063568
  51.046673839899441       -14.701232492567408
  52.562814043101632       -14.628961059387432
  54.108681542397569       -14.531201704171796
  55.684564952312456       -14.410925140827846


# Temperature: 60.000000
# Parameters: -14.756540 0.838284 5.104512 48.417254
  41.241813087993840       -14.141584636520315
  42.557943425244879       -14.371611682827632
  43.901780756913375       -14.541689499818839
  45.273613697524539       -14.658451910907186
  46.673730861603552       -14.728075902088939
  48.102420863675576       -14.755444443704985
  49.559972318265807       -14.745701211810168
  51.046673839899441       -14.702969919332871
  52.562814043101632       -14.630966615865125
  54.108681542397569       -14.533520467652446
  55.684564952312456       -14.413604952751220


# Temperature: 70.000000
# Parameters: -14.758501 0.836666 5.112253 48.427719
  41.241813087993840       -14.142559695018535
  42.557943425244879       -14.372727262081629
  43.901780756913375       -14.542965614257627
  45.273613697524539       -14.659907242115510
  46.673730861603552       -14.729750191834736
  48.102420863675576       -14.757349832686376
  49.559972318265807       -14.747877818017855
  51.046673839899441       -14.705458925167395
  52.562814043101632       -14.633794904152847
  54.108681542397569       -14.536737330830006
  55.684564952312456       -14.417260029421655


# Temperature: 80.000000
# Parameters: -14.761142 0.834830 5.120153 48.440473
  41.241813087993840       -14.143951901644311
  42.557943425244879       -14.374303761893144
  43.901780756913375       -14.544749120538082
  45.273613697524539       -14.661919150850231
  46.673730861603552       -14.732034410189110
  48.102420863675576       -14.759918822650693
  49.559972318265807       -14.750775414207659
  51.046673839899441       -14.708728254319043
  52.562814043101632       -14.637462663572382
  54.108681542397569       -14.540854575915271
  55.684564952312456       -14.421876075410671


# Temperature: 90.000000
# Parameters: -14.764480 0.832831 5.128042 48.455200
  41.241813087993840       -14.145803362254052
  42.557943425244879       -14.376381062911241
  43.901780756913375       -14.547076589999973
  45.273613697524539       -14.664519772546386
  46.673730861603552       -14.734954534141799
  48.102420863675576       -14.763170406110580
  49.559972318265807       -14.754404358424404
  51.046673839899441       -14.712778152420857
  52.562814043101632       -14.641959076942040
  54.108681542397569       -14.545848940319081
  55.684564952312456       -14.427416427136555


# Temperature: 100.000000
# Parameters: -14.768516 0.830711 5.135858 48.471606
  41.241813087993840       -14.148140967965528
  42.557943425244879       -14.378982579043328
  43.901780756913375       -14.549967105325035
  45.273613697524539       -14.667722983916219
  46.673730861603552       -14.738518022853160
  48.102420863675576       -14.767105118898453
  49.559972318265807       -14.758757185289179
  51.046673839899441       -14.717592314413684
  52.562814043101632       -14.647258581842618
  54.108681542397569       -14.551684896382994
  55.684564952312456       -14.433835248644504


# Temperature: 110.000000
# Parameters: -14.773238 0.828498 5.143590 48.489432
  41.241813087993840       -14.150979601860957
  42.557943425244879       -14.382119254951531
  43.901780756913375       -14.553427047790233
  45.273613697524539       -14.671530002760678
  46.673730861603552       -14.742720127417712
  48.102420863675576       -14.771711987332244
  49.559972318265807       -14.763816028884763
  51.046673839899441       -14.723145552028230
  52.562814043101632       -14.653328554682268
  54.108681542397569       -14.558322051463334
  55.684564952312456       -14.441084348182649


# Temperature: 120.000000
# Parameters: -14.778629 0.826215 5.151246 48.508460
  41.241813087993840       -14.154325125967704
  42.557943425244879       -14.385793014243138
  43.901780756913375       -14.557453990085083
  45.273613697524539       -14.675933659082352
  46.673730861603552       -14.747548432484351
  48.102420863675576       -14.776973259501634
  49.559972318265807       -14.769557402753913
  51.046673839899441       -14.729408461849282
  52.562814043101632       -14.660133717581298
  54.108681542397569       -14.565719128844757
  55.684564952312456       -14.449116546587650


# Temperature: 130.000000
# Parameters: -14.784666 0.823877 5.158843 48.528512
  41.241813087993840       -14.158176858317240
  42.557943425244879       -14.389999490453985
  43.901780756913375       -14.562039623179633
  45.273613697524539       -14.680921464980296
  46.673730861603552       -14.752985974863197
  48.102420863675576       -14.782867499000671
  49.559972318265807       -14.775955183770771
  51.046673839899441       -14.736350180136917
  52.562814043101632       -14.667638583301885
  54.108681542397569       -14.573835999135879
  55.684564952312456       -14.457887223632799


# Temperature: 140.000000
# Parameters: -14.791325 0.821496 5.166396 48.549442
  41.241813087993840       -14.162529501734554
  42.557943425244879       -14.394730067771921
  43.901780756913375       -14.567171861306353
  45.273613697524539       -14.686477736214734
  46.673730861603552       -14.759013310159725
  48.102420863675576       -14.789371564502080
  49.559972318265807       -14.782982416559140
  51.046673839899441       -14.743939965449520
  52.562814043101632       -14.675808764254562
  54.108681542397569       -14.582634662801436
  55.684564952312456       -14.467354925373849


# Temperature: 150.000000
# Parameters: -14.798584 0.819080 5.173921 48.571130
  41.241813087993840       -14.167374615563542
  42.557943425244879       -14.399973373490740
  43.901780756913375       -14.572836328195505
  45.273613697524539       -14.692585039058232
  46.673730861603552       -14.765609866347548
  48.102420863675576       -14.796461834813185
  49.559972318265807       -14.790612385157297
  51.046673839899441       -14.752148063023348
  52.562814043101632       -14.684611614046098
  54.108681542397569       -14.592079641931450
  55.684564952312456       -14.477481493702312


# Temperature: 160.000000
# Parameters: -14.806419 0.816636 5.181432 48.593480
  41.241813087993840       -14.172701685259009
  42.557943425244879       -14.405716342420023
  43.901780756913375       -14.579017389355784
  45.273613697524539       -14.699225151062913
  46.673730861603552       -14.772754809184415
  48.102420863675576       -14.804114966503574
  49.559972318265807       -14.798819221400274
  51.046673839899441       -14.760946158727274
  52.562814043101632       -14.694016512496765
  54.108681542397569       -14.602138070410312
  55.684564952312456       -14.488231958557110


# Temperature: 170.000000
# Parameters: -14.814807 0.814168 5.188936 48.616411
  41.241813087993840       -14.178498907997813
  42.557943425244879       -14.411944968294236
  43.901780756913375       -14.585698841297814
  45.273613697524539       -14.706379690171246
  46.673730861603552       -14.780427582190338
  48.102420863675576       -14.812308328167727
  49.559972318265807       -14.807578232430561
  51.046673839899441       -14.770307578056629
  52.562814043101632       -14.703994924716618
  54.108681542397569       -14.612779622403368
  55.684564952312456       -14.499574320275055


# Temperature: 180.000000
# Parameters: -14.823726 0.811679 5.196443 48.639858
  41.241813087993840       -14.184753754421955
  42.557943425244879       -14.418644824058752
  43.901780756913375       -14.592864387253858
  45.273613697524539       -14.714030520995165
  46.673730861603552       -14.788608234158307
  48.102420863675576       -14.821020250203770
  49.559972318265807       -14.816866053052793
  51.046673839899441       -14.780207335881681
  52.562814043101632       -14.714520359648455
  54.108681542397569       -14.623976361038673
  55.684564952312456       -14.511479299812095


# Temperature: 190.000000
# Parameters: -14.833156 0.809173 5.203958 48.663766
  41.241813087993840       -14.191453367662710
  42.557943425244879       -14.425801420473366
  43.901780756913375       -14.600497944996425
  45.273613697524539       -14.722160004594821
  46.673730861603552       -14.797277607783890
  48.102420863675576       -14.830230146075342
  49.559972318265807       -14.826660692372927
  51.046673839899441       -14.790622110536971
  52.562814043101632       -14.725568264352328
  54.108681542397569       -14.635702554959535
  55.684564952312456       -14.523920081709582


# Temperature: 200.000000
# Parameters: -14.843077 0.806652 5.211486 48.688091
  41.241813087993840       -14.198584837993607
  42.557943425244879       -14.433400444490347
  43.901780756913375       -14.608583841686432
  45.273613697524539       -14.730751154978959
  46.673730861603552       -14.806417433980021
  48.102420863675576       -14.839918548586539
  49.559972318265807       -14.836941518251850
  51.046673839899441       -14.801530168162186
  52.562814043101632       -14.737115888233685
  54.108681542397569       -14.647934489694904
  55.684564952312456       -14.536872062242676


# Temperature: 210.000000
# Parameters: -14.853471 0.804117 5.219033 48.712795
  41.241813087993840       -14.206135398715018
  42.557943425244879       -14.441427921973379
  43.901780756913375       -14.617106939280781
  45.273613697524539       -14.739787711654760
  46.673730861603552       -14.816010375406918
  48.102420863675576       -14.850067111954749
  49.559972318265807       -14.847689207556915
  51.046673839899441       -14.812911269423799
  52.562814043101632       -14.749142148307961
  54.108681542397569       -14.660650282139082
  55.684564952312456       -14.550312626588681


# Temperature: 220.000000
# Parameters: -14.864320 0.801570 5.226599 48.737847
  41.241813087993840       -14.214092554671007
  42.557943425244879       -14.449870312012353
  43.901780756913375       -14.626052701900083
  45.273613697524539       -14.749254181084895
  46.673730861603552       -14.826040021289945
  48.102420863675576       -14.860658575535737
  49.559972318265807       -14.858885675684947
  51.046673839899441       -14.824746558617436
  52.562814043101632       -14.761627484100870
  54.108681542397569       -14.673829707468505
  55.684564952312456       -14.564220938432491


# Temperature: 230.000000
# Parameters: -14.875610 0.799012 5.234188 48.763219
  41.241813087993840       -14.222444167236302
  42.557943425244879       -14.458714574291083
  43.901780756913375       -14.635407226921437
  45.273613697524539       -14.759135844978937
  46.673730861603552       -14.836490867727505
  48.102420863675576       -14.871676713038751
  49.559972318265807       -14.870513998830271
  51.046673839899441       -14.837018463134536
  52.562814043101632       -14.774553729131563
  54.108681542397569       -14.687454039532097
  55.684564952312456       -14.578577764810555


# Temperature: 240.000000
# Parameters: -14.887323 0.796443 5.241802 48.788889
  41.241813087993840       -14.231178504064760
  42.557943425244879       -14.467948193961536
  43.901780756913375       -14.645157258451979
  45.273613697524539       -14.769418741637685
  46.673730861603552       -14.847348284525415
  48.102420863675576       -14.883106273450228
  49.559972318265807       -14.882558334179883
  51.046673839899441       -14.849710587746856
  52.562814043101632       -14.787903985505022
  54.108681542397569       -14.701505906788002
  55.684564952312456       -14.593365303027658


# Temperature: 250.000000
# Parameters: -14.899446 0.793865 5.249441 48.814839
  41.241813087993840       -14.240284275364273
  42.557943425244879       -14.477559198226654
  43.901780756913375       -14.655290179037467
  45.273613697524539       -14.780089643151783
  46.673730861603552       -14.858598467521274
  48.102420863675576       -14.894932921957485
  49.559972318265807       -14.895003838035766
  51.046673839899441       -14.862807618218824
  52.562814043101632       -14.801662510941595
  54.108681542397569       -14.715969166896006
  55.684564952312456       -14.608567044885090


# Temperature: 260.000000
# Parameters: -14.911966 0.791278 5.257109 48.841051
  41.241813087993840       -14.249750638042494
  42.557943425244879       -14.487536149085370
  43.901780756913375       -14.665793993079465
  45.273613697524539       -14.791136027418217
  46.673730861603552       -14.870228394018142
  48.102420863675576       -14.907143178799567
  49.559972318265807       -14.907836593265055
  51.046673839899441       -14.876295233211300
  52.562814043101632       -14.815814615134366
  54.108681542397569       -14.730828785455648
  55.684564952312456       -14.624167645054486


# Temperature: 270.000000
# Parameters: -14.924870 0.788683 5.264804 48.867513
  41.241813087993840       -14.259567207107517
  42.557943425244879       -14.497868140223328
  43.901780756913375       -14.676657302997532
  45.273613697524539       -14.802546034610399
  46.673730861603552       -14.882225773036078
  48.102420863675576       -14.919724355008817
  49.559972318265807       -14.921043534677329
  51.046673839899441       -14.890160017221763
  52.562814043101632       -14.830346568543634
  54.108681542397569       -14.746070736509292
  55.684564952312456       -14.640152810180217


# Temperature: 280.000000
# Parameters: -14.938146 0.786079 5.272529 48.894211
  41.241813087993840       -14.269724043230758
  42.557943425244879       -14.508544774211504
  43.901780756913375       -14.687869283318568
  45.273613697524539       -14.814308440231086
  46.673730861603552       -14.894578999709374
  48.102420863675576       -14.932664502662409
  49.559972318265807       -14.934612383729760
  51.046673839899441       -14.904389389070895
  52.562814043101632       -14.845245516373529
  54.108681542397569       -14.761681910300190
  55.684564952312456       -14.656509199382461


# Temperature: 290.000000
# Parameters: -14.951782 0.783468 5.280284 48.921136
  41.241813087993840       -14.280211646528402
  42.557943425244879       -14.519556145923383
  43.901780756913375       -14.699419651656870
  45.273613697524539       -14.826412607436772
  46.673730861603552       -14.907277108647371
  48.102420863675576       -14.945952353733196
  49.559972318265807       -14.948531587377961
  51.046673839899441       -14.918971531425587
  52.562814043101632       -14.860499402912884
  54.108681542397569       -14.777650029321938
  55.684564952312456       -14.673224334088104


# Temperature: 300.000000
# Parameters: -14.965769 0.780850 5.288069 48.948278
  41.241813087993840       -14.291020936869300
  42.557943425244879       -14.530892819733586
  43.901780756913375       -14.711298640730627
  45.273613697524539       -14.838848458017742
  46.673730861603552       -14.920309731440982
  48.102420863675576       -14.959577273450520
  49.559972318265807       -14.962790260036098
  51.046673839899441       -14.933895330686218
  52.562814043101632       -14.876096905203955
  54.108681542397569       -14.793963575768643
  55.684564952312456       -14.690286522371627


# Temperature: 310.000000
# Parameters: -14.980095 0.778225 5.295886 48.975630
  41.241813087993840       -14.302143242474280
  42.557943425244879       -14.542545805680051
  43.901780756913375       -14.723496967269131
  45.273613697524539       -14.851606434050309
  46.673730861603552       -14.933667053132787
  48.102420863675576       -14.973529214697463
  49.559972318265807       -14.977378133828440
  51.046673839899441       -14.949150315837491
  52.562814043101632       -14.892027370856839
  54.108681542397569       -14.810611729349333
  55.684564952312456       -14.707684790550964


# Temperature: 320.000000
# Parameters: -14.994753 0.775593 5.303734 49.003186
  41.241813087993840       -14.313570278151197
  42.557943425244879       -14.554506538735524
  43.901780756913375       -14.736005804029258
  45.273613697524539       -14.864677465767585
  46.673730861603552       -14.947339776978531
  48.102420863675576       -14.987798676553778
  49.559972318265807       -14.992285510913742
  51.046673839899441       -14.964726610772832
  52.562814043101632       -14.908280762082452
  54.108681542397569       -14.827584301993104
  55.684564952312456       -14.725408815819783


# Temperature: 330.000000
# Parameters: -15.009732 0.772954 5.311614 49.030939
  41.241813087993840       -14.325294130784959
  42.557943425244879       -14.566766852896885
  43.901780756913375       -14.748816750775539
  45.273613697524539       -14.878052938393848
  46.673730861603552       -14.961319087135784
  48.102420863675576       -15.002376658693150
  49.559972318265807       -15.007503222028191
  51.046673839899441       -14.980614887655197
  52.562814043101632       -14.924847610089769
  54.108681542397569       -14.844871691209933
  55.684564952312456       -14.743448878571888


# Temperature: 340.000000
# Parameters: -15.025025 0.770309 5.319526 49.058885
  41.241813087993840       -14.337307236536150
  42.557943425244879       -14.579318959420203
  43.901780756913375       -14.761921814588055
  45.273613697524539       -14.891724664161030
  46.673730861603552       -14.975596617571142
  48.102420863675576       -15.017254632363240
  49.559972318265807       -15.023022583991924
  51.046673839899441       -14.996806321314315
  52.562814043101632       -14.941718963264504
  54.108681542397569       -14.862464833451495
  55.684564952312456       -14.761795806434186


# Temperature: 350.000000
# Parameters: -15.040623 0.767657 5.327472 49.087020
  41.241813087993840       -14.349602366331062
  42.557943425244879       -14.592155429201487
  43.901780756913375       -14.775313378769646
  45.273613697524539       -14.905684853288770
  46.673730861603552       -14.990164417858168
  48.102420863675576       -15.032424503074347
  49.559972318265807       -15.038835365506968
  51.046673839899441       -15.013292559190331
  52.562814043101632       -14.958886357112759
  54.108681542397569       -14.880355154362695
  55.684564952312456       -14.780440935918916


# Temperature: 360.000000
# Parameters: -15.056518 0.764999 5.335450 49.115339
  41.241813087993840       -14.362172607206018
  42.557943425244879       -14.605269166866027
  43.901780756913375       -14.788984180044533
  45.273613697524539       -14.919926091183047
  46.673730861603552       -15.005014929339577
  48.102420863675576       -15.047878581579468
  49.559972318265807       -15.054933755028008
  51.046673839899441       -15.030065675731034
  52.562814043101632       -14.976341765548968
  54.108681542397569       -14.898534539761728
  55.684564952312456       -14.799376066820891


# Temperature: 370.000000
# Parameters: -15.072704 0.762335 5.343461 49.143840
  41.241813087993840       -14.375011344688129
  42.557943425244879       -14.618653396258422
  43.901780756913375       -14.802927291975500
  45.273613697524539       -14.934441308379807
  46.673730861603552       -15.020140957143727
  48.102420863675576       -15.063609556927217
  49.559972318265807       -15.071310331742465
  51.046673839899441       -15.047118151663344
  52.562814043101632       -14.994077579130959
  54.108681542397569       -14.916995294183037
  55.684564952312456       -14.818593430088281


# Temperature: 380.000000
# Parameters: -15.089173 0.759665 5.351506 49.172519
  41.241813087993840       -14.388112247248898
  42.557943425244879       -14.632301635568354
  43.901780756913375       -14.817136100089657
  45.273613697524539       -14.949223768107855
  46.673730861603552       -15.035535644273970
  48.102420863675576       -15.079610467441878
  49.559972318265807       -15.087958036550550
  51.046673839899441       -15.064442836681952
  52.562814043101632       -15.012086568785019
  54.108681542397569       -14.935730114966642
  55.684564952312456       -14.838085655693394


# Temperature: 390.000000
# Parameters: -15.105919 0.756989 5.359585 49.201375
  41.241813087993840       -14.401469250757817
  42.557943425244879       -14.646207690075601
  43.901780756913375       -14.831604283222767
  45.273613697524539       -14.964267034159628
  46.673730861603552       -15.051192452952961
  48.102420863675576       -15.095874681031313
  49.559972318265807       -15.104870148227461
  51.046673839899441       -15.082032928720800
  52.562814043101632       -15.030361858858827
  54.108681542397569       -14.954732059092505
  55.684564952312456       -14.857845740503466


# Temperature: 400.000000
# Parameters: -15.122936 0.754307 5.367699 49.230406
  41.241813087993840       -14.415076545008835
  42.557943425244879       -14.660365626239377
  43.901780756913375       -14.846325799009279
  45.273613697524539       -14.979564962599795
  46.673730861603552       -15.067105141821294
  48.102420863675576       -15.112395871349156
  49.559972318265807       -15.122040258549147
  51.046673839899441       -15.099881949078851
  52.562814043101632       -15.048896903283627
  54.108681542397569       -14.973994522451999
  55.684564952312456       -14.877867025479272


# Temperature: 410.000000
# Parameters: -15.140218 0.751619 5.375846 49.259610
  41.241813087993840       -14.428928556101107
  42.557943425244879       -14.674769762370497
  43.901780756913375       -14.861294864190226
  45.273613697524539       -14.995111676891019
  46.673730861603552       -15.083267750391098
  48.102420863675576       -15.129167999139133
  49.559972318265807       -15.139462257782347
  51.046673839899441       -15.117983717545849
  52.562814043101632       -15.067685466918569
  54.108681542397569       -14.993511210827972
  55.684564952312456       -14.898143168728049


# Temperature: 420.000000
# Parameters: -15.157758 0.748926 5.384029 49.288986
  41.241813087993840       -14.443019940220433
  42.557943425244879       -14.689414652048551
  43.901780756913375       -14.876505940103259
  45.273613697524539       -15.010901553383988
  46.673730861603552       -15.099674577281087
  48.102420863675576       -15.146185291506541
  49.559972318265807       -15.157130306701070
  51.046673839899441       -15.136332337892357
  52.562814043101632       -15.086721595494341
  54.108681542397569       -15.013276123311925
  55.684564952312456       -14.918668124774969


# Temperature: 430.000000
# Parameters: -15.175552 0.746227 5.392246 49.318533
  41.241813087993840       -14.457345564983587
  42.557943425244879       -14.704295071684799
  43.901780756913375       -14.891953720245525
  45.273613697524539       -15.026929206807452
  46.673730861603552       -15.116320165706590
  48.102420863675576       -15.163442230517557
  49.559972318265807       -15.175038825185915
  51.046673839899441       -15.154922175068375
  52.562814043101632       -15.105999607321760
  54.108681542397569       -15.033283531575490
  55.684564952312456       -14.939436123834605


# Temperature: 440.000000
# Parameters: -15.193595 0.743522 5.400499 49.348249
  41.241813087993840       -14.471900499074049
  42.557943425244879       -14.719406008085041
  43.901780756913375       -14.907633112654423
  45.273613697524539       -15.043189478867523
  46.673730861603552       -15.133199291042436
  48.102420863675576       -15.180933530397857
  49.559972318265807       -15.193182474604809
  51.046673839899441       -15.173747840693370
  52.562814043101632       -15.125514068417532
  54.108681542397569       -15.053527961214748
  55.684564952312456       -14.960441655228120


# Temperature: 450.000000
# Parameters: -15.211880 0.740811 5.408787 49.378134
  41.241813087993840       -14.486680007059887
  42.557943425244879       -14.734742646012512
  43.901780756913375       -14.923539234725478
  45.273613697524539       -15.059677418555587
  46.673730861603552       -15.150306944240134
  48.102420863675576       -15.198654130277628
  49.559972318265807       -15.211556143303058
  51.046673839899441       -15.192804175437031
  52.562814043101632       -15.145259780067146
  54.108681542397569       -15.074004176203838
  55.684564952312456       -14.981679448727583


# Temperature: 460.000000
# Parameters: -15.230404 0.738095 5.417112 49.408189
  41.241813087993840       -14.501679529701633
  42.557943425244879       -14.750300358860036
  43.901780756913375       -14.939667393520228
  45.273613697524539       -15.076388274893306
  46.673730861603552       -15.167638319390754
  48.102420863675576       -15.216599174499480
  49.559972318265807       -15.230154931056930
  51.046673839899441       -15.212086239691430
  52.562814043101632       -15.165231764314900
  54.108681542397569       -15.094707163348563
  55.684564952312456       -15.003144461082432


# Temperature: 470.000000
# Parameters: -15.249162 0.735373 5.425472 49.438412
  41.241813087993840       -14.516894683952305
  42.557943425244879       -14.766074697249344
  43.901780756913375       -14.956013080584103
  45.273613697524539       -15.093317485531943
  46.673730861603552       -15.185188804397091
  48.102420863675576       -15.234764006399875
  49.559972318265807       -15.248974137672986
  51.046673839899441       -15.231589293878924
  52.562814043101632       -15.185425248417506
  54.108681542397569       -15.115632118812846
  55.684564952312456       -15.024831859436652


# Temperature: 480.000000
# Parameters: -15.268150 0.732645 5.433869 49.468803
  41.241813087993840       -14.532321248447429
  42.557943425244879       -14.782061379703235
  43.901780756913375       -14.972571960545732
  45.273613697524539       -15.110460664315234
  46.673730861603552       -15.202953966463697
  48.102420863675576       -15.253144152762735
  49.559972318265807       -15.268009250550948
  51.046673839899441       -15.251308791197168
  52.562814043101632       -15.205835653443405
  54.108681542397569       -15.136774435681613
  55.684564952312456       -15.046737012000939


# Temperature: 490.000000
# Parameters: -15.287363 0.729912 5.442302 49.499362
  41.241813087993840       -14.547955154177201
  42.557943425244879       -14.798256284354162
  43.901780756913375       -14.989339859716249
  45.273613697524539       -15.127813592987982
  46.673730861603552       -15.220929546914750
  48.102420863675576       -15.271735313455187
  49.559972318265807       -15.287255936392297
  51.046673839899441       -15.271240366218425
  52.562814043101632       -15.226458583908492
  54.108681542397569       -15.158129691523680
  55.684564952312456       -15.068855472506304


# Temperature: 500.000000
# Parameters: -15.306797 0.727174 5.450772 49.530091
  41.241813087993840       -14.563792483450062
  42.557943425244879       -14.814655438579969
  43.901780756913375       -15.006312762980023
  45.273613697524539       -15.145372211868221
  46.673730861603552       -15.239111444611227
  48.102420863675576       -15.290533356245417
  49.559972318265807       -15.306710027726725
  51.046673839899441       -15.291379820379600
  52.562814043101632       -15.247289818448298
  54.108681542397569       -15.179693639063915
  55.684564952312456       -15.091182970876231


# Temperature: 510.000000
# Parameters: -15.326448 0.724430 5.459280 49.560988
  41.241813087993840       -14.579829452273453
  42.557943425244879       -14.831255015894616
  43.901780756913375       -15.023486797211826
  45.273613697524539       -15.163132611555802
  46.673730861603552       -15.257495714914487
  48.102420863675576       -15.309534301256290
  49.559972318265807       -15.326367516693585
  51.046673839899441       -15.311723118872957
  52.562814043101632       -15.268325294271573
  54.108681542397569       -15.201462193746115
  55.684564952312456       -15.113715403898849


# Temperature: 520.000000
# Parameters: -15.346313 0.721680 5.467825 49.592054
  41.241813087993840       -14.596062414499514
  42.557943425244879       -14.848051323511061
  43.901780756913375       -15.040858232313267
  45.273613697524539       -15.181091021531712
  46.673730861603552       -15.276078555176296
  48.102420863675576       -15.328734316819633
  49.559972318265807       -15.346224542604766
  51.046673839899441       -15.332266377172580
  52.562814043101632       -15.289561104051025
  54.108681542397569       -15.223431428550890
  55.684564952312456       -15.136448823826235


# Temperature: 530.000000
# Parameters: -15.366388 0.718925 5.476408 49.623290
  41.241813087993840       -14.612487847315125
  42.557943425244879       -14.865040799231982
  43.901780756913375       -15.058423467739249
  45.273613697524539       -15.199243810158055
  46.673730861603552       -15.294856301629547
  48.102420863675576       -15.348129712221255
  49.559972318265807       -15.366277386762569
  51.046673839899441       -15.353005851706540
  52.562814043101632       -15.310993486595470
  54.108681542397569       -15.245597560522103
  55.684564952312456       -15.159379432155863


# Temperature: 540.000000
# Parameters: -15.386669 0.716164 5.485029 49.654697
  41.241813087993840       -14.629102346059762
  42.557943425244879       -14.882220002121933
  43.901780756913375       -15.076179028352259
  45.273613697524539       -15.217587470168111
  46.673730861603552       -15.313825419024003
  48.102420863675576       -15.367716925263831
  49.559972318265807       -15.386522467277567
  51.046673839899441       -15.373937936747602
  52.562814043101632       -15.332618814412726
  54.108681542397569       -15.267956946621176
  55.684564952312456       -15.182503569266327


# Temperature: 550.000000
# Parameters: -15.407154 0.713398 5.493689 49.686275
  41.241813087993840       -14.645902624225510
  42.557943425244879       -14.899585608361649
  43.901780756913375       -15.094121560276667
  45.273613697524539       -15.236118618666305
  46.673730861603552       -15.332982496480582
  48.102420863675576       -15.387492522266905
  49.559972318265807       -15.406956323522218
  51.046673839899441       -15.395059156121832
  52.562814043101632       -15.354433592673182
  54.108681542397569       -15.290506074399248
  55.684564952312456       -15.205817708198804


# Temperature: 560.000000
# Parameters: -15.427838 0.710627 5.502387 49.718024
  41.241813087993840       -14.662885501019934
  42.557943425244879       -14.917134406065907
  43.901780756913375       -15.112247820534462
  45.273613697524539       -15.254833985727544
  46.673730861603552       -15.352324240236385
  48.102420863675576       -15.407453185629768
  49.559972318265807       -15.427575621312991
  51.046673839899441       -15.416366152844317
  52.562814043101632       -15.376434447809107
  54.108681542397569       -15.313241555778621
  55.684564952312456       -15.229318446365625


# Temperature: 570.000000
# Parameters: -15.448719 0.707850 5.511124 49.749946
  41.241813087993840       -14.680047899293239
  42.557943425244879       -14.934863286992121
  43.901780756913375       -15.130554673935968
  45.273613697524539       -15.273730411287922
  46.673730861603552       -15.371847467426125
  48.102420863675576       -15.427595713831460
  49.559972318265807       -15.448377135291123
  51.046673839899441       -15.437855686009899
  52.562814043101632       -15.398618125441796
  54.108681542397569       -15.336160120834197
  55.684564952312456       -15.253002500368147


# Temperature: 580.000000
# Parameters: -15.469794 0.705067 5.519901 49.782042
  41.241813087993840       -14.697386841392554
  42.557943425244879       -14.952769247576763
  43.901780756913375       -15.149039089970577
  45.273613697524539       -15.292804840999020
  46.673730861603552       -15.391549101936430
  48.102420863675576       -15.447917007957232
  49.559972318265807       -15.469357753068323
  51.046673839899441       -15.459524626647465
  52.562814043101632       -15.420981478980892
  54.108681542397569       -15.359258609502074
  55.684564952312456       -15.276866700814631


# Temperature: 590.000000
# Parameters: -15.491060 0.702279 5.528717 49.814313
  41.241813087993840       -14.714899443979807
  42.557943425244879       -14.970849375461821
  43.901780756913375       -15.167698133478897
  45.273613697524539       -15.312054317936497
  46.673730861603552       -15.411426166114435
  48.102420863675576       -15.468414076880672
  49.559972318265807       -15.490514463826074
  51.046673839899441       -15.481369947355677
  52.562814043101632       -15.443521469624368
  54.108681542397569       -15.382533970543109
  55.684564952312456       -15.300907982992396


# Temperature: 600.000000
# Parameters: -15.512513 0.699485 5.537574 49.846760
  41.241813087993840       -14.732582914922441
  42.557943425244879       -14.989100853640508
  43.901780756913375       -15.186528964652762
  45.273613697524539       -15.331475981563658
  46.673730861603552       -15.431475780767766
  48.102420863675576       -15.489084020680885
  49.559972318265807       -15.511844353133515
  51.046673839899441       -15.503388721266562
  52.562814043101632       -15.466235158067128
  54.108681542397569       -15.405983253251520
  55.684564952312456       -15.325123385831391


# Temperature: 610.000000
# Parameters: -15.534152 0.696686 5.546471 49.879383
  41.241813087993840       -14.750434545002012
  42.557943425244879       -15.007520951129425
  43.901780756913375       -15.205528832816668
  45.273613697524539       -15.351067060476476
  46.673730861603552       -15.451695157909580
  48.102420863675576       -15.509924037897479
  49.559972318265807       -15.533344603983860
  51.046673839899441       -15.525578115826933
  52.562814043101632       -15.489119699318879
  54.108681542397569       -15.429603601236318
  55.684564952312456       -15.349510044649222


# Temperature: 620.000000
# Parameters: -15.555974 0.693881 5.555408 49.912185
  41.241813087993840       -14.768451708950602
  42.557943425244879       -15.026107020895703
  43.901780756913375       -15.224695069172798
  45.273613697524539       -15.370824870330734
  46.673730861603552       -15.472081595576407
  48.102420863675576       -15.530931411020596
  49.559972318265807       -15.555012484357281
  51.046673839899441       -15.547935389689130
  52.562814043101632       -15.512172339594834
  54.108681542397569       -15.453392252421310
  55.684564952312456       -15.374065187005430


# Temperature: 630.000000
# Parameters: -15.577975 0.691071 5.564387 49.945166
  41.241813087993840       -14.786631862341553
  42.557943425244879       -15.044856496747730
  43.901780756913375       -15.244025089910290
  45.273613697524539       -15.390746808659900
  46.673730861603552       -15.492632476791750
  48.102420863675576       -15.552103507527336
  49.559972318265807       -15.576845351366616
  51.046673839899441       -15.570457886492443
  52.562814043101632       -15.535390412170031
  54.108681542397569       -15.477346528680842
  55.684564952312456       -15.398786126482948


# Temperature: 640.000000
# Parameters: -15.600154 0.688256 5.573407 49.978328
  41.241813087993840       -14.804972531225195
  42.557943425244879       -15.063766887116588
  43.901780756913375       -15.263516385840978
  45.273613697524539       -15.410830351765837
  46.673730861603552       -15.513345262311075
  48.102420863675576       -15.573437777808909
  49.559972318265807       -15.598840641929531
  51.046673839899441       -15.593143030717426
  52.562814043101632       -15.558771334270030
  54.108681542397569       -15.501463838949066
  55.684564952312456       -15.423670263724519


# Temperature: 650.000000
# Parameters: -15.622509 0.685435 5.582468 50.011672
  41.241813087993840       -14.823471317310981
  42.557943425244879       -15.082835776092482
  43.901780756913375       -15.283166523435822
  45.273613697524539       -15.431073051609536
  46.673730861603552       -15.534217489585405
  48.102420863675576       -15.594931746879219
  49.559972318265807       -15.620995868622813
  51.046673839899441       -15.615988327685882
  52.562814043101632       -15.582312599815950
  54.108681542397569       -15.525741666782833
  55.684564952312456       -15.448715077104866


# Temperature: 660.000000
# Parameters: -15.645036 0.682608 5.591572 50.045200
  41.241813087993840       -14.842125889676078
  42.557943425244879       -15.102060814096905
  43.901780756913375       -15.302973141715622
  45.273613697524539       -15.451472529592550
  46.673730861603552       -15.555246770688457
  48.102420863675576       -15.616583013338440
  49.559972318265807       -15.643308619682376
  51.046673839899441       -15.638991355269459
  52.562814043101632       -15.606011778388025
  54.108681542397569       -15.550177576580250
  55.684564952312456       -15.473918120657828


# Temperature: 670.000000
# Parameters: -15.667734 0.679776 5.600718 50.078913
  41.241813087993840       -14.860933985801788
  42.557943425244879       -15.121439723064768
  43.901780756913375       -15.322933943959615
  45.273613697524539       -15.472026479666280
  46.673730861603552       -15.576430784025234
  48.102420863675576       -15.638389247300164
  49.559972318265807       -15.665776555893974
  51.046673839899441       -15.662149762853222
  52.562814043101632       -15.629866512116337
  54.108681542397569       -15.574769202179986
  55.684564952312456       -15.499277022003517


# Temperature: 680.000000
# Parameters: -15.690601 0.676938 5.609907 50.112813
  41.241813087993840       -14.879893403282145
  42.557943425244879       -15.140970287116554
  43.901780756913375       -15.343046701851170
  45.273613697524539       -15.492732660040552
  46.673730861603552       -15.597767277441303
  48.102420863675576       -15.660348184172843
  49.559972318265807       -15.688397404374644
  51.046673839899441       -15.685461270299225
  52.562814043101632       -15.653874512571532
  54.108681542397569       -15.599514246861277
  55.684564952312456       -15.524789480275462


# Temperature: 690.000000
# Parameters: -15.713633 0.674095 5.619140 50.146902
  41.241813087993840       -14.899002003969612
  42.557943425244879       -15.160650350485485
  43.901780756913375       -15.363309249259245
  45.273613697524539       -15.513588891110780
  46.673730861603552       -15.619254062004236
  48.102420863675576       -15.682457625696212
  49.559972318265807       -15.711168955463437
  51.046673839899441       -15.708923660691534
  52.562814043101632       -15.678033555582687
  54.108681542397569       -15.624410482307495
  55.684564952312456       -15.550453259902055


# Temperature: 700.000000
# Parameters: -15.736831 0.671246 5.628416 50.181180
  41.241813087993840       -14.918257704647250
  42.557943425244879       -15.180477820626782
  43.901780756913375       -15.383719478092665
  45.273613697524539       -15.534593055457954
  46.673730861603552       -15.640889007857911
  48.102420863675576       -15.704715434759164
  49.559972318265807       -15.734089064794258
  51.046673839899441       -15.732534781372642
  52.562814043101632       -15.702341482273740
  54.108681542397569       -15.649455740314741
  55.684564952312456       -15.576266187497261


# Temperature: 710.000000
# Parameters: -15.760190 0.668391 5.637735 50.215650
  41.241813087993840       -14.937658481174418
  42.557943425244879       -15.200450658889839
  43.901780756913375       -15.404275339336561
  45.273613697524539       -15.555743093702940
  46.673730861603552       -15.662670048368208
  48.102420863675576       -15.727119534363316
  49.559972318265807       -15.757155647077314
  51.046673839899441       -15.756292538761349
  52.562814043101632       -15.726796191808504
  54.108681542397569       -15.674647916937547
  55.684564952312456       -15.602226152897057


# Temperature: 720.000000
# Parameters: -15.783710 0.665531 5.647100 50.250314
  41.241813087993840       -14.957202362268223
  42.557943425244879       -15.220566882591070
  43.901780756913375       -15.424974838906659
  45.273613697524539       -15.577037001397201
  46.673730861603552       -15.684595167685901
  48.102420863675576       -15.749667901404457
  49.559972318265807       -15.780366671953411
  51.046673839899441       -15.780194898352750
  52.562814043101632       -15.751395643463519
  54.108681542397569       -15.699984964197469
  55.684564952312456       -15.628331103977295


# Temperature: 730.000000
# Parameters: -15.807389 0.662666 5.656509 50.285173
  41.241813087993840       -14.976887428467089
  42.557943425244879       -15.240824559831781
  43.901780756913375       -15.445816036612852
  45.273613697524539       -15.598472829022796
  46.673730861603552       -15.706662409038060
  48.102420863675576       -15.772358570818248
  49.559972318265807       -15.803720167103224
  51.046673839899441       -15.804239878499690
  52.562814043101632       -15.776137851445922
  54.108681542397569       -15.725464892155941
  55.684564952312456       -15.654579045617272


# Temperature: 740.000000
# Parameters: -15.831224 0.659795 5.665963 50.320229
  41.241813087993840       -14.996711811094325
  42.557943425244879       -15.261221810534597
  43.901780756913375       -15.466797042013502
  45.273613697524539       -15.620048675773818
  46.673730861603552       -15.728869865400227
  48.102420863675576       -15.795189627288819
  49.559972318265807       -15.827214212028753
  51.046673839899441       -15.828425553522029
  52.562814043101632       -15.801020883857019
  54.108681542397569       -15.751085761659281
  55.684564952312456       -15.680968035554031


# Temperature: 750.000000
# Parameters: -15.855214 0.656918 5.675462 50.355484
  41.241813087993840       -15.016673687076002
  42.557943425244879       -15.281756804370600
  43.901780756913375       -15.487916014415429
  45.273613697524539       -15.641762694738533
  46.673730861603552       -15.751215678459975
  48.102420863675576       -15.818159209394464
  49.559972318265807       -15.850846934944027
  51.046673839899441       -15.852750047488097
  52.562814043101632       -15.826042858546577
  54.108681542397569       -15.776845688484409
  55.684564952312456       -15.707496183345931


# Temperature: 760.000000
# Parameters: -15.879357 0.654036 5.685008 50.390941
  41.241813087993840       -15.036771282050232
  42.557943425244879       -15.302427755577213
  43.901780756913375       -15.509171158728217
  45.273613697524539       -15.663613083571541
  46.673730861603552       -15.773698039653345
  48.102420863675576       -15.841265498206960
  49.559972318265807       -15.874616514847972
  51.046673839899441       -15.877211533178262
  52.562814043101632       -15.851201944149260
  54.108681542397569       -15.802742835047425
  55.684564952312456       -15.734161649336222


# Temperature: 770.000000
# Parameters: -15.903652 0.651148 5.694600 50.426601
  41.241813087993840       -15.057002865185028
  42.557943425244879       -15.323232923994615
  43.901780756913375       -15.530560729609913
  45.273613697524539       -15.685598085530197
  46.673730861603552       -15.796315187055562
  48.102420863675576       -15.864506728692255
  49.559972318265807       -15.898521178415123
  51.046673839899441       -15.901808230012069
  52.562814043101632       -15.876496355938912
  54.108681542397569       -15.828775413512897
  55.684564952312456       -15.760962640507341


# Temperature: 780.000000
# Parameters: -15.928097 0.648254 5.704239 50.462466
  41.241813087993840       -15.077366748141888
  42.557943425244879       -15.344170612992887
  43.901780756913375       -15.552083020066339
  45.273613697524539       -15.707715989474616
  46.673730861603552       -15.819065403308185
  48.102420863675576       -15.887881174164068
  49.559972318265807       -15.922559194813497
  51.046673839899441       -15.926538404048260
  52.562814043101632       -15.901924354792138
  54.108681542397569       -15.854941681648150
  55.684564952312456       -15.787897411517331


# Temperature: 790.000000
# Parameters: -15.952691 0.645355 5.713926 50.498538
  41.241813087993840       -15.097861285075783
  42.557943425244879       -15.365239168435597
  43.901780756913375       -15.573736368706074
  45.273613697524539       -15.729965126758398
  46.673730861603552       -15.841947010436972
  48.102420863675576       -15.911387153538879
  49.559972318265807       -15.946728878813865
  51.046673839899441       -15.951400364875475
  52.562814043101632       -15.927484247188302
  54.108681542397569       -15.881239938677565
  55.684564952312456       -15.814964258481295


# Temperature: 800.000000
# Parameters: -15.977431 0.642450 5.723660 50.534820
  41.241813087993840       -15.118484869525892
  42.557943425244879       -15.386436976606934
  43.901780756913375       -15.595519154558325
  45.273613697524539       -15.752343870192188
  46.673730861603552       -15.864958377106865
  48.102420863675576       -15.935023030299501
  49.559972318265807       -15.971028584571204
  51.046673839899441       -15.976392463539412
  52.562814043101632       -15.953174380027393
  54.108681542397569       -15.907668530464704
  55.684564952312456       -15.842161524153516


# Temperature: 810.000000
# Parameters: -16.002316 0.639539 5.733442 50.571314
  41.241813087993840       -15.139235932342736
  42.557943425244879       -15.407762460066012
  43.901780756913375       -15.617429793963646
  45.273613697524539       -15.774850628861557
  46.673730861603552       -15.888097907221304
  48.102420863675576       -15.958787202130814
  49.559972318265807       -15.995456710806822
  51.046673839899441       -16.001513092542819
  52.562814043101632       -15.978993140630029
  54.108681542397569       -15.934225841220906
  55.684564952312456       -15.869487587563203


# Temperature: 820.000000
# Parameters: -16.027346 0.636623 5.743272 50.608022
  41.241813087993840       -15.160112943761044
  42.557943425244879       -15.429214080756147
  43.901780756913375       -15.639466743683222
  45.273613697524539       -15.797483853309132
  46.673730861603552       -15.911364046140783
  48.102420863675576       -15.982678110247605
  49.559972318265807       -16.020011690444097
  51.046673839899441       -16.026760681699791
  52.562814043101632       -16.004938956737458
  54.108681542397569       -15.960910293505286
  55.684564952312456       -15.896940871269470


# Temperature: 830.000000
# Parameters: -16.052517 0.633701 5.753152 50.644946
  41.241813087993840       -15.181114406144754
  42.557943425244879       -15.450790337931998
  43.901780756913375       -15.661628494680302
  45.273613697524539       -15.820242030352457
  46.673730861603552       -15.934755274464289
  48.102420863675576       -16.006694230066735
  49.559972318265807       -16.044691995790600
  51.046673839899441       -16.052133700208636
  52.562814043101632       -16.031010293402272
  54.108681542397569       -15.987720350297582
  55.684564952312456       -15.924519835142776


# Temperature: 840.000000
# Parameters: -16.077830 0.630774 5.763082 50.682088
  41.241813087993840       -15.202238862278437
  42.557943425244879       -15.472489762977446
  43.901780756913375       -15.683913573156637
  45.273613697524539       -15.843123681011150
  46.673730861603552       -15.958270109065733
  48.102420863675576       -16.030834074316402
  49.559972318265807       -16.069496136465265
  51.046673839899441       -16.077630651469708
  52.562814043101632       -16.057205651951982
  54.108681542397569       -16.014654510852459
  55.684564952312456       -15.952222973255653


# Temperature: 850.000000
# Parameters: -16.103283 0.627840 5.773061 50.719453
  41.241813087993840       -15.223484881893745
  42.557943425244879       -15.494310923551293
  43.901780756913375       -15.706320541588893
  45.273613697524539       -15.866127361543318
  46.673730861603552       -15.981907101021095
  48.102420863675576       -16.055096190963308
  49.559972318265807       -16.094422654216231
  51.046673839899441       -16.103250078267585
  52.562814043101632       -16.083523568952604
  54.108681542397569       -16.041711307590223
  55.684564952312456       -15.980048816991980


# Temperature: 860.000000
# Parameters: -16.128874 0.624901 5.783091 50.757040
  41.241813087993840       -15.244851070997253
  42.557943425244879       -15.516252418405127
  43.901780756913375       -15.728847993546530
  45.273613697524539       -15.889251661372720
  46.673730861603552       -16.005664835608421
  48.102420863675576       -16.079479160103375
  49.559972318265807       -16.119470128102986
  51.046673839899441       -16.128990551370347
  52.562814043101632       -16.109962616208641
  54.108681542397569       -16.068889309206099
  55.684564952312456       -16.007995934010559


# Temperature: 870.000000
# Parameters: -16.154602 0.621957 5.793172 50.794854
  41.241813087993840       -15.266336066688327
  42.557943425244879       -15.538312878419756
  43.901780756913375       -15.751494554728223
  45.273613697524539       -15.912495199979469
  46.673730861603552       -16.029541928162125
  48.102420863675576       -16.103981593961731
  49.559972318265807       -16.144637166204962
  51.046673839899441       -16.154850677820992
  52.562814043101632       -16.136521395580967
  54.108681542397569       -16.096187116524529
  55.684564952312456       -16.036062920990126


# Temperature: 880.000000
# Parameters: -16.180466 0.619006 5.803305 50.832897
  41.241813087993840       -15.287938535086271
  42.557943425244879       -15.560490965568780
  43.901780756913375       -15.774258880889013
  45.273613697524539       -15.935856631045755
  46.673730861603552       -16.053537028218688
  48.102420863675576       -16.128602138965579
  49.559972318265807       -16.169922408730798
  51.046673839899441       -16.180829096791740
  52.562814043101632       -16.163198544168942
  54.108681542397569       -16.123603363535601
  55.684564952312456       -16.064248408811487


# Temperature: 890.000000
# Parameters: -16.206465 0.616050 5.813489 50.871171
  41.241813087993840       -15.309657171330322
  42.557943425244879       -15.582785368772878
  43.901780756913375       -15.797139657840303
  45.273613697524539       -15.959334636237273
  46.673730861603552       -16.077648813298104
  48.102420863675576       -16.153339467452781
  49.559972318265807       -16.195324529054787
  51.046673839899441       -16.206924475438317
  52.562814043101632       -16.189992726019018
  54.108681542397569       -16.151136711176488
  55.684564952312456       -16.092551060484670


# Temperature: 900.000000
# Parameters: -16.232597 0.613088 5.823727 50.909679
  41.241813087993840       -15.331490700616088
  42.557943425244879       -15.605194809081951
  43.901780756913375       -15.820135601449858
  45.273613697524539       -15.982927925203235
  46.673730861603552       -16.101875990976730
  48.102420863675576       -16.178192283890418
  49.559972318265807       -16.220842226461873
  51.046673839899441       -16.233135512009245
  52.562814043101632       -16.216902637306863
  54.108681542397569       -16.178785854586430
  55.684564952312456       -16.120969564930355


# Temperature: 910.000000
# Parameters: -16.258861 0.610120 5.834017 50.948424
  41.241813087993840       -15.353437874049829
  42.557943425244879       -15.627718031383701
  43.901780756913375       -15.843245453496104
  45.273613697524539       -16.006635236612787
  46.673730861603552       -16.126217294741576
  48.102420863675576       -16.203159320729071
  49.559972318265807       -16.246474230293366
  51.046673839899441       -16.259460932736555
  52.562814043101632       -16.243927003228077
  54.108681542397569       -16.206549515851748
  55.684564952312456       -16.149502643198442


# Temperature: 920.000000
# Parameters: -16.285257 0.607146 5.844360 50.987408
  41.241813087993840       -15.375497468648465
  42.557943425244879       -15.650353811658626
  43.901780756913375       -15.866467984777406
  45.273613697524539       -16.030455338155008
  46.673730861603552       -16.150671488136023
  48.102420863675576       -16.228239337366418
  49.559972318265807       -16.272219297874081
  51.046673839899441       -16.285899491835789
  52.562814043101632       -16.271064573852502
  54.108681542397569       -16.234426442969429
  55.684564952312456       -16.178149043285913


# Temperature: 930.000000
# Parameters: -16.311783 0.604167 5.854758 51.026635
  41.241813087993840       -15.397668290448859
  42.557943425244879       -15.673100946615746
  43.901780756913375       -15.889801988893506
  45.273613697524539       -16.054387019283944
  46.673730861603552       -16.175237360614108
  48.102420863675576       -16.253431119110790
  49.559972318265807       -16.298076211403078
  51.046673839899441       -16.312449971505998
  52.562814043101632       -16.298314129306338
  54.108681542397569       -16.262415413992819
  55.684564952312456       -16.206907540136836


# Temperature: 940.000000
# Parameters: -16.338438 0.601182 5.865211 51.066108
  41.241813087993840       -15.419949165179965
  42.557943425244879       -15.695958263020444
  43.901780756913375       -15.913246287427658
  45.273613697524539       -16.078429099509989
  46.673730861603552       -16.199913725467677
  48.102420863675576       -16.278733479254029
  49.559972318265807       -16.324043780026493
  51.046673839899441       -16.339111175711185
  52.562814043101632       -16.325674473553583
  54.108681542397569       -16.290515231849497
  55.684564952312456       -16.235776934605941


# Temperature: 950.000000
# Parameters: -16.365221 0.598190 5.875718 51.105828
  41.241813087993840       -15.442338948627109
  42.557943425244879       -15.718924609403061
  43.901780756913375       -15.936799726837343
  45.273613697524539       -16.102580420108499
  46.673730861603552       -16.224699421899228
  48.102420863675576       -16.304145251816504
  49.559972318265807       -16.350120837764692
  51.046673839899441       -16.365881939508153
  52.562814043101632       -16.353144436468909
  54.108681542397569       -16.318724724341280
  55.684564952312456       -16.264756053458608


# Temperature: 960.000000
# Parameters: -16.392131 0.595194 5.886282 51.145801
  41.241813087993840       -15.464836514194859
  42.557943425244879       -15.741998857095314
  43.901780756913375       -15.960461174308579
  45.273613697524539       -16.126839846192631
  46.673730861603552       -16.249593313985496
  48.102420863675576       -16.329665297765672
  49.559972318265807       -16.376306244548704
  51.046673839899441       -16.392761115572938
  52.562814043101632       -16.380722871764782
  54.108681542397569       -16.347042744144204
  55.684564952312456       -16.293843747298030


# Temperature: 970.000000
# Parameters: -16.419167 0.592191 5.896902 51.186027
  41.241813087993840       -15.487440763271300
  42.557943425244879       -15.765179902303155
  43.901780756913375       -15.984229522938035
  45.273613697524539       -16.151206268786208
  46.673730861603552       -16.274594286531737
  48.102420863675576       -16.355292502943218
  49.559972318265807       -16.402598878965232
  51.046673839899441       -16.419747586637953
  52.562814043101632       -16.408408658027906
  54.108681542397569       -16.375468165699271
  55.684564952312456       -16.323038890565208


# Temperature: 980.000000
# Parameters: -16.446328 0.589182 5.907579 51.226512
  41.241813087993840       -15.510150615900184
  42.557943425244879       -15.788466661961056
  43.901780756913375       -16.008103687587333
  45.273613697524539       -16.175678597568723
  46.673730861603552       -16.299701249217449
  48.102420863675576       -16.381025772882928
  49.559972318265807       -16.428997648620921
  51.046673839899441       -16.446840253054852
  52.562814043101632       -16.436200695609937
  54.108681542397569       -16.403999890394559
  55.684564952312456       -16.352340381538941


# Temperature: 990.000000
# Parameters: -16.473613 0.586167 5.918313 51.267257
  41.241813087993840       -15.532965013890220
  42.557943425244879       -15.811858075804878
  43.901780756913375       -16.032082603846629
  45.273613697524539       -16.200255767093893
  46.673730861603552       -16.324913133487076
  48.102420863675576       -16.406864034883544
  49.559972318265807       -16.455501477705223
  51.046673839899441       -16.474038040049525
  52.562814043101632       -16.464097907663909
  54.108681542397569       -16.432636838273826
  55.684564952312456       -16.381747139226555


# Temperature: 1000.000000
# Parameters: -16.501022 0.583147 5.929106 51.308267
  41.241813087993840       -15.555882921851499
  42.557943425244879       -15.835353103262573
  43.901780756913375       -16.056165228034594
  45.273613697524539       -16.224936730571123
  46.673730861603552       -16.350228890477162
  48.102420863675576       -16.432806240081611
  49.559972318265807       -16.482109314245410
  51.046673839899441       -16.501339893576379
  52.562814043101632       -16.492099238071383
  54.108681542397569       -16.461377952182204
  55.684564952312456       -16.411258106473191


