   0.000000000000000        -0.003745778853218
  10.000000000000000        -0.003745719026911
  20.000000000000000        -0.003744590054409
  30.000000000000000        -0.003738091011464
  40.000000000000000        -0.003719360026383
  50.000000000000000        -0.003683594915167
  60.000000000000000        -0.003629384623714
  70.000000000000000        -0.003557598055329
  80.000000000000000        -0.003470135278718
  90.000000000000000        -0.003369152470346
 100.000000000000000        -0.003256687052362
 110.000000000000000        -0.003134517536322
 120.000000000000000        -0.003004137701792
 130.000000000000000        -0.002866779128491
 140.000000000000000        -0.002723448256403
 150.000000000000000        -0.002574966353513
 160.000000000000000        -0.002422004457205
 170.000000000000000        -0.002265111732306
 180.000000000000000        -0.002104740724058
 190.000000000000000        -0.001941265472521
 200.000000000000000        -0.001774996721108
 210.000000000000000        -0.001606194372786
 220.000000000000000        -0.001435076473253
 230.000000000000000        -0.001261827095041
 240.000000000000000        -0.001086602016497
 250.000000000000000        -0.000909534033776
 260.000000000000000        -0.000730736394105
 270.000000000000000        -0.000550306330533
 280.000000000000000        -0.000368327236297
 290.000000000000000        -0.000184871076157
 300.000000000000000         0.000000000000000
 310.000000000000000         0.000186232153827
 320.000000000000000         0.000373778624265
 330.000000000000000         0.000562599336215
 340.000000000000000         0.000752658844500
 350.000000000000000         0.000943926987216
 360.000000000000000         0.001136377238831
 370.000000000000000         0.001329986953389
 380.000000000000000         0.001524736473654
 390.000000000000000         0.001720608860641
 400.000000000000000         0.001917589772770
 410.000000000000000         0.002115666809828
 420.000000000000000         0.002314829799538
 430.000000000000000         0.002515070286230
 440.000000000000000         0.002716381028600
 450.000000000000000         0.002918756543408
 460.000000000000000         0.003122192627558
 470.000000000000000         0.003326686287803
 480.000000000000000         0.003532235300034
 490.000000000000000         0.003738838527407
 500.000000000000000         0.003946495922011
 510.000000000000000         0.004155207876180
 520.000000000000000         0.004364976137363
 530.000000000000000         0.004575802487676
 540.000000000000000         0.004787689822259
 550.000000000000000         0.005000641475925
 560.000000000000000         0.005214661331591
 570.000000000000000         0.005429753961024
 580.000000000000000         0.005645924116800
 590.000000000000000         0.005863177438983
 600.000000000000000         0.006081519894455
 610.000000000000000         0.006300957554759
 620.000000000000000         0.006521497432738
 630.000000000000000         0.006743146536014
 640.000000000000000         0.006965912476716
 650.000000000000000         0.007189803120105
 660.000000000000000         0.007414826747746
 670.000000000000000         0.007640992005278
 680.000000000000000         0.007868307822019
 690.000000000000000         0.008096783483750
 700.000000000000000         0.008326428638554
 710.000000000000000         0.008557253062602
 720.000000000000000         0.008789267176795
 730.000000000000000         0.009022481351031
 740.000000000000000         0.009256906635475
 750.000000000000000         0.009492553996047
 760.000000000000000         0.009729435028426
 770.000000000000000         0.009967561325927
 780.000000000000000         0.010206945119328
 790.000000000000000         0.010447598556881
 800.000000000000000         0.010689534467191
 810.000000000000000         0.010932765713174
 820.000000000000000         0.011177305491636
 830.000000000000000         0.011423167374427
 840.000000000000000         0.011670365255229
 850.000000000000000         0.011918913183056
 860.000000000000000         0.012168825620293
 870.000000000000000         0.012420117437525
 880.000000000000000         0.012672803583484
 890.000000000000000         0.012926899449181
 900.000000000000000         0.013182420818562
 910.000000000000000         0.013439383726370
 920.000000000000000         0.013697804390786
 930.000000000000000         0.013957699651100
 940.000000000000000         0.014219086580313
 950.000000000000000         0.014481982366602
 960.000000000000000         0.014746404911847
 970.000000000000000         0.015012372174114
 980.000000000000000         0.015279902675151
 990.000000000000000         0.015549015179328
1000.000000000000000         0.015819728988289
