# Sigma = 0.098519
       -0.9821778591        0.0000000000
       -0.9230666080        0.0000000000
       -0.8639553569        0.0000000000
       -0.8048441058        0.0000000000
       -0.7457328546        0.0000000000
       -0.6866216035        0.0000000000
       -0.6275103524        0.0000000000
       -0.5683991013        0.0000000000
       -0.5092878502        0.0000000002
       -0.4501765990        0.0000000045
       -0.3910653479        0.0000000591
       -0.3319540968        0.0000005444
       -0.2728428457        0.0000034973
       -0.2137315946        0.0000156744
       -0.1546203434        0.0000490248
       -0.0955090923        0.0001071451
       -0.0363978412        0.0001649918
        0.0227134099        0.0001882029
        0.0818246610        0.0002015321
        0.1409359122        0.0003156476
        0.2000471633        0.0006387785
        0.2591584144        0.0011464944
        0.3182696655        0.0016775383
        0.3773809166        0.0020921601
        0.4364921677        0.0024670568
        0.4956034189        0.0031880744
        0.5547146700        0.0045990893
        0.6138259211        0.0063248418
        0.6729371722        0.0074664981
        0.7320484233        0.0078204771
        0.7911596745        0.0082866603
        0.8502709256        0.0097131950
        0.9093821767        0.0117958918
        0.9684934278        0.0134457676
        1.0276046789        0.0142095503
        1.0867159301        0.0150868469
        1.1458271812        0.0174151696
        1.2049384323        0.0208710734
        1.2640496834        0.0234560928
        1.3231609345        0.0241355421
        1.3822721856        0.0243337877
        1.4413834368        0.0258630194
        1.5004946879        0.0288890445
        1.5596059390        0.0323473247
        1.6187171901        0.0349775101
        1.6778284412        0.0363296877
        1.7369396924        0.0376736324
        1.7960509435        0.0410188741
        1.8551621946        0.0461090302
        1.9142734457        0.0497082861
        1.9733846968        0.0499299508
        2.0324959480        0.0494896606
        2.0916071991        0.0522040213
        2.1507184502        0.0582997278
        2.2098297013        0.0645752236
        2.2689409524        0.0678928820
        2.3280522036        0.0686201135
        2.3871634547        0.0704750495
        2.4462747058        0.0758987442
        2.5053859569        0.0824229739
        2.5644972080        0.0859098860
        2.6236084591        0.0867850940
        2.6827197103        0.0894364266
        2.7418309614        0.0958674686
        2.8009422125        0.1038169206
        2.8600534636        0.1104439818
        2.9191647147        0.1150720365
        2.9782759659        0.1189777525
        3.0373872170        0.1235237541
        3.0964984681        0.1288561968
        3.1556097192        0.1352992916
        3.2147209703        0.1439151542
        3.2738322215        0.1534586718
        3.3329434726        0.1608646996
        3.3920547237        0.1671263801
        3.4511659748        0.1767736723
        3.5102772259        0.1898245285
        3.5693884770        0.2012596416
        3.6284997282        0.2095645591
        3.6876109793        0.2190970025
        3.7467222304        0.2337058374
        3.8058334815        0.2533208428
        3.8649447326        0.2758777290
        3.9240559838        0.2993495340
        3.9831672349        0.3247471169
        4.0422784860        0.3585227160
        4.1013897371        0.4065350569
        4.1605009882        0.4644036148
        4.2196122394        0.5191843851
        4.2787234905        0.5613254918
        4.3378347416        0.5919033124
        4.3969459927        0.6176645054
        4.4560572438        0.6415347795
        4.5151684949        0.6616552824
        4.5742797461        0.6782827209
        4.6333909972        0.6964356068
        4.6925022483        0.7209958236
        4.7516134994        0.7505089190
        4.8107247505        0.7783591367
        4.8698360017        0.8021708876
        4.9289472528        0.8258025994
        4.9880585039        0.8481512224
        5.0471697550        0.8599068506
        5.1062810061        0.8573474805
        5.1653922573        0.8486514840
        5.2245035084        0.8405899669
        5.2836147595        0.8303355057
        5.3427260106        0.8150821303
        5.4018372617        0.7984719798
        5.4609485129        0.7835894546
        5.5200597640        0.7684235465
        5.5791710151        0.7496752337
        5.6382822662        0.7252386780
        5.6973935173        0.6939266422
        5.7565047684        0.6553006701
        5.8156160196        0.6101602746
        5.8747272707        0.5624941122
        5.9338385218        0.5177262277
        5.9929497729        0.4783838037
        6.0520610240        0.4462444963
        6.1111722752        0.4244629349
        6.1702835263        0.4129395459
        6.2293947774        0.4066899780
        6.2885060285        0.4004406540
        6.3476172796        0.3924389817
        6.4067285308        0.3841934419
        6.4658397819        0.3772099645
        6.5249510330        0.3707809029
        6.5840622841        0.3632493595
        6.6431735352        0.3541031965
        6.7022847863        0.3435867524
        6.7613960375        0.3313448679
        6.8205072886        0.3183304410
        6.8796185397        0.3068232009
        6.9387297908        0.2956039431
        6.9978410419        0.2812173250
        7.0569522931        0.2638342575
        7.1160635442        0.2458256536
        7.1751747953        0.2276373674
        7.2342860464        0.2091100392
        7.2933972975        0.1915768662
        7.3525085487        0.1768351275
        7.4116197998        0.1664706027
        7.4707310509        0.1620206320
        7.5298423020        0.1635666065
        7.5889535531        0.1694157614
        7.6480648042        0.1792235144
        7.7071760554        0.1949447911
        7.7662873065        0.2169209283
        7.8253985576        0.2429166387
        7.8845098087        0.2718715971
        7.9436210598        0.3048959861
        8.0027323110        0.3431335053
        8.0618435621        0.3878269863
        8.1209548132        0.4410914945
        8.1800660643        0.5010100159
        8.2391773154        0.5572315255
        8.2982885666        0.5984117403
        8.3573998177        0.6219628634
        8.4165110688        0.6333874002
        8.4756223199        0.6402894915
        8.5347335710        0.6460570868
        8.5938448222        0.6469660816
        8.6529560733        0.6357799970
        8.7120673244        0.6062482439
        8.7711785755        0.5587469621
        8.8302898266        0.5038023190
        8.8894010777        0.4531197133
        8.9485123289        0.4106606088
        9.0076235800        0.3758930526
        9.0667348311        0.3469791764
        9.1258460822        0.3212896598
        9.1849573333        0.2977124933
        9.2440685845        0.2759578963
        9.3031798356        0.2552028785
        9.3622910867        0.2350768891
        9.4214023378        0.2154127850
        9.4805135889        0.1957503093
        9.5396248401        0.1756811385
        9.5987360912        0.1546307155
        9.6578473423        0.1316571595
        9.7169585934        0.1058100417
        9.7760698445        0.0772883276
        9.8351810956        0.0489325713
        9.8942923468        0.0255809421
        9.9534035979        0.0105862827
       10.0125148490        0.0033557054
       10.0716261001        0.0007953543
       10.1307373512        0.0001385472
       10.1898486024        0.0000175220
       10.2489598535        0.0000015948
       10.3080711046        0.0000001038
       10.3671823557        0.0000000048
       10.4262936068        0.0000000002
       10.4854048580        0.0000000000
       10.5445161091        0.0000000000
       10.6036273602        0.0000000000
       10.6627386113        0.0000000000
       10.7218498624        0.0000000000
       10.7809611136        0.0000000000
       10.8400723647        0.0000000000
