   1  32   1   0  0.1697883E+02  0.1000000E-03
  CAR 
 unknown system                          
   0   0   0
   1   1
 256 256 256
 256
  0.1000000E-09
  0.6250000E-11
   0
  0.5000000E-15  0.8159921E-09  0.8159921E-09  0.8159921E-09
  0.0000000E+00  0.0000000E+00
  0.000
  0.000
  0.000
  0.000
  0.000
  0.000
  0.000
  0.000
  0.000
  0.000
  0.000
  0.000
  0.000
  0.000
  0.000
  0.000
  0.000
  0.000
  0.000
  0.000
  0.000
  0.000
  0.000
  0.000
  0.000
  0.000
  0.000
  0.000
  0.000
  0.000
  0.000
  0.000
  0.000
  0.000
  0.000
  0.000
  0.000
  0.000
  0.000
  0.000
  0.000
  0.000
  0.000
  0.000
  0.000
  0.000
 30.713
  0.000
  0.000
  0.000
  0.000
  0.000
  0.000
  0.000
  0.000
  0.000
  0.000
  0.000
  0.000
  0.000
  0.000
  0.000
  0.000
  0.000
  0.000
  7.740
  0.000
  0.000
  0.000
  0.000
  0.000
  0.000
  0.000
  0.000
  0.000
  0.000
  0.000
  0.000
  0.000
 20.358
  0.641
  0.000
  0.000
  0.000
  0.000
  0.000
  0.000
  0.000
  0.000
  0.000
  0.000
  0.000
  7.762
  0.000
  0.000
  0.000
  0.000
  0.000
  0.000
  0.000
  0.000
  0.000
  0.000
 12.399
  0.000
  0.000
  0.000
  0.000
  0.000
  0.000
  0.000
  0.000
  0.109
  3.329
  0.000
  0.000
  0.000
  0.000
  0.000
  0.000
  0.000
  0.187
 17.518
  0.000
  0.000
  0.000
  0.000
  0.000
  0.000
  0.000
  0.000
  0.000
  0.000
  0.000
  0.000
  0.000
  0.000
  0.000
 10.386
  0.000
  0.000
  0.000
  0.000
  0.000
  0.000
  6.143
  0.129
  0.000
  0.000
  0.000
  0.000
  0.000
  0.119
  5.520
  0.000
  0.000
  0.000
  0.000
  0.000
  5.167
  0.054
  0.000
  0.000
  0.000
  0.000
  0.000
 14.373
  0.000
  0.000
  0.000
  0.000
  0.000
  0.000
  0.000
  0.000
  0.000
  0.000
  0.000
  8.337
  0.000
  0.000
  0.000
  0.000
  0.000
  0.000
  0.000
  0.000
  0.000
  0.000
  0.000
  7.320
  0.000
  0.000
  0.000
  0.000
  4.344
  0.000
  0.000
  0.000
  0.000
  0.000
  9.814
  0.000
  0.000
  0.000
  0.000
  3.115
  0.000
  0.000
  0.000
  0.000
  5.939
  0.000
  0.000
  0.000
  0.000
  2.834
  0.000
  0.000
  0.000
  0.000
  5.414
  0.000
  0.000
  0.000
  0.000
  0.000
  0.000
  0.000
  0.000
  8.750
  0.000
  0.000
  0.000
  0.000
  2.395
  0.000
  0.000
  0.000
  9.214
  0.048
  0.000
  0.000
  0.000
  4.444
  0.000
  0.000
  0.000
  2.151
  0.000
  0.000
  0.000
  0.000
  0.000
  0.000
  0.000
