   0.000000000000000        76.296200555392019
  10.000000000000000        76.295478350689592
  20.000000000000000        76.285960641368817
  30.000000000000000        76.250921579883183
  40.000000000000000        76.178331772429686
  50.000000000000000        76.067283149811459
  60.000000000000000        75.922986357206483
  70.000000000000000        75.752101519918639
  80.000000000000000        75.560775355411053
  90.000000000000000        75.354067703682460
 100.000000000000000        75.135913454106557
 110.000000000000000        74.909311216352961
 120.000000000000000        74.676490470236303
 130.000000000000000        74.439112336968677
 140.000000000000000        74.198409463942866
 150.000000000000000        73.955294777710989
 160.000000000000000        73.710455400592764
 170.000000000000000        73.464398947549512
 180.000000000000000        73.217518532319559
 190.000000000000000        72.970113111686729
 200.000000000000000        72.722406859800799
 210.000000000000000        72.474573040471299
 220.000000000000000        72.226751711793653
 230.000000000000000        71.979060814366903
 240.000000000000000        71.731572025289779
 250.000000000000000        71.484360986076126
 260.000000000000000        71.237480356479963
 270.000000000000000        70.990979326290073
 280.000000000000000        70.744892283606731
 290.000000000000000        70.499246093039659
 300.000000000000000        70.254078767929485
 310.000000000000000        70.009399699577941
 320.000000000000000        69.765215768499019
 330.000000000000000        69.521581036998057
 340.000000000000000        69.278471743988703
 350.000000000000000        69.035917122665268
 360.000000000000000        68.793916472468084
 370.000000000000000        68.552502725576929
 380.000000000000000        68.311649692381451
 390.000000000000000        68.071388314816375
 400.000000000000000        67.831716283925488
 410.000000000000000        67.592642112226741
 420.000000000000000        67.354179890978727
 430.000000000000000        67.116319775916295
 440.000000000000000        66.879082680504141
 450.000000000000000        66.642462012647471
 460.000000000000000        66.406451519984913
 470.000000000000000        66.171083304834738
 480.000000000000000        65.936339910369043
 490.000000000000000        65.702242234006164
 500.000000000000000        65.468780526447773
 510.000000000000000        65.235957291915497
 520.000000000000000        65.003778472180926
 530.000000000000000        64.772244028722127
 540.000000000000000        64.541356057476079
 550.000000000000000        64.311144960485393
 560.000000000000000        64.081618464424295
 570.000000000000000        63.852731087521725
 580.000000000000000        63.624520840009488
 590.000000000000000        63.396981112236169
 600.000000000000000        63.170076787462975
 610.000000000000000        62.943901646534570
 620.000000000000000        62.718389651199125
 630.000000000000000        62.493561867654115
 640.000000000000000        62.269375164477033
 650.000000000000000        62.045930128941144
 660.000000000000000        61.823209114233187
 670.000000000000000        61.601163011231471
 680.000000000000000        61.379786584576685
 690.000000000000000        61.159195975176715
 700.000000000000000        60.939236101197217
 710.000000000000000        60.719970218035684
 720.000000000000000        60.501482267145136
 730.000000000000000        60.283699247332891
 740.000000000000000        60.066644077275932
 750.000000000000000        59.850280472012756
 760.000000000000000        59.634643383993826
 770.000000000000000        59.419751906341759
 780.000000000000000        59.205603258148273
 790.000000000000000        58.992212953070862
 800.000000000000000        58.779539781975977
 810.000000000000000        58.567633885869583
 820.000000000000000        58.356477368589196
 830.000000000000000        58.146031809036621
 840.000000000000000        57.936406712599783
 850.000000000000000        57.727536134065382
 860.000000000000000        57.519402487082502
 870.000000000000000        57.312002375842390
 880.000000000000000        57.105440031107193
 890.000000000000000        56.899621840971029
 900.000000000000000        56.694586388724268
 910.000000000000000        56.490232630190967
 920.000000000000000        56.286911030049239
 930.000000000000000        56.084184044501733
 940.000000000000000        55.882346648431714
 950.000000000000000        55.681222756242640
 960.000000000000000        55.480950534990349
 970.000000000000000        55.281506470826372
 980.000000000000000        55.082803892842762
 990.000000000000000        54.884862833184386
1000.000000000000000        54.687926801849684
