   0.000000000000000    0.000000000000000
  10.000000000000000    0.093893462326714
  20.000000000000000    0.862205990902544
  30.000000000000000    3.696579129495458
  40.000000000000000    9.340070433465232
  50.000000000000000   16.910442058979640
  60.000000000000000   25.229755542363403
  70.000000000000000   33.473064110400173
  80.000000000000000   41.185136656137161
  90.000000000000000   48.164619191186134
 100.000000000000000   54.360941578976238
 110.000000000000000   59.804057687691767
 120.000000000000000   64.561370721338662
 130.000000000000000   68.713292766671870
 140.000000000000000   72.340290821088544
 150.000000000000000   75.516758121297471
 160.000000000000000   78.308607159221353
 170.000000000000000   80.772854589270281
 180.000000000000000   82.958139942043204
 190.000000000000000   84.905580764204501
 200.000000000000000   86.649829983710944
 210.000000000000000   88.220066014771746
 220.000000000000000   89.640873909729592
 230.000000000000000   90.932898042351468
 240.000000000000000   92.113603829287854
 250.000000000000000   93.197817382342663
 260.000000000000000   94.198092197328094
 270.000000000000000   95.125151255359626
 280.000000000000000   95.988120140535855
 290.000000000000000   96.794895472827264
 300.000000000000000   97.552211337290871
 310.000000000000000   98.265812244729432
 320.000000000000000   98.940927423975282
 330.000000000000000   99.581871141266930
 340.000000000000000  100.192377856205454
 350.000000000000000  100.775900839335932
 360.000000000000000  101.335379765885421
 370.000000000000000  101.873319056580172
 380.000000000000000  102.392004116502477
 390.000000000000000  102.893502201654542
 400.000000000000000  103.379531616866416
 410.000000000000000  103.851726608522696
 420.000000000000000  104.311430794002717
 430.000000000000000  104.759920746785141
 440.000000000000000  105.198313976353020
 450.000000000000000  105.627546081252532
 460.000000000000000  106.048613737969077
 470.000000000000000  106.462278326440781
 480.000000000000000  106.869216281210811
 490.000000000000000  107.270119719269445
 500.000000000000000  107.665520479199415
 510.000000000000000  108.055951142344057
 520.000000000000000  108.441893322514815
 530.000000000000000  108.823756560702364
 540.000000000000000  109.201994953048754
 550.000000000000000  109.576961959589454
 560.000000000000000  109.948764466219217
 570.000000000000000  110.317735824543448
 580.000000000000000  110.684219879472636
 590.000000000000000  111.048322261534594
 600.000000000000000  111.410399048815705
 610.000000000000000  111.770533847542609
 620.000000000000000  112.128744894301036
 630.000000000000000  112.485242483919919
 640.000000000000000  112.840248874021299
 650.000000000000000  113.193864862622661
 660.000000000000000  113.545935192120481
 670.000000000000000  113.896613457264479
 680.000000000000000  114.246113993907940
 690.000000000000000  114.594270400124856
 700.000000000000000  114.941093443327418
 710.000000000000000  115.286805509844427
 720.000000000000000  115.631268933086830
 730.000000000000000  115.974438813616814
 740.000000000000000  116.316338500241869
 750.000000000000000  116.656915898170482
 760.000000000000000  116.996167251139113
 770.000000000000000  117.333984601398384
 780.000000000000000  117.670288665428188
 790.000000000000000  118.005073578797735
 800.000000000000000  118.338229910369876
 810.000000000000000  118.669650046181005
 820.000000000000000  118.999260067679188
 830.000000000000000  119.326925501656405
 840.000000000000000  119.652509299001835
 850.000000000000000  119.975917066088414
 860.000000000000000  120.297151961567820
 870.000000000000000  120.615858236004200
 880.000000000000000  120.931795008593909
 890.000000000000000  121.245097534003122
 900.000000000000000  121.555843519585295
 910.000000000000000  121.862726400861177
 920.000000000000000  122.166587109381723
 930.000000000000000  122.467281379925879
 940.000000000000000  122.764001308825158
 950.000000000000000  123.057086481644035
 960.000000000000000  123.345599753523658
 970.000000000000000  123.630113305552527
 980.000000000000000  123.910517595404855
 990.000000000000000  124.184980538224110
1000.000000000000000  124.454189066474385
