   0.000000000000000    0.000000000000000
  10.000000000000000    0.000000000000000
  20.000000000000000    1.142106413992588
  30.000000000000000    4.053279987280257
  40.000000000000000    9.507533026486636
  50.000000000000000   16.930331396375550
  60.000000000000000   25.215351645194460
  70.000000000000000   33.487652140884890
  80.000000000000000   41.249311408586806
  90.000000000000000   48.277311538666247
 100.000000000000000   54.512641742243432
 110.000000000000000   59.982401350053259
 120.000000000000000   64.754563417914312
 130.000000000000000   68.911338179500305
 140.000000000000000   72.534959070535834
 150.000000000000000   75.701599922758760
 160.000000000000000   78.478551669605082
 170.000000000000000   80.924755428161006
 180.000000000000000   83.089380546449675
 190.000000000000000   85.013267111172908
 200.000000000000000   86.732440543244593
 210.000000000000000   88.277729396091303
 220.000000000000000   89.672399557253812
 230.000000000000000   90.936228159151511
 240.000000000000000   92.088822850305576
 250.000000000000000   93.145081643597223
 260.000000000000000   94.116807894431986
 270.000000000000000   95.014265564864033
 280.000000000000000   95.847836668044337
 290.000000000000000   96.625442606938307
 300.000000000000000   97.350335417955648
 310.000000000000000   98.033511903719045
 320.000000000000000   98.680066888779407
 330.000000000000000   99.287593502621164
 340.000000000000000   99.864764735032793
 350.000000000000000  100.417672933690483
 360.000000000000000  100.944342257338590
 370.000000000000000  101.446513706014969
 380.000000000000000  101.931622455583422
 390.000000000000000  102.399542402441142
 400.000000000000000  102.851021135458723
 410.000000000000000  103.288180094724524
 420.000000000000000  103.711222090618691
 430.000000000000000  104.123880468762948
 440.000000000000000  104.523297042818740
 450.000000000000000  104.914533274364658
 460.000000000000000  105.300594313070178
 470.000000000000000  105.676181970001196
 480.000000000000000  106.044277841504666
 490.000000000000000  106.404575928527620
 500.000000000000000  106.758648944378365
 510.000000000000000  107.109353272622684
 520.000000000000000  107.454391403961935
 530.000000000000000  107.798371801670882
 540.000000000000000  108.143414908717389
 550.000000000000000  108.475674819230335
 560.000000000000000  108.798451091162860
 570.000000000000000  109.127656545880015
 580.000000000000000  109.449536611000070
 590.000000000000000  109.772819383023304
 600.000000000000000  110.103814548812807
 610.000000000000000  110.418487039220054
 620.000000000000000  110.724490255524870
 630.000000000000000  111.043104339321147
 640.000000000000000  111.375541076064110
 650.000000000000000  111.689349259511800
 660.000000000000000  111.981958161969672
 670.000000000000000  112.299078131682464
 680.000000000000000  112.618343058042214
 690.000000000000000  112.908124561223659
 700.000000000000000  113.223220816173125
 710.000000000000000  113.553290008113265
 720.000000000000000  113.854845520388338
 730.000000000000000  114.151134337903926
 740.000000000000000  114.454908613278519
 750.000000000000000  114.769511339982287
 760.000000000000000  115.086130515718835
 770.000000000000000  115.396201194991590
 780.000000000000000  115.700423296086967
 790.000000000000000  116.003052697877862
 800.000000000000000  116.315531321335584
 810.000000000000000  116.622713855642374
 820.000000000000000  116.932024453254414
 830.000000000000000  117.252453728183170
 840.000000000000000  117.553544351295557
 850.000000000000000  117.847303662478240
 860.000000000000000  118.165807552973277
 870.000000000000000  118.493249297171133
 880.000000000000000  118.800367325963435
 890.000000000000000  119.085961245105125
 900.000000000000000  119.419715028314400
 910.000000000000000  119.762515789218028
 920.000000000000000  120.045861556078293
 930.000000000000000  120.350460573256711
 940.000000000000000  120.666659063845884
 950.000000000000000  120.989588309632396
 960.000000000000000  121.306797505170124
 970.000000000000000  121.598336724692501
 980.000000000000000  121.931229157687625
 990.000000000000000  122.285565709881482
1000.000000000000000  122.585354953771457
