# temperature   10.000000000000000
#    0.000001434948095   -0.000300965552736    0.022642590476593   -0.704222870387979    7.175590454654616
  56.509999999999998    0.035594100000000
  58.310000000000002    0.044233700000000
  60.149999999999999    0.050823500000000
  62.030000000000001    0.086720100000000
  63.950000000000003    0.092758000000000
  65.909999999999997    0.108055700000000
  67.900000000000006    0.128045400000000
  69.939999999999998    0.097981600000000
  72.019999999999996    0.183630600000000
  74.140000000000001    0.453003300000000
  76.290000000000006    0.564514800000000


# temperature   20.000000000000000
#    0.000008297792873   -0.001695517714048    0.122885508504371   -3.586974738013268   31.705523803359540
  56.509999999999998    0.297967000000000
  58.310000000000002    0.379477300000000
  60.149999999999999    0.453026400000000
  62.030000000000001    0.664222100000000
  63.950000000000003    0.741612500000000
  65.909999999999997    0.869407600000000
  67.900000000000006    1.102787100000000
  69.939999999999998    1.118068800000000
  72.019999999999996    1.851228200000000
  74.140000000000001    3.291206700000000
  76.290000000000006    4.144033400000000


# temperature   30.000000000000000
#   -0.000009785885003    0.003631441524648   -0.449027615433110   23.173323994526921 -430.841927576464798
  56.509999999999998    1.140138200000000
  58.310000000000002    1.485541800000000
  60.149999999999999    1.833183200000000
  62.030000000000001    2.429797400000000
  63.950000000000003    2.795881000000000
  65.909999999999997    3.438568200000000
  67.900000000000006    4.226675000000000
  69.939999999999998    5.490935200000000
  72.019999999999996    7.347789700000000
  74.140000000000001    9.862741900000000
  76.290000000000006   11.836346400000000


# temperature   40.000000000000000
#   -0.000065100420526    0.018484096445508   -1.929363740572775   88.279865077450111 -1498.395998782320248
  56.509999999999998    3.102495200000000
  58.310000000000002    4.001262800000000
  60.149999999999999    4.915932800000000
  62.030000000000001    6.113079300000000
  63.950000000000003    7.008776100000000
  65.909999999999997    8.671157600000001
  67.900000000000006   10.063534199999999
  69.939999999999998   13.536444800000000
  72.019999999999996   16.153417699999999
  74.140000000000001   18.983552400000001
  76.290000000000006   21.854792300000000


# temperature   50.000000000000000
#   -0.000136888191553    0.037357553211175   -3.775585542525184  168.155439931794774 -2789.254746282392716
  56.509999999999998    6.473780500000000
  58.310000000000002    8.112909200000001
  60.149999999999999    9.753590100000000
  62.030000000000001   11.598880200000000
  63.950000000000003   13.091602500000000
  65.909999999999997   15.900489200000001
  67.900000000000006   17.731621799999999
  69.939999999999998   23.176990700000001
  72.019999999999996   26.122748200000000
  74.140000000000001   28.842729800000001
  76.290000000000006   32.237108200000002


# temperature   60.000000000000000
#   -0.000208432756285    0.055988979114064   -5.582974848372952  245.816523286598738 -4037.228758739521709
  56.509999999999998   11.080040100000000
  58.310000000000002   13.467272599999999
  60.149999999999999   15.814979299999999
  62.030000000000001   18.202458499999999
  63.950000000000003   20.218919600000000
  65.909999999999997   23.982645000000002
  67.900000000000006   26.076970599999999
  69.939999999999998   32.783257300000002
  72.019999999999996   35.799676400000003
  74.140000000000001   38.275647900000003
  76.290000000000006   41.873306999999997


# temperature   70.000000000000000
#   -0.000272570594212    0.072608426718694   -7.188700532004461  314.630122208295859 -5141.130085578152830
  56.509999999999998   16.514881299999999
  58.310000000000002   19.537035100000001
  60.149999999999999   22.466595999999999
  62.030000000000001   25.232732100000000
  63.950000000000003   27.641143899999999
  65.909999999999997   32.055691099999997
  67.900000000000006   34.277767400000002
  69.939999999999998   41.574832700000002
  72.019999999999996   44.519796700000001
  74.140000000000001   46.733611900000000
  76.290000000000006   50.311119900000001


# temperature   80.000000000000000
#   -0.000327510548046    0.086808695099403   -8.558517749492045  373.320607357880817 -6083.076940447357629
  56.509999999999998   22.361208999999999
  58.310000000000002   25.857190299999999
  60.149999999999999   29.206633100000001
  62.030000000000001   32.192857900000000
  63.950000000000003   34.854049199999999
  65.909999999999997   39.627727600000000
  67.900000000000006   41.879639099999999
  69.939999999999998   49.285513999999999
  72.019999999999996   52.081774099999997
  74.140000000000001   54.050490600000003
  76.290000000000006   57.472671800000001


# temperature   90.000000000000000
#   -0.000373719530670    0.098741067304655   -9.709549810345962  422.701092894777219 -6876.962380922277589
  56.509999999999998   28.285190300000000
  58.310000000000002   32.092566200000000
  60.149999999999999   35.704538399999997
  62.030000000000001   38.781718300000001
  63.950000000000003   41.573769599999999
  65.909999999999997   46.474761800000003
  67.900000000000006   48.688762199999999
  69.939999999999998   55.901575299999998
  72.019999999999996   58.510879799999998
  74.140000000000001   60.260072899999997
  76.290000000000006   63.457144399999997


# temperature  100.000000000000000
#   -0.000412394587657    0.108729216916734  -10.674020891980199  464.170433443698300 -7545.222842920632502
  56.509999999999998   34.053483700000001
  58.310000000000002   38.030870299999997
  60.149999999999999   41.771841500000001
  62.030000000000001   44.844567900000001
  63.950000000000003   47.671610500000000
  65.909999999999997   52.534762800000003
  67.900000000000006   54.666902999999998
  69.939999999999998   61.518010699999998
  72.019999999999996   63.926459800000003
  74.140000000000001   65.482227600000002
  76.290000000000006   68.427040199999993


# temperature  110.000000000000000
#   -0.000444819514257    0.117110124690363  -11.484642633574355  499.120568191958967 -8109.856387734083000
  56.509999999999998   39.520145999999997
  58.310000000000002   43.554693200000003
  60.149999999999999   47.320614599999999
  62.030000000000001   50.323309799999997
  63.950000000000003   53.115702700000000
  65.909999999999997   57.832896599999998
  67.900000000000006   59.857257699999998
  69.939999999999998   66.266077699999997
  72.019999999999996   68.474583199999998
  74.140000000000001   69.861173899999997
  76.290000000000006   72.551841499999995


# temperature  120.000000000000000
#   -0.000472135995841    0.124179509986296  -12.169791443472374  528.748240567020162 -8589.666145725841488
  56.509999999999998   44.605618600000000
  58.310000000000002   48.612708400000002
  60.149999999999999   52.327610600000000
  62.030000000000001   55.218281099999999
  63.950000000000003   57.928865999999999
  65.909999999999997   62.435289300000001
  67.900000000000006   64.338902800000000
  69.939999999999998   70.279161000000002
  72.019999999999996   72.297050799999994
  74.140000000000001   73.536184300000002
  76.290000000000006   75.984471200000002


# temperature  130.000000000000000
#   -0.000495289786104    0.130180520257103  -12.752654001889686  554.027235828310268 -8999.927264390655182
  56.509999999999998   49.276738600000002
  58.310000000000002   53.196256099999999
  60.149999999999999   56.807875199999998
  62.030000000000001   59.561989699999998
  63.950000000000003   62.161208999999999
  65.909999999999997   66.422681900000001
  67.900000000000006   68.201390599999996
  69.939999999999998   73.678399499999998
  72.019999999999996   75.519256999999996
  74.140000000000001   76.630022199999999
  76.290000000000006   78.854180299999996


# temperature  140.000000000000000
#   -0.000515042199872    0.135308046597183  -13.251756678478403  575.734637314690531 -9352.842488621048687
  56.509999999999998   53.530657300000001
  58.310000000000002   57.322237399999999
  60.149999999999999   60.796941400000001
  62.030000000000001   63.402316100000000
  63.950000000000003   65.873585700000007
  65.909999999999997   69.876524799999999
  67.900000000000006   71.531847400000004
  69.939999999999998   76.568055700000002
  72.019999999999996   78.247136600000005
  74.140000000000001   79.246120099999999
  76.290000000000006   81.266722799999997


# temperature  150.000000000000000
#   -0.000532000057790    0.139717088386011  -13.681818056646307  594.488283097470799 -9658.142046595876309
  56.509999999999998   57.383004200000002
  58.310000000000002   61.021438500000002
  60.149999999999999   64.339543000000006
  62.030000000000001   66.792394700000003
  63.950000000000003   69.128270299999997
  65.909999999999997   72.872340800000003
  67.900000000000006   74.409229199999999
  69.939999999999998   79.035379000000006
  72.019999999999996   80.568089900000004
  74.140000000000001   81.469603699999993
  76.290000000000006   83.307255799999993


# temperature  160.000000000000000
#   -0.000546646901855    0.143531066783606  -14.054563074295404  610.781417234412970 -9923.625524993414729
  56.509999999999998   60.859677599999998
  58.310000000000002   64.330973599999993
  60.149999999999999   67.482851100000005
  62.030000000000001   69.784897200000003
  63.950000000000003   71.984124300000005
  65.909999999999997   75.477111699999995
  67.900000000000006   76.902416099999996
  69.939999999999998   81.152306999999993
  72.019999999999996   82.553368199999994
  74.140000000000001   83.369712199999995
  76.290000000000006   85.043880700000003


# temperature  170.000000000000000
#   -0.000559369684180    0.146848779661522  -14.379390962165504  625.010657037494070 -10155.593805999946198
  56.509999999999998   63.991416700000002
  58.310000000000002   67.289631000000000
  60.149999999999999   70.272671900000006
  62.030000000000001   72.429069299999995
  63.950000000000003   74.494417900000002
  65.909999999999997   77.748764399999999
  67.900000000000006   79.070221599999996
  69.939999999999998   82.977725599999999
  72.019999999999996   84.260756900000004
  74.140000000000001   85.002482299999997
  76.290000000000006   86.530972899999995


# temperature  180.000000000000000
#   -0.000570479899490    0.149749839652555  -14.663891550230352  637.497408390425790 -10359.177695028820381
  56.509999999999998   66.810368900000000
  58.310000000000002   69.935168700000006
  60.149999999999999   72.751499199999998
  62.030000000000001   74.769416600000000
  63.950000000000003   76.706143499999996
  65.909999999999997   79.736669800000001
  67.900000000000006   80.962259900000006
  69.939999999999998   84.559710400000000
  72.019999999999996   85.737068199999996
  74.140000000000001   86.413224000000000
  76.290000000000006   87.812016900000003


# temperature  190.000000000000000
#   -0.000580230086849    0.152298885876582  -14.914242315866504  648.504251050491689 -10538.588834731186580
  56.509999999999998   69.348028400000004
  58.310000000000002   72.302866499999993
  60.149999999999999   74.957683000000003
  62.030000000000001   76.845334300000005
  63.950000000000003   78.660118400000002
  65.909999999999997   81.482563499999998
  67.900000000000006   82.620117199999996
  69.939999999999998   85.937518999999995
  72.019999999999996   87.020278399999995
  74.140000000000001   87.638632000000001
  76.290000000000006   88.921909499999998


# temperature  200.000000000000000
#   -0.000588826448725    0.154548788412335  -15.135509249234316  658.247327601852135 -10697.309545730875470
  56.509999999999998   71.634081399999999
  58.310000000000002   74.424861899999996
  60.149999999999999   76.925241499999998
  62.030000000000001   78.691245800000004
  63.950000000000003   80.391467300000002
  65.909999999999997   83.021579900000006
  67.900000000000006   84.078552299999998
  69.939999999999998   87.143274199999993
  72.019999999999996   88.141287700000007
  74.140000000000001   88.708517900000004
  76.290000000000006   89.888784700000002


# temperature  210.000000000000000
#   -0.000596438442570    0.156543076157724  -15.331874324728853  666.905709128857779 -10838.236737578172324
  56.509999999999998   73.695835400000007
  58.310000000000002   76.329954200000003
  60.149999999999999   78.684021799999996
  62.030000000000001   80.336991400000002
  63.950000000000003   81.930255700000004
  65.909999999999997   84.383251200000004
  67.900000000000006   85.366603499999997
  69.939999999999998   88.203343700000005
  72.019999999999996   89.125337799999997
  74.140000000000001   89.647200600000005
  76.290000000000006   90.735444500000000


# temperature  220.000000000000000
#   -0.000603206285805    0.158317834878020  -15.506813409325691  674.628738336901392 -10963.795311061561733
  56.509999999999998   75.558009699999999
  58.310000000000002   78.043677700000003
  60.149999999999999   80.260033000000007
  62.030000000000001   81.808317099999996
  63.950000000000003   83.302149200000002
  65.909999999999997   85.592405499999998
  67.900000000000006   86.508555400000006
  69.939999999999998   89.139455699999999
  72.019999999999996   89.993141699999995
  74.140000000000001   90.474610999999996
  76.290000000000006   91.480472700000007


# temperature  230.000000000000000
#   -0.000609246688044    0.159903156188669  -15.663232182765535  681.541655326560658 -11076.025512281552437
  56.509999999999998   77.242742300000003
  58.310000000000002   79.588515200000003
  60.149999999999999   81.675847500000003
  62.030000000000001   83.127382200000000
  63.950000000000003   84.529037599999995
  65.909999999999997   86.669945499999997
  67.900000000000006   87.524759500000002
  69.939999999999998   89.969591800000003
  72.019999999999996   90.761778100000001
  74.140000000000001   91.207164700000007
  76.290000000000006   92.139102199999996


# temperature  240.000000000000000
#   -0.000614657318022    0.161324266851442  -15.803572195827622  687.749999759571324 -11176.651611525012413
  56.509999999999998   78.769718400000002
  58.310000000000002   80.984177500000001
  60.149999999999999   82.951013500000002
  62.030000000000001   84.313242000000002
  63.950000000000003   85.629597599999997
  65.909999999999997   87.633507199999997
  67.900000000000006   88.432317600000005
  69.939999999999998   90.708701399999995
  72.019999999999996   91.445399600000002
  74.140000000000001   91.858451299999999
  76.290000000000006   92.723890600000004


# temperature  250.000000000000000
#   -0.000619520393967    0.162602438882001  -15.929896701552391  693.343195453389740 -11267.138279214359500
  56.509999999999998   80.156360399999997
  58.310000000000002   82.247901299999995
  60.149999999999999   84.102446700000002
  62.030000000000001   85.382285600000003
  63.950000000000003   86.619783100000006
  65.909999999999997   88.498010800000003
  67.900000000000006   89.245646899999997
  69.939999999999998   91.369269799999998
  72.019999999999996   92.055792699999998
  74.140000000000001   92.439777899999996
  76.290000000000006   93.245248399999994


# temperature  260.000000000000000
#   -0.000623905459578    0.163755693537039  -16.043957134356322  698.397334090086929 -11348.734547007472429
  56.509999999999998   81.418043299999994
  58.310000000000002   83.394741800000006
  60.149999999999999   85.144787199999996
  62.030000000000001   86.348622899999995
  63.950000000000003   87.513247600000000
  65.909999999999997   89.276116999999999
  67.900000000000006   89.976942899999997
  69.939999999999998   91.961773300000004
  72.019999999999996   92.602822300000000
  74.140000000000001   92.960600600000006
  76.290000000000006   93.711853899999994


# temperature  270.000000000000000
#   -0.000627871553751    0.164799352272204  -16.147245261536707  702.977367565596296 -11422.508624113195765
  56.509999999999998   82.568312899999995
  58.310000000000002   84.437844999999996
  60.149999999999999   86.090716900000004
  62.030000000000001   87.224420300000006
  63.950000000000003   88.321701399999995
  65.909999999999997   89.978604200000007
  67.900000000000006   90.636558899999997
  69.939999999999998   92.495042799999993
  72.019999999999996   93.094784799999999
  74.140000000000001   93.428866099999993
  76.290000000000006   94.130979199999999


# temperature  280.000000000000000
#   -0.000631469110340    0.165746521445310  -16.241039335132033  707.139061336545637 -11489.379124392638914
  56.509999999999998   83.619095599999994
  58.310000000000002   85.388694599999994
  60.149999999999999   86.951236300000005
  62.030000000000001   88.020188000000005
  63.950000000000003   89.055213699999996
  65.909999999999997   90.614679600000002
  67.900000000000006   91.233316500000001
  69.939999999999998   92.976555599999998
  72.019999999999996   93.538690900000006
  74.140000000000001   93.851285300000001
  76.290000000000006   94.508750000000006


# temperature  290.000000000000000
#   -0.000634741358555    0.166608449361463  -16.326438080964806  710.930434370369653 -11550.138147556664990
  56.509999999999998   84.580891500000007
  58.310000000000002   86.257331500000006
  60.149999999999999   87.735904000000005
  62.030000000000001   88.745025900000002
  63.950000000000003   89.722465700000001
  65.909999999999997   91.192234499999998
  67.900000000000006   91.774760099999995
  69.939999999999998   93.412670500000004
  72.019999999999996   93.940492000000006
  74.140000000000001   94.233551399999996
  76.290000000000006   94.850351300000000


# temperature  300.000000000000000
#   -0.000637725485873    0.167394823828620  -16.404389163659577  714.392972622544562 -11605.470866766376275
  56.509999999999998   85.462950300000003
  58.310000000000002   87.052546599999999
  60.149999999999999   88.453041700000000
  62.030000000000001   89.406830799999994
  63.950000000000003   90.330963100000005
  65.909999999999997   91.718055899999996
  67.900000000000006   92.267364900000004
  69.939999999999998   93.808818599999995
  72.019999999999996   94.305262499999998
  74.140000000000001   94.580516000000003
  76.290000000000006   95.160192699999996


# temperature  310.000000000000000
#   -0.000640453629206    0.168114025501164  -16.475713392114692  717.562659331810551 -11655.972121267323018
  56.509999999999998   86.273427100000006
  58.310000000000002   87.782048200000006
  60.149999999999999   89.109910299999996
  62.030000000000001   90.012472900000006
  63.950000000000003   90.887213500000001
  65.909999999999997   92.198000899999997
  67.900000000000006   92.716708400000002
  69.939999999999998   94.169657000000001
  72.019999999999996   94.637347500000004
  74.140000000000001   94.896331500000002
  76.290000000000006   95.442041099999997


# temperature  320.000000000000000
#   -0.000642953689552    0.168773338198498  -16.541125045763245  720.470851348117321 -11702.160718672592338
  56.509999999999998   87.019520799999995
  58.310000000000002   88.452607400000005
  60.149999999999999   89.712859199999997
  62.030000000000001   90.567944400000002
  63.950000000000003   91.396875499999993
  65.909999999999997   92.637140700000003
  67.900000000000006   93.127612099999993
  69.939999999999998   94.499195599999993
  72.019999999999996   94.940482900000006
  74.140000000000001   95.184566200000006
  76.290000000000006   95.699128700000003


# temperature  330.000000000000000
#   -0.000645249874603    0.169379086908895  -16.601245015089841  723.144838374897517 -11744.488478868268430
  56.509999999999998   87.707595200000000
  58.310000000000002   89.070183299999997
  60.149999999999999   90.267453300000000
  62.030000000000001   91.078485200000003
  63.950000000000003   91.864883599999999
  65.909999999999997   93.039880400000001
  67.900000000000006   93.504257699999997
  69.939999999999998   94.800899500000000
  72.019999999999996   95.217893599999996
  74.140000000000001   95.448299000000006
  76.290000000000006   95.934239899999994


# temperature  340.000000000000000
#   -0.000647363345614    0.169936805431579  -16.656617068557885  725.608546722351662 -11783.351737263425093
  56.509999999999998   88.343284400000002
  58.310000000000002   89.640030600000003
  60.149999999999999   90.778582200000002
  62.030000000000001   91.548688799999994
  63.950000000000003   92.295552900000004
  65.909999999999997   93.410059200000006
  67.900000000000006   93.850284599999995
  69.939999999999998   95.077774700000006
  72.019999999999996   95.472373300000001
  74.140000000000001   95.690196700000001
  76.290000000000006   96.149782900000005


# temperature  350.000000000000000
#   -0.000649312646778    0.170451347286983  -16.707718596369880  727.883004699445792 -11819.098990144315394
  56.509999999999998   88.931585100000007
  58.310000000000002   90.166792700000002
  60.149999999999999   91.250551799999997
  62.030000000000001   91.982593100000003
  63.950000000000003   92.692667400000005
  65.909999999999997   93.751032800000004
  67.900000000000006   94.168869799999996
  69.939999999999998   95.332437400000003
  72.019999999999996   95.706351799999993
  74.140000000000001   95.912576999999999
  76.290000000000006   96.347848400000004


# temperature  360.000000000000000
#   -0.000651114026335    0.170926967803146  -16.754968472764620  729.986679423582473 -11852.036372105681949
  56.509999999999998   89.476936400000000
  58.310000000000002   90.654580800000005
  60.149999999999999   91.687162900000004
  62.030000000000001   92.383756000000005
  63.950000000000003   93.059554599999998
  65.909999999999997   94.065743400000002
  67.900000000000006   94.462795799999995
  69.939999999999998   95.567172799999994
  72.019999999999996   95.921948799999996
  74.140000000000001   96.117461899999995
  76.290000000000006   96.530258200000006


# temperature  370.000000000000000
#   -0.000652781898636    0.171367444859270  -16.798738875919636  731.935992460051921 -11882.436136098787756
  56.509999999999998   89.983288999999999
  58.310000000000002   91.107043000000004
  60.149999999999999   92.091778800000000
  62.030000000000001   92.755320299999994
  63.950000000000003   93.399148299999993
  65.909999999999997   94.356778500000004
  67.900000000000006   94.734506699999997
  69.939999999999998   95.783983100000000
  72.019999999999996   96.121020299999998
  74.140000000000001   96.306620800000005
  76.290000000000006   96.698604799999998


# temperature  380.000000000000000
#   -0.000654328902103    0.171776092775956  -16.839356554157160  733.745373817549535 -11910.537583859084407
  56.509999999999998   90.454165599999996
  58.310000000000002   91.527422999999999
  60.149999999999999   92.467382000000001
  62.030000000000001   93.100069500000004
  63.950000000000003   93.714041699999996
  65.909999999999997   94.626419400000003
  67.900000000000006   94.986155499999995
  69.939999999999998   95.984628099999995
  72.019999999999996   96.305196199999997
  74.140000000000001   96.481607299999993
  76.290000000000006   96.854285099999998


# temperature  390.000000000000000
#   -0.000655766235648    0.172155850208097  -16.877111423533819  735.427636494392345 -11936.553210247204333
  56.509999999999998   90.892712799999998
  58.310000000000002   91.918610799999996
  60.149999999999999   92.816623899999996
  62.030000000000001   93.420473999999999
  63.950000000000003   94.006533099999999
  65.909999999999997   94.876683400000005
  67.900000000000006   95.219644400000007
  69.939999999999998   96.170659299999997
  72.019999999999996   96.475912300000005
  74.140000000000001   96.643789799999993
  76.290000000000006   96.998528500000006


# temperature  400.000000000000000
#   -0.000657103917453    0.172509347225583  -16.912263086909736  736.994259215198667 -11960.673331644840800
  56.509999999999998   91.301746600000001
  58.310000000000002   92.283186599999993
  60.149999999999999   93.141866100000001
  62.030000000000001   93.718732099999997
  63.950000000000003   94.278664100000000
  65.909999999999997   95.109359100000006
  67.900000000000006   95.436658199999997
  69.939999999999998   96.343448199999997
  72.019999999999996   96.634437100000000
  74.140000000000001   96.794376700000001
  76.290000000000006   97.132419600000006


# temperature  410.000000000000000
#   -0.000658350773479    0.172838902012336  -16.945040506317355  738.455374097548315 -11983.065958210099780
  56.509999999999998   91.683791600000006
  58.310000000000002   92.623458799999995
  60.149999999999999   93.445217499999998
  62.030000000000001   93.996803900000003
  63.950000000000003   94.532252999999997
  65.909999999999997   95.326036000000002
  67.900000000000006   95.638693200000006
  69.939999999999998   96.504210900000004
  72.019999999999996   96.781894399999999
  74.140000000000001   96.934438599999993
  76.290000000000006   97.256918600000006


# temperature  420.000000000000000
#   -0.000659514775729    0.173146609744898  -16.975650739852778  739.820148299361790 -12003.883049658456002
  56.509999999999998   92.041115599999998
  58.310000000000002   92.941496400000005
  60.149999999999999   93.728564500000005
  62.030000000000001   94.256441400000000
  63.950000000000003   94.768922599999996
  65.909999999999997   95.528130300000001
  67.900000000000006   95.827081600000000
  69.939999999999998   96.654027999999997
  72.019999999999996   96.919282800000005
  74.140000000000001   97.064926099999994
  76.290000000000006   97.372877900000006


# temperature  430.000000000000000
#   -0.000660602998532    0.173434330373995  -17.004277691277931  741.096729142063850 -12023.259647899134507
  56.509999999999998   92.375758899999994
  58.310000000000002   93.239157800000001
  60.149999999999999   93.993598599999999
  62.030000000000001   94.499213600000004
  63.950000000000003   94.990124600000001
  65.909999999999997   95.716907000000006
  67.900000000000006   96.003012400000003
  69.939999999999998   96.793862899999993
  72.019999999999996   97.047491399999998
  74.140000000000001   97.186685900000001
  76.290000000000006   97.481055600000005


# temperature  440.000000000000000
#   -0.000661621789195    0.173703733006197  -17.031086431502633  742.292431445504235 -12041.316930059607330
  56.509999999999998   92.689560700000001
  58.310000000000002   93.518115100000003
  60.149999999999999   94.241839200000001
  62.030000000000001   94.726528799999997
  63.950000000000003   95.197160400000001
  65.909999999999997   95.893498199999996
  67.900000000000006   96.167549199999996
  69.939999999999998   96.924575700000005
  72.019999999999996   97.167314000000005
  74.140000000000001   97.300473800000006
  76.290000000000006   97.582128299999994


# temperature  450.000000000000000
#   -0.000662576895966    0.173956330693575  -17.056226742941725  743.413898389868109 -12058.164952697687113
  56.509999999999998   92.984181800000002
  58.310000000000002   93.779875700000005
  60.149999999999999   94.474654200000003
  62.030000000000001   94.939653600000000
  63.950000000000003   95.391199400000005
  65.909999999999997   96.058919799999998
  67.900000000000006   96.321645799999999
  69.939999999999998   97.046937000000000
  72.019999999999996   97.279461299999994
  74.140000000000001   97.406966100000005
  76.290000000000006   97.676701199999997


# temperature  460.000000000000000
#   -0.000663473407434    0.174193462169142  -17.079831106412787  744.467005361848010 -12073.900965944765630
  56.509999999999998   93.261124100000004
  58.310000000000002   94.025800799999999
  60.149999999999999   94.693276999999995
  62.030000000000001   95.139729299999999
  63.950000000000003   95.573294099999998
  65.909999999999997   96.214084799999995
  67.900000000000006   96.466159000000005
  69.939999999999998   97.161638199999999
  72.019999999999996   97.384570699999998
  74.140000000000001   97.506769199999994
  76.290000000000006   97.765316600000006


# temperature  470.000000000000000
#   -0.000664315987954    0.174416355734270  -17.102021183613321  745.457151804102523 -12088.614331844635672
  56.509999999999998   93.521748500000001
  58.310000000000002   94.257122199999998
  60.149999999999999   94.898821999999996
  62.030000000000001   95.327786099999997
  63.950000000000003   95.744394099999994
  65.909999999999997   96.359815999999995
  67.900000000000006   96.601860400000007
  69.939999999999998   97.269300900000005
  72.019999999999996   97.483215099999995
  74.140000000000001   97.600428500000007
  76.290000000000006   97.848461799999995


# temperature  480.000000000000000
#   -0.000665108839136    0.174626118153218  -17.122906634587281  746.389206328711452 -12102.385584692807242
  56.509999999999998   93.767289899999994
  58.310000000000002   94.474955899999998
  60.149999999999999   95.092298099999994
  62.030000000000001   95.504756200000003
  63.950000000000003   95.905357300000006
  65.909999999999997   96.496855900000000
  67.900000000000006   96.729446100000004
  69.939999999999998   97.370485599999995
  72.019999999999996   97.575910800000003
  74.140000000000001   97.688434900000004
  76.290000000000006   97.926575499999998


# temperature  490.000000000000000
#   -0.000665855768317    0.174823752388960  -17.142586846049774  747.267582182783372 -12115.287677082049413
  56.509999999999998   93.998870699999998
  58.310000000000002   94.680315300000004
  60.149999999999999   95.274619900000005
  62.030000000000001   95.671484000000007
  63.950000000000003   96.056960500000002
  65.909999999999997   96.625876199999993
  67.900000000000006   96.849545300000003
  69.939999999999998   97.465698500000002
  72.019999999999996   97.663123799999994
  74.140000000000001   97.771231900000004
  76.290000000000006   98.000053600000001


# temperature  500.000000000000000
#   -0.000666560177082    0.175010154766099  -17.161150673009413  748.096227244537772 -12127.385842009987755
  56.509999999999998   94.217512600000006
  58.310000000000002   94.874121400000007
  60.149999999999999   95.446618200000003
  62.030000000000001   95.828736000000006
  63.950000000000003   96.199908600000001
  65.909999999999997   96.747485400000002
  67.900000000000006   96.962728100000007
  69.939999999999998   97.555397499999998
  72.019999999999996   97.745275699999993
  74.140000000000001   97.849220299999999
  76.290000000000006   98.069254000000001


# temperature  510.000000000000000
#   -0.000667225242305    0.175186163039698  -17.178681215882140  748.878834837897330 -12138.741077003189275
  56.509999999999998   94.424147099999999
  58.310000000000002   95.057213500000003
  60.149999999999999   95.609048799999997
  62.030000000000001   95.977209299999998
  63.950000000000003   96.334841600000004
  65.909999999999997   96.862235900000002
  67.900000000000006   97.069511599999998
  69.939999999999998   97.639997600000001
  72.019999999999996   97.822748399999995
  74.140000000000001   97.922763399999994
  76.290000000000006   98.134500700000004


# temperature  520.000000000000000
#   -0.000667853806866    0.175352526388206  -17.195252748385172  749.618704962161246 -12149.407809357348015
  56.509999999999998   94.619624700000003
  58.310000000000002   95.230356700000002
  60.149999999999999   95.762600399999997
  62.030000000000001   96.117538600000003
  63.950000000000003   96.462342199999995
  65.909999999999997   96.970629900000006
  67.900000000000006   97.170365799999999
  69.939999999999998   97.719875900000005
  72.019999999999996   97.895888900000003
  74.140000000000001   97.992191099999999
  76.290000000000006   98.196088099999997


# temperature  530.000000000000000
#   -0.000668448464327    0.175509928901469  -17.210933156876251  750.318856818203130 -12159.435838884353871
  56.509999999999998   94.804723100000004
  58.310000000000002   95.394250000000000
  60.149999999999999   95.907901499999994
  62.030000000000001   96.250302899999994
  63.950000000000003   96.582941700000006
  65.909999999999997   97.073124899999996
  67.900000000000006   97.265718699999994
  69.939999999999998   97.795375600000000
  72.019999999999996   97.965012500000000
  74.140000000000001   98.057803199999995
  76.290000000000006   98.254283500000000


# temperature  540.000000000000000
#   -0.000669011585978    0.175658996213202  -17.225784542003797  750.982052827938446 -12168.870692079042783
  56.509999999999998   94.980154299999995
  58.310000000000002   95.549532999999997
  60.149999999999999   96.045526699999996
  62.030000000000001   96.376031100000006
  63.950000000000003   96.697124900000006
  65.909999999999997   97.170138199999997
  67.900000000000006   97.355960699999997
  69.939999999999998   97.866809000000003
  72.019999999999996   98.030406799999994
  74.140000000000001   98.119872999999998
  76.290000000000006   98.309330399999993


# temperature  550.000000000000000
#   -0.000669545331087    0.175800297929675  -17.239863439984990  751.610808082154904 -12177.753781819148571
  56.509999999999998   95.146571300000005
  58.310000000000002   95.696791599999997
  60.149999999999999   96.176001900000003
  62.030000000000001   96.495207300000004
  63.950000000000003   96.805335400000004
  65.909999999999997   97.262051299999996
  67.900000000000006   97.441448300000005
  69.939999999999998   97.934461600000006
  72.019999999999996   98.092333800000006
  74.140000000000001   98.178649899999996
  76.290000000000006   98.361451099999996


# temperature  560.000000000000000
#   -0.000670051714601    0.175934365685668  -17.253222619130593  752.207469436635051 -12186.123705143394545
  56.509999999999998   95.304573399999995
  58.310000000000002   95.836562999999998
  60.149999999999999   96.299809100000004
  62.030000000000001   96.608274899999998
  63.950000000000003   96.907979299999994
  65.909999999999997   97.349213100000000
  67.900000000000006   97.522507599999997
  69.939999999999998   97.998594199999999
  72.019999999999996   98.151033499999997
  74.140000000000001   98.234361600000000
  76.290000000000006   98.410848400000006


# temperature  570.000000000000000
#   -0.000670532540062    0.176061675796968  -17.265909415196187  752.774145465120910 -12194.015153455611653
  56.509999999999998   95.454711700000004
  58.310000000000002   95.969341099999994
  60.149999999999999   96.417390900000001
  62.030000000000001   96.715640699999994
  63.950000000000003   97.005429100000001
  65.909999999999997   97.431943500000003
  67.900000000000006   97.599437499999993
  69.939999999999998   98.059445699999998
  72.019999999999996   98.206725199999994
  74.140000000000001   98.287216700000002
  76.290000000000006   98.457708299999993


# temperature  580.000000000000000
#   -0.000670989541173    0.176182685647209  -17.277969218468090  753.312854180585191 -12201.461244605539832
  56.509999999999998   95.597493400000005
  58.310000000000002   96.095579999999998
  60.149999999999999   96.529153899999997
  62.030000000000001   96.817678799999996
  63.950000000000003   97.098026700000005
  65.909999999999997   97.510535899999994
  67.900000000000006   97.672512200000000
  69.939999999999998   98.117235100000002
  72.019999999999996   98.259610100000003
  74.140000000000001   98.337406500000000
  76.290000000000006   98.502200799999997


# temperature  590.000000000000000
#   -0.000671424175037    0.176297779959799  -17.289440265516394  753.825299926044750 -12208.489958489371929
  56.509999999999998   95.733386100000004
  58.310000000000002   96.215697700000007
  60.149999999999999   96.635472699999994
  62.030000000000001   96.914732900000004
  63.950000000000003   97.186086900000006
  65.909999999999997   97.585260199999993
  67.900000000000006   97.741983700000006
  69.939999999999998   98.172163600000005
  72.019999999999996   98.309872999999996
  74.140000000000001   98.385106500000006
  76.290000000000006   98.544482299999999


# temperature  600.000000000000000
#   -0.000671837912443    0.176407347464065  -17.300361205419350  754.313204140651351 -12215.129539817673503
  56.509999999999998   95.862821100000005
  58.310000000000002   96.330080100000004
  60.149999999999999   96.736692099999999
  62.030000000000001   97.007120099999995
  63.950000000000003   97.269899199999998
  65.909999999999997   97.656364600000003
  67.900000000000006   97.808083699999997
  69.939999999999998   98.224416099999999
  72.019999999999996   98.357683600000001
  74.140000000000001   98.430477999999994
  76.290000000000006   98.584696399999999


# temperature  610.000000000000000
#   -0.000672232071181    0.176511735732327  -17.310766530417130  754.778100853495744 -12221.405080972406722
  56.509999999999998   95.986196800000002
  58.310000000000002   96.439083100000005
  60.149999999999999   96.833130499999996
  62.030000000000001   97.095132500000005
  63.950000000000003   97.349730699999995
  65.909999999999997   97.724077899999997
  67.900000000000006   97.871025799999998
  69.939999999999998   98.274162899999993
  72.019999999999996   98.403198300000000
  74.140000000000001   98.473669700000002
  76.290000000000006   98.622975199999999


# temperature  620.000000000000000
#   -0.000672607844346    0.176611260251920  -17.320687635224001  755.221390474405780 -12227.339526664933146
  56.509999999999998   96.103881900000005
  58.310000000000002   96.543035900000007
  60.149999999999999   96.925082099999997
  62.030000000000001   97.179040200000003
  63.950000000000003   97.425827900000002
  65.909999999999997   97.788611299999999
  67.900000000000006   97.931006999999994
  69.939999999999998   98.321561099999997
  72.019999999999996   98.446561299999999
  74.140000000000001   98.514818399999996
  76.290000000000006   98.659440599999996


# temperature  630.000000000000000
#   -0.000672966328528    0.176706210556121  -17.330153288756211  755.644354470590315 -12232.953813481779434
  56.509999999999998   96.216217599999993
  58.310000000000002   96.642242999999993
  60.149999999999999   97.012818699999997
  62.030000000000001   97.259092600000002
  63.950000000000003   97.498418799999996
  65.909999999999997   97.850159599999998
  67.900000000000006   97.988209299999994
  69.939999999999998   98.366755600000005
  72.019999999999996   98.487905699999999
  74.140000000000001   98.554050500000002
  76.290000000000006   98.694204900000003


# temperature  640.000000000000000
#   -0.000673308571001    0.176796863437413  -17.339191017245252  756.048219572733842 -12238.267984014511967
  56.509999999999998   96.323520099999996
  58.310000000000002   96.736986400000006
  60.149999999999999   97.096592200000003
  62.030000000000001   97.335520799999998
  63.950000000000003   97.567714300000006
  65.909999999999997   97.908903400000000
  67.900000000000006   98.042800900000003
  69.939999999999998   98.409880500000000
  72.019999999999996   98.527354200000005
  74.140000000000001   98.591482900000003
  76.290000000000006   98.727372099999997


# temperature  650.000000000000000
#   -0.000673635583386    0.176883486250414  -17.347827398278856  756.434169157977976 -12243.301345972842682
  56.509999999999998   96.426083000000006
  58.310000000000002   96.827527900000007
  60.149999999999999   97.176636099999996
  62.030000000000001   97.408538899999996
  63.950000000000003   97.633909500000001
  65.909999999999997   97.965009600000002
  67.900000000000006   98.094937599999994
  69.939999999999998   98.451059700000002
  72.019999999999996   98.565020799999999
  74.140000000000001   98.627223599999994
  76.290000000000006   98.759038200000006


# temperature  660.000000000000000
#   -0.000673948183075    0.176966294981651  -17.356083921452679  756.803162524540994 -12248.069527490495602
  56.509999999999998   96.524178899999995
  58.310000000000002   96.914110399999998
  60.149999999999999   97.253167000000005
  62.030000000000001   97.478345599999997
  63.950000000000003   97.697185800000000
  65.909999999999997   98.018632999999994
  67.900000000000006   98.144763699999999
  69.939999999999998   98.490408200000005
  72.019999999999996   98.601010799999997
  74.140000000000001   98.661372799999995
  76.290000000000006   98.789292300000000


# temperature  670.000000000000000
#   -0.000674247220507    0.177045514354196  -17.363982929730753  757.156195062562688 -12252.588733735012283
  56.509999999999998   96.618061200000000
  58.310000000000002   96.996959500000003
  60.149999999999999   97.326386200000002
  62.030000000000001   97.545125200000001
  63.950000000000003   97.757711200000003
  65.909999999999997   98.069917300000000
  67.900000000000006   98.192413200000004
  69.939999999999998   98.528032400000001
  72.019999999999996   98.635421899999997
  74.140000000000001   98.694023099999995
  76.290000000000006   98.818216699999994


# temperature  680.000000000000000
#   -0.000674533503475    0.177121358034268  -17.371545681198324  757.494214054184795 -12256.874377219437520
  56.509999999999998   96.707965700000003
  58.310000000000002   97.076285400000003
  60.149999999999999   97.396480699999998
  62.030000000000001   97.609049200000001
  63.950000000000003   97.815642199999999
  65.909999999999997   98.118995999999996
  67.900000000000006   98.238010599999996
  69.939999999999998   98.564031499999999
  72.019999999999996   98.668344899999994
  74.140000000000001   98.725260899999995
  76.290000000000006   98.845888000000002


# temperature  690.000000000000000
#   -0.000674807679237    0.177193997120494  -17.378789210117958  757.817980603873707 -12260.938814307604844
  56.509999999999998   96.794112400000003
  58.310000000000002   97.152283600000004
  60.149999999999999   97.463624699999997
  62.030000000000001   97.670277299999995
  63.950000000000003   97.871124100000003
  65.909999999999997   98.165993200000003
  67.900000000000006   98.281671500000002
  69.939999999999998   98.598497199999997
  72.019999999999996   98.699864099999999
  74.140000000000001   98.755166200000005
  76.290000000000006   98.872377499999999


# temperature  700.000000000000000
#   -0.000675070471899    0.177263622896554  -17.385732519823872  758.128340042085824 -12264.795751607607599
  56.509999999999998   96.876705999999999
  58.310000000000002   97.225136199999994
  60.149999999999999   97.527980600000006
  62.030000000000001   97.728958000000006
  63.950000000000003   97.924292500000007
  65.909999999999997   98.211024499999994
  67.900000000000006   98.323503700000003
  69.939999999999998   98.631515199999996
  72.019999999999996   98.730057900000006
  74.140000000000001   98.783813499999994
  76.290000000000006   98.897751400000004


# temperature  710.000000000000000
#   -0.000675322466118    0.177330390127988  -17.392391035608657  758.425981969327495 -12268.456372741542509
  56.509999999999998   96.955937899999995
  58.310000000000002   97.295013499999996
  60.149999999999999   97.589699600000003
  62.030000000000001   97.785229999999999
  63.950000000000003   97.975273400000006
  65.909999999999997   98.254197599999998
  67.900000000000006   98.363607400000006
  69.939999999999998   98.663165199999995
  72.019999999999996   98.758999500000002
  74.140000000000001   98.811272200000005
  76.290000000000006   98.922071200000005


# temperature  720.000000000000000
#   -0.000675564231229    0.177394449277324  -17.398779722909595  758.711573677694901 -12271.931466940397513
  56.509999999999998   97.031986599999996
  58.310000000000002   97.362074100000001
  60.149999999999999   97.648923199999999
  62.030000000000001   97.839222599999999
  63.950000000000003   98.024184800000000
  65.909999999999997   98.295613000000003
  67.900000000000006   98.402076300000004
  69.939999999999998   98.693521599999997
  72.019999999999996   98.786756900000000
  74.140000000000001   98.837607000000006
  76.290000000000006   98.945394300000004


# temperature  730.000000000000000
#   -0.000675796384617    0.177455963806093  -17.404914854078136  758.985840099472284 -12275.232780329110028
  56.509999999999998   97.105019100000007
  58.310000000000002   97.426466500000004
  60.149999999999999   97.705783100000005
  62.030000000000001   97.891056699999993
  63.950000000000003   98.071136600000003
  65.909999999999997   98.335364299999995
  67.900000000000006   98.438997700000002
  69.939999999999998   98.722653600000001
  72.019999999999996   98.813393700000006
  74.140000000000001   98.862878300000006
  76.290000000000006   98.967774500000004


# temperature  740.000000000000000
#   -0.000676019321600    0.177515037963080  -17.410806795904875  759.249244902299552 -12278.367749220144105
  56.509999999999998   97.175191900000002
  58.310000000000002   97.488329500000006
  60.149999999999999   97.760402999999997
  62.030000000000001   97.940845199999998
  63.950000000000003   98.116231700000000
  65.909999999999997   98.373539300000004
  67.900000000000006   98.474453199999999
  69.939999999999998   98.750626100000005
  72.019999999999996   98.838969199999994
  74.140000000000001   98.887142299999994
  76.290000000000006   98.989261700000000


# temperature  750.000000000000000
#   -0.000676233618898    0.177571824455476  -17.416470745627670  759.502464487392103 -12281.347316769699319
  56.509999999999998   97.242651199999997
  58.310000000000002   97.547792999999999
  60.149999999999999   97.812898300000001
  62.030000000000001   97.988693900000001
  63.950000000000003   98.159566200000000
  65.909999999999997   98.410219799999993
  67.900000000000006   98.508519199999995
  69.939999999999998   98.777499500000005
  72.019999999999996   98.863539000000003
  74.140000000000001   98.910451800000004
  76.290000000000006   99.009902800000006


# temperature  760.000000000000000
#   -0.000676439648387    0.177626421813920  -17.421916543233255  759.745940344393034 -12284.178586494734191
  56.509999999999998   97.307534200000006
  58.310000000000002   97.604978900000006
  60.149999999999999   97.863377200000002
  62.030000000000001   98.034701600000005
  63.950000000000003   98.201230300000006
  65.909999999999997   98.445482699999999
  67.900000000000006   98.541267000000005
  69.939999999999998   98.803330700000004
  72.019999999999996   98.887155000000007
  74.140000000000001   98.932856200000003
  76.290000000000006   99.029741400000006


# temperature  770.000000000000000
#   -0.000676637845226    0.177678944875646  -17.427155587033141  759.980179202988552 -12286.869683553073628
  56.509999999999998   97.369969699999999
  58.310000000000002   97.660001300000005
  60.149999999999999   97.911941100000007
  62.030000000000001   98.078961399999997
  63.950000000000003   98.241308300000000
  65.909999999999997   98.479399700000002
  67.900000000000006   98.572763600000002
  69.939999999999998   98.828172600000002
  72.019999999999996   98.909865699999997
  74.140000000000001   98.954401500000003
  76.290000000000006   99.048818600000004


# temperature  780.000000000000000
#   -0.000676828609378    0.177729499795758  -17.432198480423054  760.205655665021823 -12289.428262513281879
  56.509999999999998   97.430078300000005
  58.310000000000002   97.712967300000003
  60.149999999999999   97.958685299999999
  62.030000000000001   98.121560099999996
  63.950000000000003   98.279879399999999
  65.909999999999997   98.512038300000000
  67.900000000000006   98.603071799999995
  69.939999999999998   98.852075099999993
  72.019999999999996   98.931716899999998
  74.140000000000001   98.975131000000005
  76.290000000000006   99.067172700000000


# temperature  790.000000000000000
#   -0.000677012300611    0.177778181441485  -17.437054638591732  760.422788665514759 -12291.861012182778722
  56.509999999999998   97.487973699999998
  58.310000000000002   97.763977699999998
  60.149999999999999   98.003699100000006
  62.030000000000001   98.162579500000007
  63.950000000000003   98.317018000000004
  65.909999999999997   98.543461699999995
  67.900000000000006   98.632250299999995
  69.939999999999998   98.875084599999994
  72.019999999999996   98.952751100000000
  74.140000000000001   98.995085300000000
  76.290000000000006   99.084839700000003


# temperature  800.000000000000000
#   -0.000677189287727    0.177825087713912  -17.441733836760392  760.632015258095294 -12294.174963877199843
  56.509999999999998   97.543762400000006
  58.310000000000002   97.813127100000003
  60.149999999999999   98.047066500000000
  62.030000000000001   98.202096499999996
  63.950000000000003   98.352793800000001
  65.909999999999997   98.573729299999997
  67.900000000000006   98.660354499999997
  69.939999999999998   98.897245200000000
  72.019999999999996   98.973008600000000
  74.140000000000001   99.014302400000005
  76.290000000000006   99.101853599999998


# temperature  810.000000000000000
#   -0.000677359842925    0.177870290169791  -17.446243164810582  760.833651118980015 -12296.375107741268948
  56.509999999999998   97.597544999999997
  58.310000000000002   97.860504300000002
  60.149999999999999   98.088866400000001
  62.030000000000001   98.240183099999996
  63.950000000000003   98.387272400000001
  65.909999999999997   98.602896900000005
  67.900000000000006   98.687436399999996
  69.939999999999998   98.918597899999995
  72.019999999999996   98.992526999999995
  74.140000000000001   99.032818300000002
  76.290000000000006   99.118245900000005


# temperature  820.000000000000000
#   -0.000677524285201    0.177913873785026  -17.450591138260723  761.028078385883077 -12298.467593460161879
  56.509999999999998   97.649415800000000
  58.310000000000002   97.906193200000004
  60.149999999999999   98.129173100000003
  62.030000000000001   98.276907300000005
  63.950000000000003   98.420515600000002
  65.909999999999997   98.631017000000000
  67.900000000000006   98.713544700000000
  69.939999999999998   98.939181500000004
  72.019999999999996   99.011341799999997
  74.140000000000001   99.050666500000005
  76.290000000000006   99.134046600000005


# temperature  830.000000000000000
#   -0.000677682941292    0.177955924648189  -17.454786286260958  761.215675329792475 -12300.458441311768183
  56.509999999999998   97.699463899999998
  58.310000000000002   97.950272699999999
  60.149999999999999   98.168056600000000
  62.030000000000001   98.312332999999995
  63.950000000000003   98.452581600000002
  65.909999999999997   98.658139000000006
  67.900000000000006   98.738725500000001
  69.939999999999998   98.959032300000004
  72.019999999999996   99.029486300000002
  74.140000000000001   99.067878699999994
  76.290000000000006   99.149283800000006


# temperature  840.000000000000000
#   -0.000677836077448    0.177996513411983  -17.458835664898487  761.396757787462889 -12302.352689324719904
  56.509999999999998   97.747773300000006
  58.310000000000002   97.992817000000002
  60.149999999999999   98.205582899999996
  62.030000000000001   98.346520600000005
  63.950000000000003   98.483524900000006
  65.909999999999997   98.684309600000006
  67.900000000000006   98.763022100000001
  69.939999999999998   98.978184700000000
  72.019999999999996   99.046991899999995
  74.140000000000001   99.084484599999996
  76.290000000000006   99.163983799999997


# temperature  850.000000000000000
#   -0.000677983862452    0.178035684672141  -17.462743726033693  761.571526200809444 -12304.153472674395744
  56.509999999999998   97.794423199999997
  58.310000000000002   98.033896400000003
  60.149999999999999   98.241814199999993
  62.030000000000001   98.379526799999994
  63.950000000000003   98.513397400000002
  65.909999999999997   98.709572399999999
  67.900000000000006   98.786475199999998
  69.939999999999998   98.996671000000006
  72.019999999999996   99.063888300000002
  74.140000000000001   99.100512400000000
  76.290000000000006   99.178171699999993


# temperature  860.000000000000000
#   -0.000678126636772    0.178073528543236  -17.466519426505705  761.740378167335621 -12305.867154920539178
  56.509999999999998   97.839488200000005
  58.310000000000002   98.073577000000000
  60.149999999999999   98.276809000000000
  62.030000000000001   98.411405299999998
  63.950000000000003   98.542247599999996
  65.909999999999997   98.733969000000002
  67.900000000000006   98.809123400000004
  69.939999999999998   99.014521599999995
  72.019999999999996   99.080203200000000
  74.140000000000001   99.115988599999994
  76.290000000000006   99.191870800000004


# temperature  870.000000000000000
#   -0.000678264578750    0.178110092296377  -17.470167491259748  761.903526039739404 -12307.497076619618383
  56.509999999999998   97.883039199999999
  58.310000000000002   98.111921300000006
  60.149999999999999   98.310622899999998
  62.030000000000001   98.442206600000006
  63.950000000000003   98.570121499999999
  65.909999999999997   98.757538400000001
  67.900000000000006   98.831002999999995
  69.939999999999998   99.031765300000004
  72.019999999999996   99.095963100000006
  74.140000000000001   99.130938099999995
  76.290000000000006   99.205103300000005


# temperature  880.000000000000000
#   -0.000678397905309    0.178145433348190  -17.473693639926747  762.061225173857110 -12309.047278256108257
  56.509999999999998   97.925142600000001
  58.310000000000002   98.148988399999993
  60.149999999999999   98.343308100000002
  62.030000000000001   98.471978600000000
  63.950000000000003   98.597062500000007
  65.909999999999997   98.780317299999993
  67.900000000000006   98.852148299999996
  69.939999999999998   99.048429299999995
  72.019999999999996   99.111192700000004
  74.140000000000001   99.145384500000006
  76.290000000000006   99.217890199999999


# temperature  890.000000000000000
#   -0.000678526850477    0.178179613712594  -17.477104050753791  762.213750997566194 -12310.522133967859190
  56.509999999999998   97.965861799999999
  58.310000000000002   98.184834100000003
  60.149999999999999   98.374914099999998
  62.030000000000001   98.500766499999997
  63.950000000000003   98.623111800000004
  65.909999999999997   98.802340799999996
  67.900000000000006   98.872591700000001
  69.939999999999998   99.064539199999999
  72.019999999999996   99.125915699999993
  74.140000000000001   99.159350099999997
  76.290000000000006   99.230251199999998


# temperature  900.000000000000000
#   -0.000678651559839    0.178212671779890  -17.480402543195723  762.361274518010759 -12311.924296415281788
  56.509999999999998   98.005256500000002
  58.310000000000002   98.219511400000002
  60.149999999999999   98.405487800000003
  62.030000000000001   98.528613000000007
  63.950000000000003   98.648308000000000
  65.909999999999997   98.823641800000004
  67.900000000000006   98.892363900000007
  69.939999999999998   99.080119199999999
  72.019999999999996   99.140153999999995
  74.140000000000001   99.172855999999996
  76.290000000000006   99.242204900000004


# temperature  910.000000000000000
#   -0.000678772227590    0.178244658874700  -17.483594219035737  762.504022837253387 -12313.257339580344706
  56.509999999999998   98.043383199999994
  58.310000000000002   98.253070199999996
  60.149999999999999   98.435073500000001
  62.030000000000001   98.555558599999998
  63.950000000000003   98.672687900000000
  65.909999999999997   98.844251400000005
  67.900000000000006   98.911493800000002
  69.939999999999998   99.095192299999994
  72.019999999999996   99.153928800000003
  74.140000000000001   99.185922099999999
  76.290000000000006   99.253769100000000


# temperature  920.000000000000000
#   -0.000678889044238    0.178275625954894  -17.486684205196013  762.642226827508694 -12314.524949484204626
  56.509999999999998   98.080295399999997
  58.310000000000002   98.285557900000001
  60.149999999999999   98.463713100000007
  62.030000000000001   98.581641700000006
  63.950000000000003   98.696286400000005
  65.909999999999997   98.864199200000002
  67.900000000000006   98.930008900000004
  69.939999999999998   99.109780200000003
  72.019999999999996   99.167259999999999
  74.140000000000001   99.198567199999999
  76.290000000000006   99.264960500000001


# temperature  930.000000000000000
#   -0.000679002149467    0.178305609411735  -17.489676073515231  762.776044009078305 -12315.729529366868519
  56.509999999999998   98.116044099999996
  58.310000000000002   98.317019500000001
  60.149999999999999   98.491446499999995
  62.030000000000001   98.606898400000006
  63.950000000000003   98.719136300000002
  65.909999999999997   98.883513100000002
  67.900000000000006   98.947935299999997
  69.939999999999998   99.123903400000003
  72.019999999999996   99.180166200000002
  74.140000000000001   99.210809200000000
  76.290000000000006   99.275794899999994


# temperature  940.000000000000000
#   -0.000679111717441    0.178334655530815  -17.492574449171453  762.905681217711276 -12316.874346905544371
  56.509999999999998   98.150677400000006
  58.310000000000002   98.347497599999997
  60.149999999999999   98.518311199999999
  62.030000000000001   98.631363300000004
  63.950000000000003   98.741268899999994
  65.909999999999997   98.902219700000003
  67.900000000000006   98.965297500000005
  69.939999999999998   99.137581600000004
  72.019999999999996   99.192665500000004
  74.140000000000001   99.222665100000000
  76.290000000000006   99.286287299999998


# temperature  950.000000000000000
#   -0.000679217906077    0.178362806390025  -17.495383549353289  763.031327664739479 -12317.962389592988984
  56.509999999999998   98.184241000000000
  58.310000000000002   98.377032499999999
  60.149999999999999   98.544343200000000
  62.030000000000001   98.655069100000006
  63.950000000000003   98.762713800000000
  65.909999999999997   98.920344000000000
  67.900000000000006   98.982118999999997
  69.939999999999998   99.150833000000006
  72.019999999999996   99.204774599999993
  74.140000000000001   99.234150799999995
  76.290000000000006   99.296451899999994


# temperature  960.000000000000000
#   -0.000679320792994    0.178390082264918  -17.498105379533271  763.153073195491402 -12318.994983499920636
  56.509999999999998   98.216778399999995
  58.310000000000002   98.405662699999993
  60.149999999999999   98.569576299999994
  62.030000000000001   98.678046600000002
  63.950000000000003   98.783499199999994
  65.909999999999997   98.937910000000002
  67.900000000000006   98.998421899999997
  69.939999999999998   99.163675299999994
  72.019999999999996   99.216509700000003
  74.140000000000001   99.245281700000007
  76.290000000000006   99.306302299999999


# temperature  970.000000000000000
#   -0.000679420572401    0.178416534807660  -17.500745097631171  763.271147737073079 -12319.975783309186227
  56.509999999999998   98.248330800000005
  58.310000000000002   98.433424599999995
  60.149999999999999   98.594042900000005
  62.030000000000001   98.700325399999997
  63.950000000000003   98.803651700000003
  65.909999999999997   98.954940399999998
  67.900000000000006   99.014227300000002
  69.939999999999998   99.176125200000001
  72.019999999999996   99.227885900000004
  74.140000000000001   99.256072099999997
  76.290000000000006   99.315851199999997


# temperature  980.000000000000000
#   -0.000679517347618    0.178442191170410  -17.503305393854252  763.385671131357526 -12320.906614641493434
  56.509999999999998   98.278937299999996
  58.310000000000002   98.460352799999995
  60.149999999999999   98.617773400000004
  62.030000000000001   98.721933399999998
  63.950000000000003   98.823196699999997
  65.909999999999997   98.971456500000002
  67.900000000000006   99.029555200000004
  69.939999999999998   99.188198299999996
  72.019999999999996   99.238917700000002
  74.140000000000001   99.266535800000000
  76.290000000000006   99.325110699999996


# temperature  990.000000000000000
#   -0.000679611234506    0.178467082208749  -17.505789361613004  763.496782393463491 -12321.789645270688197
  56.509999999999998   98.308635300000006
  58.310000000000002   98.486480200000003
  60.149999999999999   98.640797199999994
  62.030000000000001   98.742897200000002
  63.950000000000003   98.842158400000002
  65.909999999999997   98.987478899999999
  67.900000000000006   99.044424599999999
  69.939999999999998   99.199909800000000
  72.019999999999996   99.249618900000002
  74.140000000000001   99.276685799999996
  76.290000000000006   99.334092499999997


# temperature 1000.000000000000000
#   -0.000679702357646    0.178491240870946  -17.508200278114810  763.604627461136033 -12322.627141433616998
  56.509999999999998   98.337460300000004
  58.310000000000002   98.511838299999994
  60.149999999999999   98.663141899999999
  62.030000000000001   98.763242099999999
  63.950000000000003   98.860559600000002
  65.909999999999997   99.003027000000003
  67.900000000000006   99.058853499999998
  69.939999999999998   99.211274000000003
  72.019999999999996   99.260002499999999
  74.140000000000001   99.286534500000002
  76.290000000000006   99.342807600000000


