   0.000000000000000    0.000000000000000
  10.000000000000000    0.000004422036839
  20.000000000000000    0.000042784077249
  30.000000000000000    0.000208747693528
  40.000000000000000    0.000553327299634
  50.000000000000000    0.001016695872041
  60.000000000000000    0.001521221135854
  70.000000000000000    0.002014906139616
  80.000000000000000    0.002470936557597
  90.000000000000000    0.002878808253645
 100.000000000000000    0.003237096281010
 110.000000000000000    0.003548870120400
 120.000000000000000    0.003819062343119
 130.000000000000000    0.004053065521307
 140.000000000000000    0.004256043241761
 150.000000000000000    0.004432635228665
 160.000000000000000    0.004586869385388
 170.000000000000000    0.004722174517012
 180.000000000000000    0.004841437636502
 190.000000000000000    0.004947075117830
 200.000000000000000    0.005041104318450
 210.000000000000000    0.005125208828244
 220.000000000000000    0.005200795276342
 230.000000000000000    0.005269041257360
 240.000000000000000    0.005330934683348
 250.000000000000000    0.005387307573935
 260.000000000000000    0.005438862286162
 270.000000000000000    0.005486194060825
 280.000000000000000    0.005529808844085
 290.000000000000000    0.005570138155360
 300.000000000000000    0.005607551393556
 310.000000000000000    0.005642365407084
 320.000000000000000    0.005674852950903
 330.000000000000000    0.005705250092212
 340.000000000000000    0.005733760379526
 350.000000000000000    0.005760560966815
 360.000000000000000    0.005785805743983
 370.000000000000000    0.005809629115374
 380.000000000000000    0.005832147968514
 390.000000000000000    0.005853464981637
 400.000000000000000    0.005873669848272
 410.000000000000000    0.005892841308589
 420.000000000000000    0.005911048446442
 430.000000000000000    0.005928351827869
 440.000000000000000    0.005944804752030
 450.000000000000000    0.005960453889965
 460.000000000000000    0.005975340179503
 470.000000000000000    0.005989499654058
 480.000000000000000    0.006002963590673
 490.000000000000000    0.006015759443136
 500.000000000000000    0.006027910962709
 510.000000000000000    0.006039438739511
 520.000000000000000    0.006050360516714
 530.000000000000000    0.006060691417606
 540.000000000000000    0.006070444204148
 550.000000000000000    0.006079629645396
 560.000000000000000    0.006088256510859
 570.000000000000000    0.006096331700232
 580.000000000000000    0.006103860759370
 590.000000000000000    0.006110847586408
 600.000000000000000    0.006117294811315
 610.000000000000000    0.006123203950503
 620.000000000000000    0.006128575186493
 630.000000000000000    0.006133407739228
 640.000000000000000    0.006137699856157
 650.000000000000000    0.006141448948704
 660.000000000000000    0.006144651444677
 670.000000000000000    0.006147303035438
 680.000000000000000    0.006149398731595
 690.000000000000000    0.006150932714818
 700.000000000000000    0.006151898662477
 710.000000000000000    0.006152289483178
 720.000000000000000    0.006152097543782
 730.000000000000000    0.006151314710268
 740.000000000000000    0.006149932177344
 750.000000000000000    0.006147940768285
 760.000000000000000    0.006145330648693
 770.000000000000000    0.006142091637483
 780.000000000000000    0.006138213054625
 790.000000000000000    0.006133683752384
 800.000000000000000    0.006128492210490
 810.000000000000000    0.006122626390829
 820.000000000000000    0.006116073910754
 830.000000000000000    0.006108822023426
 840.000000000000000    0.006100857580452
 850.000000000000000    0.006092166954246
 860.000000000000000    0.006082736315054
 870.000000000000000    0.006072551201264
 880.000000000000000    0.006061597178232
 890.000000000000000    0.006049859250074
 900.000000000000000    0.006037321923769
 910.000000000000000    0.006023969164261
 920.000000000000000    0.006009786317026
 930.000000000000000    0.005994755246955
 940.000000000000000    0.005978860686199
 950.000000000000000    0.005962084579160
 960.000000000000000    0.005944410230535
 970.000000000000000    0.005925820008009
 980.000000000000000    0.005906295402513
 990.000000000000000    0.005885817803323
1000.000000000000000    0.005864370817379
