# temperature   10.000000000000000
#    0.000005069842968   -0.001120111292393    0.090740837569387   -3.165127192182684   39.549179054543679
  56.509999999999998    0.011794900000000
  58.310000000000002    0.014616300000000
  60.149999999999999    0.016700200000000
  62.030000000000001    0.029647500000000
  63.950000000000003    0.031361600000000
  65.909999999999997    0.036803800000000
  67.900000000000006    0.042716900000000
  69.939999999999998    0.032091100000000
  72.019999999999996    0.061196900000000
  74.140000000000001    0.160834700000000
  76.290000000000006    0.195988500000000


# temperature   20.000000000000000
#    0.000002626769891    0.000463528141116   -0.147502083314092   10.471329443456556 -230.894844928781794
  56.509999999999998    0.096733400000000
  58.310000000000002    0.121634000000000
  60.149999999999999    0.142380700000000
  62.030000000000001    0.224542600000000
  63.950000000000003    0.245245400000000
  65.909999999999997    0.285234700000000
  67.900000000000006    0.351338100000000
  69.939999999999998    0.306037300000000
  72.019999999999996    0.544689400000000
  74.140000000000001    1.148606600000000
  76.290000000000006    1.446189100000000


# temperature   30.000000000000000
#   -0.000117545329076    0.032350102192909   -3.292963225747451  147.503329785089846 -2457.822613385213117
  56.509999999999998    0.348631900000000
  58.310000000000002    0.447388500000000
  60.149999999999999    0.539959400000000
  62.030000000000001    0.772227500000000
  63.950000000000003    0.869286100000000
  65.909999999999997    1.038913500000000
  67.900000000000006    1.296291200000000
  69.939999999999998    1.441202100000000
  72.019999999999996    2.191533400000000
  74.140000000000001    3.607536400000000
  76.290000000000006    4.462884100000000


# temperature   40.000000000000000
#   -0.000269043460099    0.071282009616836   -7.021007127210834  305.573481054522972 -4963.964961680477245
  56.509999999999998    0.912990900000000
  58.310000000000002    1.180382500000000
  60.149999999999999    1.444515000000000
  62.030000000000001    1.927098400000000
  63.950000000000003    2.198059800000000
  65.909999999999997    2.683883600000000
  67.900000000000006    3.253394700000000
  69.939999999999998    4.057850400000000
  72.019999999999996    5.458569600000000
  74.140000000000001    7.656511100000000
  76.290000000000006    9.211239700000000


# temperature   50.000000000000000
#   -0.000367648051598    0.096096092804432   -9.351694651404774  402.821652538122862 -6485.626225789464115
  56.509999999999998    1.941604300000000
  58.310000000000002    2.487338400000000
  60.149999999999999    3.032426600000000
  62.030000000000001    3.852632000000000
  63.950000000000003    4.387957200000000
  65.909999999999997    5.369236900000000
  67.900000000000006    6.300114900000000
  69.939999999999998    8.102798200000001
  72.019999999999996   10.129118200000001
  74.140000000000001   12.951210200000000
  76.290000000000006   15.209576200000001


# temperature   60.000000000000000
#   -0.000410703005804    0.106626918989672  -10.317109291989009  442.490833072352359 -7101.047761174902007
  56.509999999999998    3.513135300000000
  58.310000000000002    4.424867800000000
  60.149999999999999    5.332901600000000
  62.030000000000001    6.539751500000000
  63.950000000000003    7.395269700000000
  65.909999999999997    8.977311800000001
  67.900000000000006   10.267686700000000
  69.939999999999998   13.185903000000000
  72.019999999999996   15.758395399999999
  74.140000000000001   19.055644500000000
  76.290000000000006   21.954991300000000


# temperature   70.000000000000000
#   -0.000417040906321    0.107890074337201  -10.412257610421848  446.027939177558039 -7154.922805009743570
  56.509999999999998    5.621430700000000
  58.310000000000002    6.950739700000000
  60.149999999999999    8.266340700000001
  62.030000000000001    9.871818500000000
  63.950000000000003   11.069431300000000
  65.909999999999997   13.284535500000000
  67.900000000000006   14.908826100000001
  69.939999999999998   18.912666699999999
  72.019999999999996   21.946104099999999
  74.140000000000001   25.605245400000001
  76.290000000000006   29.059918300000000


# temperature   80.000000000000000
#   -0.000403232226378    0.104150511620013  -10.044620659770347  430.568762199064963 -6915.436649924484300
  56.509999999999998    8.205814600000000
  58.310000000000002    9.971472900000000
  60.149999999999999   11.707505800000000
  62.030000000000001   13.698340200000001
  63.950000000000003   15.235535799999999
  65.909999999999997   18.066519400000001
  67.900000000000006   19.990382600000000
  69.939999999999998   24.979993199999999
  72.019999999999996   28.397574299999999
  74.140000000000001   32.336065800000000
  76.290000000000006   36.259399500000001


# temperature   90.000000000000000
#   -0.000380007877995    0.098120254154755   -9.468667329647298  406.635902070893508 -6544.913491926057759
  56.509999999999998   11.182163900000001
  58.310000000000002   13.379082400000000
  60.149999999999999   15.526227100000000
  62.030000000000001   17.875138799999998
  63.950000000000003   19.734407699999998
  65.909999999999997   23.136939800000000
  67.900000000000006   25.324388700000000
  69.939999999999998   31.177360100000001
  72.019999999999996   34.913734900000001
  74.140000000000001   39.071173000000002
  76.290000000000006   43.385024299999998


# temperature  100.000000000000000
#   -0.000353442680830    0.091309870564661   -8.823875886296742  379.915104525348113 -6130.123439568019421
  56.509999999999998   14.462975100000000
  58.310000000000002   17.070959800000001
  60.149999999999999   19.606384800000001
  62.030000000000001   22.279976900000001
  63.950000000000003   24.435951400000000
  65.909999999999997   28.354074900000001
  67.900000000000006   30.770853400000000
  69.939999999999998   37.366081200000004
  72.019999999999996   41.367023000000003
  74.140000000000001   45.698523399999999
  76.290000000000006   50.336268799999999


# temperature  110.000000000000000
#   -0.000326661735886    0.084482669887287   -8.179532301994595  353.192886642571295 -5713.295970982607287
  56.509999999999998   17.967786400000001
  58.310000000000002   20.958317600000001
  60.149999999999999   23.852175400000000
  62.030000000000001   26.815763199999999
  63.950000000000003   29.240015700000001
  65.909999999999997   33.615468900000003
  67.900000000000006   36.230555199999998
  69.939999999999998   43.458405300000003
  72.019999999999996   47.679471900000003
  74.140000000000001   52.151135699999998
  76.290000000000006   57.057580600000001


# temperature  120.000000000000000
#   -0.000301125205847    0.077987444632550   -7.566683319532224  327.703937293860804 -5313.188975726477111
  56.509999999999998   21.627460500000002
  58.310000000000002   24.968384799999999
  60.149999999999999   28.188191400000001
  62.030000000000001   31.408478599999999
  63.950000000000003   34.072465200000003
  65.909999999999997   38.849675099999999
  67.900000000000006   41.635784200000003
  69.939999999999998   49.401237399999999
  72.019999999999996   53.806209199999998
  74.140000000000001   58.392052100000001
  76.290000000000006   63.522107699999999


# temperature  130.000000000000000
#   -0.000277422401290    0.071960281217848   -6.997139478385092  303.916787325529924 -4937.143560279600933
  56.509999999999998   25.385067400000001
  58.310000000000002   29.043601299999999
  60.149999999999999   32.556960799999999
  62.030000000000001   36.003349800000002
  63.950000000000003   38.880050199999999
  65.909999999999997   44.008442899999999
  67.900000000000006   46.941995700000000
  69.939999999999998   55.164524700000001
  72.019999999999996   59.723924699999998
  74.140000000000001   64.403763499999997
  76.290000000000006   69.720803200000006


# temperature  140.000000000000000
#   -0.000255713446168    0.066434733269197   -6.473643819925566  281.945646247864772 -4587.278073419955035
  56.509999999999998   29.195087999999998
  58.310000000000002   33.139605000000003
  60.149999999999999   36.915763499999997
  62.030000000000001   40.560856500000000
  63.950000000000003   43.625567699999998
  65.909999999999997   49.060344200000003
  67.900000000000006   52.121175999999998
  69.939999999999998   60.733291600000001
  72.019999999999996   65.423097400000003
  74.140000000000001   70.181066900000005
  76.290000000000006   75.655356100000006


# temperature  150.000000000000000
#   -0.000235959218515    0.061397999068936   -5.994940480474042  261.750920317344537 -4263.437971727998047
  56.509999999999998   33.021927599999998
  58.310000000000002   37.222923399999999
  60.149999999999999   41.233552299999999
  62.030000000000001   45.053199999999997
  63.950000000000003   48.283816700000003
  65.909999999999997   53.985914299999997
  67.900000000000006   57.156877799999997
  69.939999999999998   66.102283400000005
  72.019999999999996   70.902855400000007
  74.140000000000001   75.726347700000005
  76.290000000000006   81.333689500000006


# temperature  160.000000000000000
#   -0.000218035788774    0.056818220649745   -5.558174269868029  243.231682082837750 -3964.525956197318919
  56.509999999999998   36.838265300000003
  58.310000000000002   41.268795699999998
  60.149999999999999   45.488294199999999
  62.030000000000001   49.461411200000001
  63.950000000000003   52.838413799999998
  65.909999999999997   58.774076000000001
  67.900000000000006   62.040626000000003
  69.939999999999998   71.272401299999999
  72.019999999999996   76.167613200000005
  74.140000000000001   81.046507899999995
  76.290000000000006   86.767129800000006


# temperature  170.000000000000000
#   -0.000201789391286    0.052657237064169   -5.159978590756378  226.266443605700857 -3689.078131054766345
  56.509999999999998   40.623492900000002
  58.310000000000002   45.259289699999997
  60.149999999999999   49.664802999999999
  62.030000000000001   53.773077999999998
  63.950000000000003   57.279369400000000
  65.909999999999997   63.419561399999999
  67.900000000000006   66.769363799999994
  69.939999999999998   76.248345200000003
  72.019999999999996   81.224888600000000
  74.140000000000001   86.150985500000004
  76.290000000000006   91.968646600000000


# temperature  180.000000000000000
#   -0.000187062057028    0.048876349824698   -4.796952282192072  210.730649603708486 -3435.512204363145429
  56.509999999999998   44.362350399999997
  58.310000000000002   49.181750299999997
  60.149999999999999   53.753031700000001
  62.030000000000001   57.980605799999999
  63.950000000000003   61.601279099999999
  65.909999999999997   67.921075000000002
  67.900000000000006   71.343658199999993
  69.939999999999998   81.037060699999998
  72.019999999999996   86.083893099999997
  74.140000000000001   91.050489999999996
  76.290000000000006   96.951774000000000


# temperature  190.000000000000000
#   -0.000173702625002    0.045438694562448   -4.465848242218875  196.503520935056287 -3202.229589088288321
  56.509999999999998   48.043784000000002
  58.310000000000002   53.027557899999998
  60.149999999999999   57.746755100000001
  62.030000000000001   62.079904200000001
  63.950000000000003   65.801991999999998
  65.909999999999997   72.279994000000002
  67.900000000000006   75.766448299999993
  69.939999999999998   85.646723199999997
  72.019999999999996   90.754630700000007
  74.140000000000001   95.756204400000001
  76.290000000000006  101.729962700000002


# temperature  200.000000000000000
#   -0.000161571628567    0.042310270109616   -4.163655987232759  183.471302506618969 -2987.672305457012044
  56.509999999999998   51.660016400000004
  58.310000000000002   56.791153100000002
  60.149999999999999   61.642564600000000
  62.030000000000001   66.069407299999995
  63.950000000000003   69.881635900000006
  65.909999999999997   76.499453500000001
  67.900000000000006   80.042176799999993
  69.939999999999998   90.086075899999997
  72.019999999999996   95.247327200000001
  74.140000000000001  100.279291999999998
  76.290000000000006  106.316204400000004


# temperature  210.000000000000000
#   -0.000150542271840    0.039460090369629   -3.887611840328551  171.527860521395183 -2790.342198993425427
  56.509999999999998   55.205802400000003
  58.310000000000002   60.469278899999999
  60.149999999999999   65.439109799999997
  62.030000000000001   69.949346399999996
  63.950000000000003   73.841910200000001
  65.909999999999997   80.583705399999999
  67.900000000000006   84.176190000000005
  69.939999999999998   94.364005899999995
  72.019999999999996   99.572077699999994
  74.140000000000001  104.630598199999994
  76.290000000000006  110.722827600000002


# temperature  220.000000000000000
#   -0.000140500623150    0.036860211795897   -3.635203814369389  160.575261929500726 -2608.821275525265719
  56.509999999999998   58.677841200000003
  58.310000000000002   64.060398000000006
  60.149999999999999   69.136527999999998
  62.030000000000001   73.721213000000006
  63.950000000000003   77.685571899999999
  65.909999999999997   84.537670700000007
  67.900000000000006   88.174325999999994
  69.939999999999998   98.489275300000003
  72.019999999999996  103.738633699999994
  74.140000000000001  108.820481099999995
  76.290000000000006  114.961399299999997


# temperature  230.000000000000000
#   -0.000131344600424    0.034485483618200   -3.404152244841987  150.523358851238811 -2441.775321891716885
  56.509999999999998   62.074314399999999
  58.310000000000002   67.564245400000004
  60.149999999999999   72.736017799999999
  62.030000000000001   77.387363899999997
  63.950000000000003   81.416066499999999
  65.909999999999997   88.366628700000007
  67.900000000000006   92.042634699999994
  69.939999999999998  102.470358099999999
  72.019999999999996  107.756283900000000
  74.140000000000001  112.858722599999993
  76.290000000000006  119.042692900000006


# temperature  240.000000000000000
#   -0.000122983222447    0.032313386004957   -3.192400009139737  141.289777055464157 -2287.962785186245128
  56.509999999999998   65.394526299999995
  58.310000000000002   70.981487700000002
  60.149999999999999   76.239520499999998
  62.030000000000001   80.950730899999996
  63.950000000000003   85.037261500000000
  65.909999999999997   92.076003299999996
  67.900000000000006   95.787188599999993
  69.939999999999998  106.315344999999994
  72.019999999999996  111.633793499999996
  74.140000000000001  116.754492099999993
  76.290000000000006  122.976695599999999


# temperature  250.000000000000000
#   -0.000115335380470    0.030323746895145   -2.998090642289555  132.799329287928202 -2146.232737885724873
  56.509999999999998   68.638623499999994
  58.310000000000002   74.313463600000006
  60.149999999999999   79.649483000000004
  62.030000000000001   84.414609499999997
  63.950000000000003   88.553256599999997
  65.909999999999997   95.671217400000003
  67.900000000000006   99.413958600000001
  69.939999999999998  110.031894500000007
  72.019999999999996  115.379382399999997
  74.140000000000001  120.516342899999998
  76.290000000000006  126.772638900000004


# temperature  260.000000000000000
#   -0.000108328924211    0.028498541288830   -2.819554022551105  124.983704591336306 -2015.525915948903048
  56.509999999999998   71.807378700000001
  58.310000000000002   77.561987400000007
  60.149999999999999   82.968682799999996
  62.030000000000001   87.782504700000004
  63.950000000000003   91.968248799999998
  65.909999999999997   99.157595400000005
  67.900000000000006  102.928734000000006
  69.939999999999998  113.627212799999995
  72.019999999999996  119.000726200000003
  74.140000000000001  124.152227699999997
  76.290000000000006  130.439040799999987


# temperature  270.000000000000000
#   -0.000101899721049    0.026821679426519   -2.655290187146213  117.781020700113643 -1894.872256805783536
  56.509999999999998   74.902022400000007
  58.310000000000002   80.729199399999999
  60.149999999999999   86.200097600000007
  62.030000000000001   91.058019900000005
  63.950000000000003   95.286437800000002
  65.909999999999997  102.540300500000001
  67.900000000000006  106.337072800000001
  69.939999999999998  117.108053799999993
  72.019999999999996  122.504973600000000
  74.140000000000001  127.669526000000005
  76.290000000000006  133.983755300000013


# temperature  280.000000000000000
#   -0.000095990633651    0.025278768116614   -2.503949674629624  111.135172486261254 -1783.383998913933056
  56.509999999999998   77.924113700000007
  58.310000000000002   83.817453799999996
  60.149999999999999   89.346810500000004
  62.030000000000001   94.244776999999999
  63.950000000000003   98.511960500000001
  65.909999999999997  105.824295199999995
  67.900000000000006  109.644274999999993
  69.939999999999998  120.480729900000000
  72.019999999999996  125.898770700000000
  74.140000000000001  131.075078200000007
  76.290000000000006  137.414021899999995


# temperature  290.000000000000000
#   -0.000090550886774    0.023856971183439   -2.364323085039230  104.995547720487593 -1680.254038079494649
  56.509999999999998   80.875440900000001
  58.310000000000002   86.829234400000004
  60.149999999999999   92.411940099999995
  62.030000000000001   97.346360200000007
  63.950000000000003  101.648846599999999
  65.909999999999997  109.014318900000006
  67.900000000000006  112.855368600000006
  69.939999999999998  123.751131500000000
  72.019999999999996  129.188290800000004
  74.140000000000001  134.375221500000009
  76.290000000000006  140.736516200000011


# temperature  300.000000000000000
#   -0.000085535179507    0.022544796248799   -2.235322565684196   99.316346305152990 -1584.746979876827254
  56.509999999999998   83.757944699999996
  58.310000000000002   89.767091100000002
  60.149999999999999   95.398590799999994
  62.030000000000001  100.366276900000003
  63.950000000000003  104.700990000000004
  65.909999999999997  112.114877300000003
  67.900000000000006  115.975107899999998
  69.939999999999998  126.924749000000006
  72.019999999999996  132.379265599999997
  74.140000000000001  137.575826699999993
  76.290000000000006  143.957396799999998


# temperature  310.000000000000000
#   -0.000080903226458    0.021331993359691   -2.115974083963426   94.056354520059529 -1496.197287743929792
  56.509999999999998   86.573660099999998
  58.310000000000002   92.633593300000001
  60.149999999999999   98.309816400000003
  62.030000000000001  103.307931100000005
  63.950000000000003  107.672130699999997
  65.909999999999997  115.130239900000007
  67.900000000000006  119.007976499999998
  69.939999999999998  130.006697800000012
  72.019999999999996  135.477017100000012
  74.140000000000001  140.682334499999996
  76.290000000000006  147.082350100000014


# temperature  320.000000000000000
#   -0.000076619017876    0.020209373911427   -2.005401201267151   89.178315850321056 -1414.000274079567134
  56.509999999999998   89.324671699999996
  58.310000000000002   95.431295199999994
  60.149999999999999  101.148595799999995
  62.030000000000001  106.174606499999996
  63.950000000000003  110.565845600000003
  65.909999999999997  118.064442400000004
  67.900000000000006  121.958195500000002
  69.939999999999998  133.001743400000009
  72.019999999999996  138.486488400000013
  74.140000000000001  143.699789500000009
  76.290000000000006  150.116631799999993


# temperature  330.000000000000000
#   -0.000072650447109    0.019168724642580   -1.902817973702136   84.648686574243030 -1337.609117061302413
  56.509999999999998   92.013080200000005
  58.310000000000002   98.162710599999997
  60.149999999999999  103.917815800000000
  62.030000000000001  108.969456300000004
  63.950000000000003  113.385543900000002
  65.909999999999997  120.921293700000007
  67.900000000000006  124.829734799999997
  69.939999999999998  135.914325899999994
  72.019999999999996  141.412272999999999
  74.140000000000001  146.632872700000007
  76.290000000000006  153.065104600000012


# temperature  340.000000000000000
#   -0.000068968772784    0.018202675700385   -1.807517055004758   80.437168368372625 -1266.528010413935135
  56.509999999999998   94.640977100000001
  58.310000000000002  100.830295699999994
  60.149999999999999  106.620260700000003
  62.030000000000001  111.695497599999996
  63.950000000000003  116.134467200000003
  65.909999999999997  123.704384500000003
  67.900000000000006  127.626325199999997
  69.939999999999998  138.748584200000010
  72.019999999999996  144.258642799999990
  74.140000000000001  149.485931300000004
  76.290000000000006  155.932273199999997


# temperature  350.000000000000000
#   -0.000065548353970    0.017304639146274   -1.718864542261763   76.516524536580221 -1200.309749481649078
  56.509999999999998   97.210425700000002
  58.310000000000002  103.436436200000003
  60.149999999999999  109.258605599999996
  62.030000000000001  114.355610299999995
  63.950000000000003  118.815692700000000
  65.909999999999997  126.417096900000004
  67.900000000000006  130.351471800000013
  69.939999999999998  141.508378599999986
  72.019999999999996  147.029573400000004
  74.140000000000001  152.263006499999989
  76.290000000000006  158.722315299999991


# temperature  360.000000000000000
#   -0.000062366082502    0.016468665112063   -1.636286443648997   72.862018551782171 -1138.546968366250667
  56.509999999999998   99.723447800000002
  58.310000000000002  105.983439300000001
  60.149999999999999  111.835413500000001
  62.030000000000001  116.952537599999999
  63.950000000000003  121.432137299999994
  65.909999999999997  129.062616300000002
  67.900000000000006  133.008466999999996
  69.939999999999998  144.197312199999999
  72.019999999999996  149.728768599999995
  74.140000000000001  154.967859099999998
  76.290000000000006  161.439110800000009


# temperature  370.000000000000000
#   -0.000059401277696    0.015689419701800   -1.559267104653665   69.451372002017450 -1080.871805781695684
  56.509999999999998  102.182014100000004
  58.310000000000002  108.473528799999997
  60.149999999999999  114.353134900000001
  62.030000000000001  119.488889099999994
  63.950000000000003  123.986563799999999
  65.909999999999997  131.643941299999994
  67.900000000000006  135.600404099999992
  69.939999999999998  146.818750099999988
  72.019999999999996  152.359682099999986
  74.140000000000001  157.603992599999998
  76.290000000000006  164.086266999999992


# temperature  380.000000000000000
#   -0.000056635377181    0.014962107757797   -1.487342045816315   66.264471176289945 -1026.951351131784804
  56.509999999999998  104.588036700000004
  58.310000000000002  110.908842399999997
  60.149999999999999  116.814108700000006
  62.030000000000001  121.967144099999999
  63.950000000000003  126.481587800000000
  65.909999999999997  134.163895800000006
  67.900000000000006  138.130190300000010
  69.939999999999998  149.375838700000003
  72.019999999999996  154.925537600000013
  74.140000000000001  160.174674199999998
  76.290000000000006  166.667142600000005


# temperature  390.000000000000000
#   -0.000054051648389    0.014282400292174   -1.420091181070658   63.283086871951745 -976.483261953496708
  56.509999999999998  106.943365499999999
  58.310000000000002  113.291430599999998
  60.149999999999999  119.220564600000003
  62.030000000000001  124.389657200000002
  63.950000000000003  128.919684200000006
  65.909999999999997  136.625139300000001
  67.900000000000006  140.600558699999993
  69.939999999999998  151.871521800000011
  72.019999999999996  157.429347199999995
  74.140000000000001  162.682954499999994
  76.290000000000006  169.184868599999987


# temperature  400.000000000000000
#   -0.000051634979263    0.013646381759005   -1.357133877214069   60.490669229399913 -929.192520727305805
  56.509999999999998  109.249785299999999
  58.310000000000002  115.623257699999996
  60.149999999999999  121.574626199999997
  62.030000000000001  126.758663100000007
  63.950000000000003  131.303194800000000
  65.909999999999997  139.030177299999991
  67.900000000000006  143.014080000000007
  69.939999999999998  154.308556799999991
  72.019999999999996  159.873928599999999
  74.140000000000001  165.131684900000010
  76.290000000000006  171.642367299999989


# temperature  410.000000000000000
#   -0.000049371810113    0.013050535163418   -1.298127794351682   57.872309650580192 -884.830954362107718
  56.509999999999998  111.509014500000006
  58.310000000000002  117.906202199999996
  60.149999999999999  123.878315099999995
  62.030000000000001  129.076282099999986
  63.950000000000003  133.634335800000002
  65.909999999999997  141.381371400000006
  67.900000000000006  145.373174000000006
  69.939999999999998  156.689528499999994
  72.019999999999996  162.261920099999998
  74.140000000000001  167.523533700000002
  76.290000000000006  174.042369699999995


# temperature  420.000000000000000
#   -0.000047249780077    0.012491649953434   -1.242759922092138   55.414353644410788 -843.170930098780445
  56.509999999999998  113.722705000000005
  58.310000000000002  120.142060099999995
  60.149999999999999  126.133554700000005
  62.030000000000001  131.344526099999996
  63.950000000000003  135.915204200000005
  65.909999999999997  143.680948699999988
  67.900000000000006  147.680119200000007
  69.939999999999998  159.016862500000002
  72.019999999999996  164.595794799999993
  74.140000000000001  169.861000600000011
  76.290000000000006  176.387431200000009


# temperature  430.000000000000000
#   -0.000045257794201    0.011966841574908   -1.190748695244934   53.104500730360776 -804.007060244998456
  56.509999999999998  115.892442500000001
  58.310000000000002  122.332546300000004
  60.149999999999999  128.342174800000009
  62.030000000000001  133.565303699999987
  63.950000000000003  138.147785400000004
  65.909999999999997  145.931010299999997
  67.900000000000006  149.937063200000011
  69.939999999999998  161.292837300000002
  72.019999999999996  166.877873399999999
  74.140000000000001  172.146429799999993
  76.290000000000006  178.679945800000013


# temperature  440.000000000000000
#   -0.000043385750544    0.011473481126359   -1.141837214316703   50.931514126696378 -767.151508533072274
  56.509999999999998  118.019748300000003
  58.310000000000002  124.479298200000002
  60.149999999999999  130.505915700000003
  62.030000000000001  135.740426399999990
  63.950000000000003  140.333959300000004
  65.909999999999997  148.133540399999987
  67.900000000000006  152.146031200000010
  69.939999999999998  163.519595100000004
  72.019999999999996  169.110335899999995
  74.140000000000001  174.382022500000005
  76.290000000000006  180.922158599999989


# temperature  450.000000000000000
#   -0.000041624455503    0.011009173550552   -1.095791149512220   48.885131000933001 -732.432516971141240
  56.509999999999998  120.106079899999997
  58.310000000000002  126.583878499999997
  60.149999999999999  132.626432899999998
  62.030000000000001  137.871613300000007
  63.950000000000003  142.475506800000005
  65.909999999999997  150.290412900000007
  67.900000000000006  154.308934399999998
  69.939999999999998  165.699151800000010
  72.019999999999996  171.295232099999993
  74.140000000000001  176.569847199999998
  76.290000000000006  183.116178100000013


# temperature  460.000000000000000
#   -0.000039965596782    0.010571751758345   -1.052398279267587   46.956046587176253 -699.694177751329107
  56.509999999999998  122.152833999999999
  58.310000000000002  128.647778100000011
  60.149999999999999  134.705301200000008
  62.030000000000001  139.960496699999993
  63.950000000000003  144.574115799999987
  65.909999999999997  152.403399900000011
  67.900000000000006  156.427577899999989
  69.939999999999998  167.833406700000012
  72.019999999999996  173.434491500000007
  74.140000000000001  178.711850300000009
  76.290000000000006  185.263985899999994


# temperature  470.000000000000000
#   -0.000038401566731    0.010159230624208   -1.011464009141569   45.135720128668439 -668.793258721979100
  56.509999999999998  124.161347399999997
  58.310000000000002  130.672419899999994
  60.149999999999999  136.744019000000009
  62.030000000000001  142.008626800000002
  63.950000000000003  146.631386899999995
  65.909999999999997  154.474177400000002
  67.900000000000006  158.503668099999999
  69.939999999999998  169.924150499999996
  72.019999999999996  175.529932099999996
  74.140000000000001  180.809865000000002
  76.290000000000006  187.367447099999993


# temperature  480.000000000000000
#   -0.000036925464151    0.009769808191953   -0.972811560711589   43.416385632386529 -639.599392221035373
  56.509999999999998  126.132900199999995
  58.310000000000002  132.659161500000010
  60.149999999999999  138.744012599999991
  62.030000000000001  144.017476799999997
  63.950000000000003  148.648838299999994
  65.909999999999997  156.504332199999993
  67.900000000000006  160.538818600000013
  69.939999999999998  171.973073199999988
  72.019999999999996  177.583268500000003
  74.140000000000001  182.865619400000014
  76.290000000000006  189.428318700000005


# temperature  490.000000000000000
#   -0.000035531000700    0.009401841263899   -0.936279584782362   41.790947751774162 -611.993349030898798
  56.509999999999998  128.068717300000003
  58.310000000000002  134.609298300000006
  60.149999999999999  140.706639700000011
  62.030000000000001  145.988446699999997
  63.950000000000003  150.627911500000010
  65.909999999999997  158.495367399999992
  67.900000000000006  162.534557100000001
  69.939999999999998  173.981771299999991
  72.019999999999996  179.596119299999998
  74.140000000000001  184.880744600000014
  76.290000000000006  191.448257399999989


# temperature  500.000000000000000
#   -0.000034212344945    0.009053804888885   -0.901718230617879   40.252812578683219 -585.864296894152062
  56.509999999999998  129.969971100000009
  58.310000000000002  136.524066800000014
  60.149999999999999  142.633193199999994
  62.030000000000001  147.922868099999988
  63.950000000000003  152.569975300000010
  65.909999999999997  160.448708000000011
  67.900000000000006  164.492330799999991
  69.939999999999998  175.951754200000011
  72.019999999999996  181.570014100000009
  74.140000000000001  186.856781100000006
  76.290000000000006  193.428827399999989


# temperature  510.000000000000000
#   -0.000032964268459    0.008724331374499   -0.868993027715830   38.796057868449665 -561.112563470641135
  56.509999999999998  131.837783599999995
  58.310000000000002  138.404647500000010
  60.149999999999999  144.524905200000006
  62.030000000000001  149.822008100000005
  63.950000000000003  154.476330499999989
  65.909999999999997  162.365705700000007
  67.900000000000006  166.413511499999998
  69.939999999999998  177.884450399999992
  72.019999999999996  183.506399299999998
  74.140000000000001  188.795185500000002
  76.290000000000006  195.371506500000010


# temperature  520.000000000000000
#   -0.000031781926324    0.008412152348385   -0.837979169082130   37.415182899781087 -537.645530507783405
  56.509999999999998  133.673228999999992
  58.310000000000002  140.252167799999995
  60.149999999999999  146.382949800000006
  62.030000000000001  151.687072499999999
  63.950000000000003  156.348214200000001
  65.909999999999997  164.247643799999992
  67.900000000000006  168.299400899999995
  69.939999999999998  179.781212600000003
  72.019999999999996  185.406644400000005
  74.140000000000001  190.697336500000006
  76.290000000000006  197.277692400000007


# temperature  530.000000000000000
#   -0.000030660830434    0.008116091978214   -0.808560867628626   36.105081103484210 -515.377182756875868
  56.509999999999998  135.477335199999999
  58.310000000000002  142.067704399999997
  60.149999999999999  148.208446500000008
  62.030000000000001  153.519210100000009
  63.950000000000003  158.186803200000014
  65.909999999999997  166.095741400000009
  67.900000000000006  170.151234600000009
  69.939999999999998  181.643323400000014
  72.019999999999996  187.272046799999998
  74.140000000000001  192.564539599999989
  76.290000000000006  199.148708300000010


# temperature  540.000000000000000
#   -0.000029596970102    0.007835099412924   -0.780634606884313   34.861183665651460 -494.230459545861663
  56.509999999999998  137.251086799999996
  58.310000000000002  143.852286099999986
  60.149999999999999  150.002463599999999
  62.030000000000001  155.319515599999988
  63.950000000000003  159.993217899999991
  65.909999999999997  167.911157199999991
  67.900000000000006  171.970186799999993
  69.939999999999998  183.471999199999999
  72.019999999999996  189.103836699999988
  74.140000000000001  194.398032699999987
  76.290000000000006  200.985807999999992


# temperature  550.000000000000000
#   -0.000028586534224    0.007568175453945   -0.754101909590200   33.679143507202589 -474.132083001677245
  56.509999999999998  138.995426199999997
  58.310000000000002  145.606896400000011
  60.149999999999999  151.766020200000014
  62.030000000000001  157.089032500000002
  63.950000000000003  161.768525399999987
  65.909999999999997  169.694993799999992
  67.900000000000006  173.757373800000011
  69.939999999999998  185.268395199999986
  72.019999999999996  190.903181799999999
  74.140000000000001  196.198990299999991
  76.290000000000006  202.790180600000014


# temperature  560.000000000000000
#   -0.000027626094351    0.007314420667746   -0.728874058343993   32.555040058819728 -455.015865152725439
  56.509999999999998  140.711256700000007
  58.310000000000002  147.332475899999991
  60.149999999999999  153.500089800000012
  62.030000000000001  158.828756300000009
  63.950000000000003  163.513742900000011
  65.909999999999997  171.448300399999994
  67.900000000000006  175.513857599999994
  69.939999999999998  187.033609000000013
  72.019999999999996  192.671190999999993
  74.140000000000001  197.968527700000010
  76.290000000000006  204.562954600000012


# temperature  570.000000000000000
#   -0.000026712431678    0.007072990511039   -0.704867741913438   31.485191795821951 -436.819677912606892
  56.509999999999998  142.399443300000001
  58.310000000000002  149.029924099999988
  60.149999999999999  155.205601999999999
  62.030000000000001  160.539637400000004
  63.950000000000003  165.229840499999995
  65.909999999999997  173.172076599999997
  67.900000000000006  177.240649399999995
  69.939999999999998  188.768684199999996
  72.019999999999996  194.408918400000005
  74.140000000000001  199.707704799999988
  76.290000000000006  206.305202100000002


# temperature  580.000000000000000
#   -0.000025842665360    0.006843128707772   -0.682008298742571   30.466295668442775 -419.487685094110645
  56.509999999999998  144.060815399999996
  58.310000000000002  150.700101999999987
  60.149999999999999  156.883445700000010
  62.030000000000001  162.222583200000003
  63.950000000000003  166.917743599999994
  65.909999999999997  174.867275100000001
  67.900000000000006  178.938712699999996
  69.939999999999998  190.474614300000013
  72.019999999999996  196.117367000000002
  74.140000000000001  201.417529699999989
  76.290000000000006  208.017942299999987


# temperature  590.000000000000000
#   -0.000025014014540    0.006624104736526   -0.660223577442310   29.495159783903787 -402.965983528848540
  56.509999999999998  145.696168099999994
  58.310000000000002  152.343833600000011
  60.149999999999999  158.534470499999998
  62.030000000000001  163.878460600000011
  63.950000000000003  168.578336100000001
  65.909999999999997  176.534804699999995
  67.900000000000006  180.608966000000009
  69.939999999999998  192.152344900000003
  72.019999999999996  197.797491400000013
  74.140000000000001  203.098961900000006
  76.290000000000006  209.702145000000002


# temperature  600.000000000000000
#   -0.000024223988173    0.006415264396764   -0.639448966300102   28.568924630064192 -387.206229252084711
  56.509999999999998  147.306263800000011
  58.310000000000002  153.961908499999993
  60.149999999999999  160.159489500000007
  62.030000000000001  165.508098499999988
  63.950000000000003  170.212462299999999
  65.909999999999997  178.175532500000003
  67.900000000000006  182.252285599999993
  69.939999999999998  193.802777499999991
  72.019999999999996  199.450200999999993
  74.140000000000001  204.752915400000006
  76.290000000000006  211.358733599999994


# temperature  610.000000000000000
#   -0.000023470281084    0.006216001820039   -0.619624577586701   27.684937592782472 -372.163543914977367
  56.509999999999998  148.891834299999999
  58.310000000000002  155.555083099999990
  60.149999999999999  161.759280700000005
  62.030000000000001  167.112289699999991
  63.950000000000003  171.820929100000001
  65.909999999999997  179.790286600000002
  67.900000000000006  183.869507900000002
  69.939999999999998  195.426771900000006
  72.019999999999996  201.076362999999986
  74.140000000000001  206.380261399999995
  76.290000000000006  212.988587800000005


# temperature  620.000000000000000
#   -0.000022750720661    0.006025745881282   -0.600693951286749   26.840697952300918 -357.795634222876174
  56.509999999999998  150.453581500000013
  58.310000000000002  157.124082299999998
  60.149999999999999  163.334589300000005
  62.030000000000001  168.691792899999996
  63.950000000000003  173.404508300000003
  65.909999999999997  181.379858399999989
  67.900000000000006  185.461432000000002
  69.939999999999998  197.025148400000006
  72.019999999999996  202.676804699999991
  74.140000000000001  207.981830900000006
  76.290000000000006  214.592546800000008


# temperature  630.000000000000000
#   -0.000022063308118    0.005843970742916   -0.582605059363130   26.033899074919319 -344.063448980383896
  56.509999999999998  151.992179700000008
  58.310000000000002  158.669601499999999
  60.149999999999999  164.886129199999999
  62.030000000000001  170.247334400000000
  63.950000000000003  174.963938600000006
  65.909999999999997  182.945004500000010
  67.900000000000006  187.028821499999992
  69.939999999999998  198.598690400000010
  72.019999999999996  204.252315799999991
  74.140000000000001  209.558417100000014
  76.290000000000006  216.171411100000000


# temperature  640.000000000000000
#   -0.000021406138368    0.005670175529432   -0.565308382271040   25.262347839349420 -330.929914999536948
  56.509999999999998  153.508276099999989
  58.310000000000002  160.192307800000009
  60.149999999999999  166.414584600000012
  62.030000000000001  171.779610100000014
  63.950000000000003  176.499926899999991
  65.909999999999997  184.486448700000011
  67.900000000000006  188.572406900000004
  69.939999999999998  200.148146499999996
  72.019999999999996  205.803650699999992
  74.140000000000001  211.110777700000000
  76.290000000000006  217.725945200000012


# temperature  650.000000000000000
#   -0.000020777540827    0.005503920540582   -0.548760380115768   24.524111493574321 -318.362247975411151
  56.509999999999998  155.002492899999993
  58.310000000000002  161.692841499999986
  60.149999999999999  167.920611900000011
  62.030000000000001  173.289287099999996
  63.950000000000003  178.013150599999989
  65.909999999999997  186.004883699999993
  67.900000000000006  190.092886999999990
  69.939999999999998  201.674232499999988
  72.019999999999996  207.331530700000002
  74.140000000000001  212.639636899999999
  76.290000000000006  219.256879499999997


# temperature  660.000000000000000
#   -0.000020175890708    0.005344778323466   -0.532918757866144   23.817314943356493 -306.328710559504600
  56.509999999999998  156.475427900000000
  58.310000000000002  163.171817199999992
  60.149999999999999  169.404840500000006
  62.030000000000001  174.777004699999992
  63.950000000000003  179.504258999999990
  65.909999999999997  187.500973100000010
  67.900000000000006  191.590930899999989
  69.939999999999998  203.177633100000008
  72.019999999999996  208.836645500000003
  74.140000000000001  214.145687299999992
  76.290000000000006  220.764912500000008


# temperature  670.000000000000000
#   -0.000019599679247    0.005192351559403   -0.517744162346072   23.140211730971906 -294.799714139523871
  56.509999999999998  157.927655899999991
  58.310000000000002  164.629825600000004
  60.149999999999999  170.867874900000004
  62.030000000000001  176.243376600000005
  63.950000000000003  180.973874599999988
  65.909999999999997  188.975352799999996
  67.900000000000006  193.067179900000014
  69.939999999999998  204.659004100000004
  72.019999999999996  210.319655399999988
  74.140000000000001  215.629591599999998
  76.290000000000006  222.250712300000004


# temperature  680.000000000000000
#   -0.000019047539003    0.005046280120527   -0.503200913498977   22.491217391608654 -283.748382327728677
  56.509999999999998  159.359729899999991
  58.310000000000002  166.067434300000002
  60.149999999999999  172.310295400000001
  62.030000000000001  177.688991799999997
  63.950000000000003  182.422594699999991
  65.909999999999997  190.428632300000004
  67.900000000000006  194.522248300000001
  69.939999999999998  206.118973299999993
  72.019999999999996  211.781192699999991
  74.140000000000001  217.091984599999989
  76.290000000000006  223.714918600000004


# temperature  690.000000000000000
#   -0.000018518129342    0.004906210996467   -0.489254049903789   21.868780669907743 -273.148447435453534
  56.509999999999998  160.772181799999998
  58.310000000000002  167.485188800000003
  60.149999999999999  173.732659500000011
  62.030000000000001  179.114415799999989
  63.950000000000003  183.850992499999990
  65.909999999999997  191.861396600000006
  67.900000000000006  195.956725500000005
  69.939999999999998  207.558142599999996
  72.019999999999996  213.221863200000001
  74.140000000000001  218.533474200000001
  76.290000000000006  225.158144200000010


# temperature  700.000000000000000
#   -0.000018010215629    0.004771819033065   -0.475871364012738   21.271472236313382 -262.975698746833018
  56.509999999999998  162.165523799999988
  58.310000000000002  168.883614099999988
  60.149999999999999  175.135503099999994
  62.030000000000001  180.520191899999986
  63.950000000000003  185.259618700000004
  65.909999999999997  193.274206700000008
  67.900000000000006  197.371176999999989
  69.939999999999998  208.977089199999995
  72.019999999999996  214.642247900000001
  74.140000000000001  219.954643400000009
  76.290000000000006  226.580976300000003


# temperature  710.000000000000000
#   -0.000017522708594    0.004642816971296   -0.463024347728371   20.698023532384145 -253.208566302347378
  56.509999999999998  163.540248999999989
  58.310000000000002  170.263215000000002
  60.149999999999999  176.519341700000012
  62.030000000000001  181.906842399999988
  63.950000000000003  186.649002300000006
  65.909999999999997  194.667601899999994
  67.900000000000006  198.766145800000004
  69.939999999999998  210.376366700000005
  72.019999999999996  216.042903999999993
  74.140000000000001  221.356051400000013
  76.290000000000006  227.983978100000002


# temperature  720.000000000000000
#   -0.000017054530968    0.004518921091287   -0.450684895646554   20.147187127163409 -243.825917313168844
  56.509999999999998  164.896832399999994
  58.310000000000002  171.624477600000006
  60.149999999999999  177.884670800000009
  62.030000000000001  183.274869599999988
  63.950000000000003  188.019651799999991
  65.909999999999997  196.042099799999988
  67.900000000000006  200.142153299999990
  69.939999999999998  211.756506900000005
  72.019999999999996  217.424366200000009
  74.140000000000001  222.738234799999987
  76.290000000000006  229.367690000000010


# temperature  730.000000000000000
#   -0.000016604683785    0.004399868152146   -0.438826910038078   19.617803452421033 -234.808081316978530
  56.509999999999998  166.235731700000002
  58.310000000000002  172.967870199999993
  60.149999999999999  179.231967800000007
  62.030000000000001  184.624756600000012
  63.950000000000003  189.372056200000003
  65.909999999999997  197.398198199999996
  67.900000000000006  201.499700600000011
  69.939999999999998  213.118020199999989
  72.019999999999996  218.787148300000013
  74.140000000000001  224.101708800000011
  76.290000000000006  230.732630699999987


# temperature  740.000000000000000
#   -0.000016172201508    0.004285403417795   -0.427425113849588   19.108748944614728 -226.136006127301016
  56.509999999999998  167.557388300000014
  58.310000000000002  174.293843399999986
  60.149999999999999  180.561691900000000
  62.030000000000001  185.956968399999994
  63.950000000000003  190.706686100000013
  65.909999999999997  198.736375799999990
  67.900000000000006  202.839269599999994
  69.939999999999998  214.461397500000004
  72.019999999999996  220.131743699999987
  74.140000000000001  225.446968499999997
  76.290000000000006  232.079298700000010


# temperature  750.000000000000000
#   -0.000015756238714    0.004175304152654   -0.416457424154160   18.619041964517404 -217.793019754554308
  56.509999999999998  168.862227600000011
  58.310000000000002  175.602832100000001
  60.149999999999999  181.874285600000007
  62.030000000000001  187.271952900000002
  63.950000000000003  192.023994299999998
  65.909999999999997  200.057093100000003
  67.900000000000006  204.161323799999991
  69.939999999999998  215.787110299999995
  72.019999999999996  221.458626900000013
  74.140000000000001  226.774489799999998
  76.290000000000006  233.408172699999994


# temperature  760.000000000000000
#   -0.000015355988551    0.004069357316276   -0.405902676123077   18.147740062264706 -209.763098115708232
  56.509999999999998  170.150659999999988
  58.310000000000002  176.895254999999992
  60.149999999999999  183.170175300000011
  62.030000000000001  188.570141400000011
  63.950000000000003  193.324417199999999
  65.909999999999997  201.360793300000012
  67.900000000000006  205.466309300000006
  69.939999999999998  217.095612499999987
  72.019999999999996  222.768253899999991
  74.140000000000001  228.084730199999996
  76.290000000000006  234.719713200000001


# temperature  770.000000000000000
#   -0.000014970633758    0.003967347536759   -0.395739523714605   17.693895624681474 -202.030197913794467
  56.509999999999998  171.423081900000000
  58.310000000000002  178.171516400000002
  60.149999999999999  184.449772099999990
  62.030000000000001  189.851949499999989
  63.950000000000003  194.608374700000013
  65.909999999999997  202.647903399999990
  67.900000000000006  206.754655500000013
  69.939999999999998  218.387340700000010
  72.019999999999996  224.061063999999988
  74.140000000000001  229.378129999999999
  76.290000000000006  236.014363300000014


# temperature  780.000000000000000
#   -0.000014599491934    0.003869094626906   -0.385950060328397   17.256710664963823 -194.580729973636551
  56.509999999999998  172.679875399999986
  58.310000000000002  179.432006099999995
  60.149999999999999  185.713472400000001
  62.030000000000001  191.117777999999987
  63.950000000000003  195.876272000000000
  65.909999999999997  203.918834400000009
  67.900000000000006  208.026776200000000
  69.939999999999998  219.662715499999990
  72.019999999999996  225.337479599999995
  74.140000000000001  230.655113000000000
  76.290000000000006  237.292549299999990


# temperature  790.000000000000000
#   -0.000014241857985    0.003774412739946   -0.376515858171621   16.835366462310578 -187.400814857968925
  56.509999999999998  173.921410000000009
  58.310000000000002  180.677100400000000
  60.149999999999999  186.961658499999999
  62.030000000000001  192.368013499999989
  63.950000000000003  197.128499400000010
  65.909999999999997  205.173982800000005
  67.900000000000006  209.283069899999987
  69.939999999999998  220.922141799999991
  72.019999999999996  226.597907800000002
  74.140000000000001  231.916087299999987
  76.290000000000006  238.554681499999987


# temperature  800.000000000000000
#   -0.000013897099713    0.003683135122460   -0.367420367640645   16.429126814623704 -180.477947755081090
  56.509999999999998  175.148042199999992
  58.310000000000002  181.907162499999998
  60.149999999999999  188.194699600000007
  62.030000000000001  193.603028700000010
  63.950000000000003  198.365433700000011
  65.909999999999997  206.413730600000008
  67.900000000000006  210.523920900000007
  69.939999999999998  222.166009900000006
  72.019999999999996  227.842740800000001
  74.140000000000001  233.161446299999994
  76.290000000000006  239.801155599999987


# temperature  810.000000000000000
#   -0.000013564596629    0.003595097556425   -0.358647238535172   16.037262415877073 -173.799720899427200
  56.509999999999998  176.360117000000002
  58.310000000000002  183.122543500000006
  60.149999999999999  189.412951899999996
  62.030000000000001  194.823183699999987
  63.950000000000003  199.587438300000002
  65.909999999999997  207.638446700000003
  67.900000000000006  211.749700100000013
  69.939999999999998  223.394696100000004
  72.019999999999996  229.072356799999994
  74.140000000000001  234.391569000000004
  76.290000000000006  241.032352599999996


# temperature  820.000000000000000
#   -0.000013243801151    0.003510155878651   -0.350182186792335   15.659138610595402 -167.355359023183240
  56.509999999999998  177.557967399999995
  58.310000000000002  184.323582399999992
  60.149999999999999  190.616759599999995
  62.030000000000001  196.028826100000003
  63.950000000000003  200.794863999999990
  65.909999999999997  208.848486600000001
  67.900000000000006  212.960764899999987
  69.939999999999998  224.608563199999992
  72.019999999999996  230.287120100000010
  74.140000000000001  235.606820699999986
  76.290000000000006  242.248639999999995


# temperature  830.000000000000000
#   -0.000012934154840    0.003428162669326   -0.342010573136084   15.294104144663503 -161.133811425293288
  56.509999999999998  178.741915699999993
  58.310000000000002  185.510606800000005
  60.149999999999999  191.806455300000010
  62.030000000000001  197.220291500000002
  63.950000000000003  201.988049700000005
  65.909999999999997  210.044193699999994
  67.900000000000006  214.157460600000007
  69.939999999999998  225.807961500000005
  72.019999999999996  231.487382700000012
  74.140000000000001  236.807554299999993
  76.290000000000006  243.450372200000004


# temperature  840.000000000000000
#   -0.000012635140058    0.003348981070120   -0.334118785805702   14.941552487617415 -155.124768474399644
  56.509999999999998  179.912273499999998
  58.310000000000002  186.683933800000005
  60.149999999999999  192.982360300000011
  62.030000000000001  198.397904299999993
  63.950000000000003  203.167322600000006
  65.909999999999997  211.225899700000014
  67.900000000000006  215.340120500000012
  69.939999999999998  226.993228899999991
  72.019999999999996  232.673484000000002
  74.140000000000001  237.994110000000006
  76.290000000000006  244.637891300000007


# temperature  850.000000000000000
#   -0.000012346321086    0.003272496230286   -0.326495423874609   14.600975699706344 -149.319572642515908
  56.509999999999998  181.069342500000005
  58.310000000000002  187.843869600000005
  60.149999999999999  194.144785299999995
  62.030000000000001  199.561978100000005
  63.950000000000003  204.332999199999989
  65.909999999999997  212.393925099999990
  67.900000000000006  216.509066600000011
  69.939999999999998  228.164691900000008
  72.019999999999996  233.845751799999988
  74.140000000000001  239.166816299999994
  76.290000000000006  245.811527600000005


# temperature  860.000000000000000
#   -0.000012067215948    0.003198580822195   -0.319127838069497   14.271811082092794 -143.708683171614524
  56.509999999999998  182.213414499999999
  58.310000000000002  188.990710900000010
  60.149999999999999  195.294030899999996
  62.030000000000001  200.712816099999998
  63.950000000000003  205.485385100000002
  65.909999999999997  213.548579399999994
  67.900000000000006  217.664610100000004
  69.939999999999998  229.322665699999988
  72.019999999999996  235.004502699999989
  74.140000000000001  240.325990700000006
  76.290000000000006  246.971599800000007


# temperature  870.000000000000000
#   -0.000011797391597    0.003127120223452   -0.312004611888702   13.953549053519248 -138.283421765944411
  56.509999999999998  183.344772100000000
  58.310000000000002  190.124744600000014
  60.149999999999999  196.430387800000005
  62.030000000000001  201.850711499999989
  63.950000000000003  206.624776300000008
  65.909999999999997  214.690161999999987
  67.900000000000006  218.807051800000011
  69.939999999999998  230.467455000000001
  72.019999999999996  236.150042799999994
  74.140000000000001  241.471939800000001
  76.290000000000006  248.118416200000013


# temperature  880.000000000000000
#   -0.000011536470961    0.003058015212740   -0.305115916780523   13.645752857792614 -133.036367424453061
  56.509999999999998  184.463689100000011
  58.310000000000002  191.246248500000007
  60.149999999999999  197.554137499999996
  62.030000000000001  202.975948299999999
  63.950000000000003  207.751458799999995
  65.909999999999997  215.818962599999992
  67.900000000000006  219.936682499999989
  69.939999999999998  231.599354500000004
  72.019999999999996  237.282667800000013
  74.140000000000001  242.604960000000005
  76.290000000000006  249.252274499999999


# temperature  890.000000000000000
#   -0.000011284030979    0.002991153710463   -0.298450587544773   13.347924609016614 -127.959064808260337
  56.509999999999998  185.570430499999986
  58.310000000000002  192.355491699999988
  60.149999999999999  198.665552399999996
  62.030000000000001  204.088801200000006
  63.950000000000003  208.865709399999986
  65.909999999999997  216.935261099999991
  67.900000000000006  221.053783799999991
  69.939999999999998  232.718649099999993
  72.019999999999996  238.402663700000005
  74.140000000000001  243.725337999999994
  76.290000000000006  250.373462700000005


# temperature  900.000000000000000
#   -0.000011039732761    0.002926446302839   -0.291999741829148   13.059668444033292 -123.044769335963963
  56.509999999999998  186.665253400000012
  58.310000000000002  193.452734800000002
  60.149999999999999  199.764896300000004
  62.030000000000001  205.189536000000004
  63.950000000000003  209.967796399999997
  65.909999999999997  218.039328799999993
  67.900000000000006  222.158627800000005
  69.939999999999998  233.825614300000012
  72.019999999999996  239.510307200000000
  74.140000000000001  244.833350899999999
  76.290000000000006  251.482259099999993


# temperature  910.000000000000000
#   -0.000010803245073    0.002863805542314   -0.285754689850100   12.780597158797622 -118.286890846639480
  56.509999999999998  187.748406899999992
  58.310000000000002  194.538230400000003
  60.149999999999999  200.852424799999994
  62.030000000000001  206.278410400000013
  63.950000000000003  211.057979200000005
  65.909999999999997  219.131428099999994
  67.900000000000006  223.251478300000002
  69.939999999999998  234.920516999999990
  72.019999999999996  240.605865999999992
  74.140000000000001  245.929267199999998
  76.290000000000006  252.578933299999989


# temperature  920.000000000000000
#   -0.000010574225976    0.002803141164996   -0.279706469742343   12.510312224846038 -113.678671964623419
  56.509999999999998  188.820132300000012
  58.310000000000002  195.612223199999988
  60.149999999999999  201.928385800000001
  62.030000000000001  207.355674099999987
  63.950000000000003  212.136509399999994
  65.909999999999997  220.211813299999989
  67.900000000000006  224.332590500000009
  69.939999999999998  236.003615300000007
  72.019999999999996  241.689599399999992
  74.140000000000001  247.013346500000011
  76.290000000000006  253.663746199999991


# temperature  930.000000000000000
#   -0.000010352351669    0.002744367423355   -0.273846537669247   12.248432238291144 -109.213620624239454
  56.509999999999998  189.880664099999990
  58.310000000000002  196.674950800000005
  60.149999999999999  202.993019199999992
  62.030000000000001  208.421569000000005
  63.950000000000003  213.203630599999997
  65.909999999999997  221.280730699999992
  67.900000000000006  225.402211800000003
  69.939999999999998  237.075159500000012
  72.019999999999996  242.761758299999997
  74.140000000000001  248.085840300000001
  76.290000000000006  254.736950100000001


# temperature  940.000000000000000
#   -0.000010137358367    0.002687414478953   -0.268167931192206   11.994645766016578 -104.886410632277631
  56.509999999999998  190.930229400000002
  58.310000000000002  197.726643300000006
  60.149999999999999  204.046557799999988
  62.030000000000001  209.476329499999991
  63.950000000000003  214.259579099999996
  65.909999999999997  222.338418799999999
  67.900000000000006  226.460581800000000
  69.939999999999998  238.135391700000014
  72.019999999999996  243.822586000000001
  74.140000000000001  249.146992200000000
  76.290000000000006  255.798789699999986


# temperature  950.000000000000000
#   -0.000009928954729    0.002632205697057   -0.262663067303742   11.748616618244821 -100.691355484767584
  56.509999999999998  191.969048799999996
  58.310000000000002  198.767524100000003
  60.149999999999999  205.089227599999987
  62.030000000000001  210.520183300000014
  63.950000000000003  215.304583799999989
  65.909999999999997  223.385109099999994
  67.900000000000006  227.507932699999998
  69.939999999999998  239.184546799999993
  72.019999999999996  244.872317900000013
  74.140000000000001  250.197038300000003
  76.290000000000006  256.849501999999973


# temperature  960.000000000000000
#   -0.000009726866717    0.002578668305249   -0.257324674725497   11.510019326788461  -96.622901732890156
  56.509999999999998  192.997336399999995
  58.310000000000002  199.797809900000004
  60.149999999999999  206.121247500000010
  62.030000000000001  211.553350800000004
  63.950000000000003  216.338866999999993
  65.909999999999997  224.421026000000012
  67.900000000000006  228.544489800000008
  69.939999999999998  240.222852399999994
  72.019999999999996  245.911182499999995
  74.140000000000001  251.236207299999990
  76.290000000000006  257.889316699999995


# temperature  970.000000000000000
#   -0.000009530842861    0.002526735974926   -0.252146171203126   11.278561148970065  -92.676079967900236
  56.509999999999998  194.015299999999996
  58.310000000000002  200.817711199999991
  60.149999999999999  207.142830199999992
  62.030000000000001  212.576046200000008
  63.950000000000003  217.362644200000005
  65.909999999999997  225.446386999999987
  67.900000000000006  229.570471499999996
  69.939999999999998  241.250529099999994
  72.019999999999996  246.939401199999992
  74.140000000000001  252.264721100000003
  76.290000000000006  258.918456400000025


# temperature  980.000000000000000
#   -0.000009340663658    0.002476350638055   -0.247121771773458   11.053983494428948  -88.846471459004562
  56.509999999999998  195.023141500000008
  58.310000000000002  201.827432200000004
  60.149999999999999  208.154182100000014
  62.030000000000001  213.588477299999994
  63.950000000000003  218.376124400000009
  65.909999999999997  226.461403399999995
  67.900000000000006  230.586089799999996
  69.939999999999998  242.267791200000005
  72.019999999999996  247.957188800000011
  74.140000000000001  253.282794899999999
  76.290000000000006  259.937137099999973


# temperature  990.000000000000000
#   -0.000009156079819    0.002427446440833   -0.242244934039211   10.835995335410242  -85.129143681781230
  56.509999999999998  196.021057000000013
  58.310000000000002  202.827171300000003
  60.149999999999999  209.155503699999997
  62.030000000000001  214.590845800000011
  63.950000000000003  219.379510799999991
  65.909999999999997  227.466280000000012
  67.900000000000006  231.591550399999988
  69.939999999999998  243.274846300000007
  72.019999999999996  248.964753699999989
  74.140000000000001  254.290637299999986
  76.290000000000006  260.945568299999991


# temperature 1000.000000000000000
#   -0.000008976886823    0.002379969265830   -0.237510265627911   10.624355629988976  -81.519979550476421
  56.509999999999998  197.009237100000007
  58.310000000000002  203.817121399999991
  60.149999999999999  210.146989499999989
  62.030000000000001  215.583347699999990
  63.950000000000003  220.373000499999989
  65.909999999999997  228.461215799999991
  67.900000000000006  232.587052900000003
  69.939999999999998  244.271895999999998
  72.019999999999996  249.962298000000004
  74.140000000000001  255.288451000000009
  76.290000000000006  261.943953200000010


