   0.000000000000000         0.000000000000000
  10.000000000000000         5.097635989538709
  20.000000000000000         3.350781894815169
  30.000000000000000         2.702821493800191
  40.000000000000000         2.474172795485006
  50.000000000000000         2.402147863794623
  60.000000000000000         2.374030756609885
  70.000000000000000         2.359069194735651
  80.000000000000000         2.349084054076138
  90.000000000000000         2.341529155082555
 100.000000000000000         2.335554296432776
 110.000000000000000         2.330758030778235
 120.000000000000000         2.326858004531314
 130.000000000000000         2.323717085406009
 140.000000000000000         2.321190184370566
 150.000000000000000         2.319175503916076
 160.000000000000000         2.317580900498857
 170.000000000000000         2.316347626961814
 180.000000000000000         2.315439131987130
 190.000000000000000         2.314785941740232
 200.000000000000000         2.314340821217408
 210.000000000000000         2.314083078993772
 220.000000000000000         2.314012854164866
 230.000000000000000         2.314071821797004
 240.000000000000000         2.314238199710665
 250.000000000000000         2.314515399129691
 260.000000000000000         2.314880675030517
 270.000000000000000         2.315330385789921
 280.000000000000000         2.315839141507543
 290.000000000000000         2.316420963042736
 300.000000000000000         2.317056104997275
 310.000000000000000         2.317699145229603
 320.000000000000000         2.318421484130995
 330.000000000000000         2.319183339913121
 340.000000000000000         2.319943992524821
 350.000000000000000         2.320742707461906
 360.000000000000000         2.321576788415539
 370.000000000000000         2.322417608089129
 380.000000000000000         2.323267439122680
 390.000000000000000         2.324143983460015
 400.000000000000000         2.325025834163517
 410.000000000000000         2.325928389387367
 420.000000000000000         2.326832538091156
 430.000000000000000         2.327744268891836
 440.000000000000000         2.328663209727644
 450.000000000000000         2.329571763163040
 460.000000000000000         2.330495734084438
 470.000000000000000         2.331424487276322
 480.000000000000000         2.332346454071829
 490.000000000000000         2.333272830121830
 500.000000000000000         2.334191446345125
 510.000000000000000         2.335104685237740
 520.000000000000000         2.336015093044695
 530.000000000000000         2.336919621849952
 540.000000000000000         2.337833231255369
 550.000000000000000         2.338758159157455
 560.000000000000000         2.339655117081264
 570.000000000000000         2.340535112376033
 580.000000000000000         2.341418195579006
 590.000000000000000         2.342283234204700
 600.000000000000000         2.343158139406814
 610.000000000000000         2.344030051761855
 620.000000000000000         2.344874216986199
 630.000000000000000         2.345705694912350
 640.000000000000000         2.346540828804833
 650.000000000000000         2.347383328914562
 660.000000000000000         2.348195316323047
 670.000000000000000         2.348989742795074
 680.000000000000000         2.349791138673006
 690.000000000000000         2.350573173283132
 700.000000000000000         2.351328550952665
 710.000000000000000         2.352089979117499
 720.000000000000000         2.352840553759394
 730.000000000000000         2.353572808805329
 740.000000000000000         2.354293867563408
 750.000000000000000         2.354999483123199
 760.000000000000000         2.355695945586427
 770.000000000000000         2.356376562068800
 780.000000000000000         2.357038983480259
 790.000000000000000         2.357691942744427
 800.000000000000000         2.358329859480087
 810.000000000000000         2.358952357958756
 820.000000000000000         2.359561445947287
 830.000000000000000         2.360152076051502
 840.000000000000000         2.360726073150256
 850.000000000000000         2.361284082168460
 860.000000000000000         2.361840199903211
 870.000000000000000         2.362369969924845
 880.000000000000000         2.362867876738269
 890.000000000000000         2.363361800426432
 900.000000000000000         2.363878324866228
 910.000000000000000         2.364293967141651
 920.000000000000000         2.364730786825690
 930.000000000000000         2.365174646994547
 940.000000000000000         2.365575084519619
 950.000000000000000         2.365980216036845
 960.000000000000000         2.366323984419249
 970.000000000000000         2.366684039117385
 980.000000000000000         2.367067563150280
 990.000000000000000         2.367323126360542
1000.000000000000000         2.367551688970098
