# Temperature: 0.000000
# Parameters: -14.817010 0.476203 4.541440 66.714275
  56.509999999999998       -14.313004994049695
  58.310000000000002       -14.496450421913742
  60.149999999999999       -14.633462752094221
  62.030000000000001       -14.727478135509411
  63.950000000000003       -14.784735031637762
  65.909999999999997       -14.814760242499903
  67.900000000000006       -14.808336652795390
  69.939999999999998       -14.786913893169544
  72.019999999999996       -14.731904230624894
  74.140000000000001       -14.654426888852498
  76.290000000000006       -14.561648199659709


# Temperature: 10.000000
# Parameters: -14.817011 0.476199 4.541584 66.714288
  56.509999999999998       -14.313005296686185
  58.310000000000002       -14.496450798136504
  60.149999999999999       -14.633463180138298
  62.030000000000001       -14.727478913865591
  63.950000000000003       -14.784735850414569
  65.909999999999997       -14.814761207412824
  67.900000000000006       -14.808337759698718
  69.939999999999998       -14.786914716092056
  72.019999999999996       -14.731905817393617
  74.140000000000001       -14.654431229406002
  76.290000000000006       -14.561653411847763


# Temperature: 20.000000
# Parameters: -14.817022 0.476139 4.543434 66.714484
  56.509999999999998       -14.313009947131166
  58.310000000000002       -14.496456610415407
  60.149999999999999       -14.633469921055202
  62.030000000000001       -14.727489981862455
  63.950000000000003       -14.784747803519526
  65.909999999999997       -14.814775112108576
  67.900000000000006       -14.808354560169660
  69.939999999999998       -14.786928384482604
  72.019999999999996       -14.731930892692441
  74.140000000000001       -14.654488753140621
  76.290000000000006       -14.561725394766224


# Temperature: 30.000000
# Parameters: -14.817080 0.475921 4.549363 66.715546
  56.509999999999998       -14.313031040479999
  58.310000000000002       -14.496483468367535
  60.149999999999999       -14.633501965284724
  62.030000000000001       -14.727537512374322
  63.950000000000003       -14.784800709974808
  65.909999999999997       -14.814837571305418
  67.900000000000006       -14.808432500466713
  69.939999999999998       -14.787007831743553
  72.019999999999996       -14.732059385720563
  74.140000000000001       -14.654720934405313
  76.290000000000006       -14.562015316378641


# Temperature: 40.000000
# Parameters: -14.817270 0.475468 4.559206 66.718834
  56.509999999999998       -14.313092995973639
  58.310000000000002       -14.496563445242341
  60.149999999999999       -14.633599444291104
  62.030000000000001       -14.727671161623476
  63.950000000000003       -14.784952543324065
  65.909999999999997       -14.815021615748837
  67.900000000000006       -14.808658659057956
  69.939999999999998       -14.787279293566462
  72.019999999999996       -14.732442035361027
  74.140000000000001       -14.655292025009723
  76.290000000000006       -14.562710796799299


# Temperature: 50.000000
# Parameters: -14.817708 0.474774 4.570953 66.725613
  56.509999999999998       -14.313236427014573
  58.310000000000002       -14.496748118796548
  60.149999999999999       -14.633825190384664
  62.030000000000001       -14.727963816292148
  63.950000000000003       -14.785286335826950
  65.909999999999997       -14.815430169829195
  67.900000000000006       -14.809144813487528
  69.939999999999998       -14.787898655727568
  72.019999999999996       -14.733239564391790
  74.140000000000001       -14.656351119028292
  76.290000000000006       -14.563967833738483


# Temperature: 60.000000
# Parameters: -14.818504 0.473874 4.582827 66.736541
  56.509999999999998       -14.313514320899337
  58.310000000000002       -14.497100935941294
  60.149999999999999       -14.634252764961181
  62.030000000000001       -14.728496188081415
  63.950000000000003       -14.785890460448032
  65.909999999999997       -14.816166566288830
  67.900000000000006       -14.809996469883799
  69.939999999999998       -14.788994720110045
  72.019999999999996       -14.734574695019123
  74.140000000000001       -14.658004496799864
  76.290000000000006       -14.565889179539777


# Temperature: 70.000000
# Parameters: -14.819741 0.472807 4.593827 66.751739
  56.509999999999998       -14.313983254068875
  58.310000000000002       -14.497685710482646
  60.149999999999999       -14.634952538259730
  62.030000000000001       -14.729341725416587
  63.950000000000003       -14.786842325797659
  65.909999999999997       -14.817315179559500
  67.900000000000006       -14.811296399326986
  69.939999999999998       -14.790654020021712
  72.019999999999996       -14.736525210003277
  74.140000000000001       -14.660316331770442
  76.290000000000006       -14.568531055149895


# Temperature: 80.000000
# Parameters: -14.821479 0.471613 4.603521 66.771009
  56.509999999999998       -14.314696033481543
  58.310000000000002       -14.498558832304806
  60.149999999999999       -14.635983799048988
  62.030000000000001       -14.730559542946708
  63.950000000000003       -14.788201963762184
  65.909999999999997       -14.818936608452773
  67.900000000000006       -14.813102009471955
  69.939999999999998       -14.792926694659531
  72.019999999999996       -14.739132800630133
  74.140000000000001       -14.663318246344032
  76.290000000000006       -14.571916027715925


# Temperature: 90.000000
# Parameters: -14.823757 0.470323 4.611807 66.794002
  56.509999999999998       -14.315697742646622
  58.310000000000002       -14.499766007809287
  60.149999999999999       -14.637392357373100
  62.030000000000001       -14.732193263856351
  63.950000000000003       -14.790011889586424
  65.909999999999997       -14.821070015374261
  67.900000000000006       -14.815448776155835
  69.939999999999998       -14.795836413928214
  72.019999999999996       -14.742413762630999
  74.140000000000001       -14.667019196280620
  76.290000000000006       -14.576044466205643


# Temperature: 100.000000
# Parameters: -14.826593 0.468961 4.618759 66.820317
  56.509999999999998       -14.317024440909268
  58.310000000000002       -14.501341923076348
  60.149999999999999       -14.639211164334633
  62.030000000000001       -14.734272643945683
  63.950000000000003       -14.792299583078309
  65.909999999999997       -14.823737578811169
  67.900000000000006       -14.818355220317287
  69.939999999999998       -14.799388945540327
  72.019999999999996       -14.746367675216785
  74.140000000000001       -14.671413350645626
  76.290000000000006       -14.580903029739222


# Temperature: 110.000000
# Parameters: -14.829996 0.467547 4.624507 66.849562
  56.509999999999998       -14.318703428775656
  58.310000000000002       -14.503311301019856
  60.149999999999999       -14.641462170406999
  62.030000000000001       -14.736816072527223
  63.950000000000003       -14.795080613434290
  65.909999999999997       -14.826948890889261
  67.900000000000006       -14.821827541858667
  69.939999999999998       -14.803578482399104
  72.019999999999996       -14.750983633109563
  74.140000000000001       -14.676485755879845
  76.290000000000006       -14.586470457066763


# Temperature: 120.000000
# Parameters: -14.833966 0.466094 4.629210 66.881373
  56.509999999999998       -14.320754234590845
  58.310000000000002       -14.505690494374576
  60.149999999999999       -14.644158465654856
  62.030000000000001       -14.739833101306102
  63.950000000000003       -14.798361564034469
  65.909999999999997       -14.830704603520703
  67.900000000000006       -14.825863372545793
  69.939999999999998       -14.808392042228229
  72.019999999999996       -14.756244486562712
  74.140000000000001       -14.682216177831879
  76.290000000000006       -14.592721333978030


# Temperature: 130.000000
# Parameters: -14.838497 0.464612 4.633019 66.915431
  56.509999999999998       -14.323189853068266
  58.310000000000002       -14.508489114958369
  60.149999999999999       -14.647306282109769
  62.030000000000001       -14.743326644713182
  63.950000000000003       -14.802142456643795
  65.909999999999997       -14.834999230900886
  67.900000000000006       -14.830454587832600
  69.939999999999998       -14.813812412059079
  72.019999999999996       -14.762129631420633
  74.140000000000001       -14.688581635820531
  76.290000000000006       -14.599628458427350


# Temperature: 140.000000
# Parameters: -14.843577 0.463110 4.636065 66.951457
  56.509999999999998       -14.326017983819185
  58.310000000000002       -14.511711511616147
  60.149999999999999       -14.650906686254441
  62.030000000000001       -14.747294761521932
  63.950000000000003       -14.806418667764374
  65.909999999999997       -14.839823200596150
  67.900000000000006       -14.835589354839584
  69.939999999999998       -14.819820103967221
  72.019999999999996       -14.768616816646270
  74.140000000000001       -14.695558022569177
  76.290000000000006       -14.607164296712627


# Temperature: 150.000000
# Parameters: -14.849195 0.461592 4.638468 66.989213
  56.509999999999998       -14.329242136183179
  58.310000000000002       -14.515358019113620
  60.149999999999999       -14.654956948141900
  62.030000000000001       -14.751732050914706
  63.950000000000003       -14.811182369268078
  65.909999999999997       -14.845164342888436
  67.900000000000006       -14.841253572986417
  69.939999999999998       -14.826394619512536
  72.019999999999996       -14.775683289572227
  74.140000000000001       -14.703121115757867
  76.290000000000006       -14.615301843709194


# Temperature: 160.000000
# Parameters: -14.855335 0.460064 4.640322 67.028498
  56.509999999999998       -14.332862572376115
  58.310000000000002       -14.519425972798668
  60.149999999999999       -14.659451607878193
  62.030000000000001       -14.756630711710454
  63.950000000000003       -14.816423603170646
  65.909999999999997       -14.851008931347319
  67.900000000000006       -14.847431877252635
  69.939999999999998       -14.833515259188202
  72.019999999999996       -14.783306502743514
  74.140000000000001       -14.711247197806282
  76.290000000000006       -14.624015109990195


# Temperature: 170.000000
# Parameters: -14.861985 0.458529 4.641715 67.069139
  56.509999999999998       -14.336877084809892
  58.310000000000002       -14.523910512868197
  60.149999999999999       -14.664383293362780
  62.030000000000001       -14.761981332121602
  63.950000000000003       -14.822131063097158
  65.909999999999997       -14.857342409364882
  67.900000000000006       -14.854108322219027
  69.939999999999998       -14.841161628196733
  72.019999999999996       -14.791464544034490
  74.140000000000001       -14.719913410331532
  76.290000000000006       -14.633279377823893


# Temperature: 180.000000
# Parameters: -14.869127 0.456988 4.642709 67.110991
  56.509999999999998       -14.341281617948249
  58.310000000000002       -14.528805202078219
  60.149999999999999       -14.669743335925768
  62.030000000000001       -14.767773476371350
  63.950000000000003       -14.828292656025102
  65.909999999999997       -14.864149894895334
  67.900000000000006       -14.861266844313777
  69.939999999999998       -14.849313947377897
  72.019999999999996       -14.800136375026920
  74.140000000000001       -14.729097946923464
  76.290000000000006       -14.643071311034859


# Temperature: 190.000000
# Parameters: -14.876748 0.455443 4.643362 67.153930
  56.509999999999998       -14.346070759572848
  58.310000000000002       -14.534102513900665
  60.149999999999999       -14.675522236719766
  62.030000000000001       -14.773996115847034
  63.950000000000003       -14.834895910636346
  65.909999999999997       -14.871416519366431
  67.900000000000006       -14.868891574813222
  69.939999999999998       -14.857953230437605
  72.019999999999996       -14.809301961599685
  74.140000000000001       -14.738780140204470
  76.290000000000006       -14.653368973659646


# Temperature: 200.000000
# Parameters: -14.884833 0.453897 4.643719 67.197851
  56.509999999999998       -14.351238130479578
  58.310000000000002       -14.539794191126900
  60.149999999999999       -14.681710002522026
  62.030000000000001       -14.780637931736615
  63.950000000000003       -14.841928255079415
  65.909999999999997       -14.879127653620406
  67.900000000000006       -14.876967031580724
  69.939999999999998       -14.867061367898449
  72.019999999999996       -14.818942322640831
  74.140000000000001       -14.748940487740144
  76.290000000000006       -14.664151802999704


# Temperature: 210.000000
# Parameters: -14.893367 0.452351 4.643824 67.242664
  56.509999999999998       -14.356776682969338
  58.310000000000002       -14.545871527775684
  60.149999999999999       -14.688296400695307
  62.030000000000001       -14.787687544078903
  63.950000000000003       -14.849377219072602
  65.909999999999997       -14.887269057159378
  67.900000000000006       -14.885478242401403
  69.939999999999998       -14.876621169593184
  72.019999999999996       -14.829039527974707
  74.140000000000001       -14.759560626128629
  76.290000000000006       -14.675400551581511


# Temperature: 220.000000
# Parameters: -14.902336 0.450804 4.643705 67.288292
  56.509999999999998       -14.362678930934692
  58.310000000000002       -14.552325574305588
  60.149999999999999       -14.695271140562502
  62.030000000000001       -14.795133665154646
  63.950000000000003       -14.857230565530140
  65.909999999999997       -14.895826967277999
  67.900000000000006       -14.894410821677683
  69.939999999999998       -14.886616362591878
  72.019999999999996       -14.839576681779151
  74.140000000000001       -14.770623293689260
  76.290000000000006       -14.687097209424586


# Temperature: 230.000000
# Parameters: -14.911728 0.449258 4.643386 67.334670
  56.509999999999998       -14.368937123979478
  58.310000000000002       -14.559147288933236
  60.149999999999999       -14.702624000887061
  62.030000000000001       -14.802965212457012
  63.950000000000003       -14.865476383840544
  65.909999999999997       -14.904788151921212
  67.900000000000006       -14.903750996339960
  69.939999999999998       -14.897031565291245
  72.019999999999996       -14.850537874909870
  74.140000000000001       -14.782112270349849
  76.290000000000006       -14.699224923200248


# Temperature: 240.000000
# Parameters: -14.921529 0.447713 4.642897 67.381740
  56.509999999999998       -14.375543386299958
  58.310000000000002       -14.566327653713062
  60.149999999999999       -14.710344928333507
  62.030000000000001       -14.811171375022868
  63.950000000000003       -14.874103140651529
  65.909999999999997       -14.914139936631328
  67.900000000000006       -14.913485627611543
  69.939999999999998       -14.907852256321863
  72.019999999999996       -14.861908131006279
  74.140000000000001       -14.794012322716078
  76.290000000000006       -14.711767917463201


# Temperature: 250.000000
# Parameters: -14.931728 0.446170 4.642253 67.429454
  56.509999999999998       -14.382489815145300
  58.310000000000002       -14.573857759524262
  60.149999999999999       -14.718424098616579
  62.030000000000001       -14.819741668363378
  63.950000000000003       -14.883099720290614
  65.909999999999997       -14.923870207657307
  67.900000000000006       -14.923602200644400
  69.939999999999998       -14.919064733091114
  72.019999999999996       -14.873673358815886
  74.140000000000001       -14.806309131521656
  76.290000000000006       -14.724711411737440


# Temperature: 260.000000
# Parameters: -14.942313 0.444629 4.641473 67.477768
  56.509999999999998       -14.389768557513140
  58.310000000000002       -14.581728856855692
  60.149999999999999       -14.726851956921866
  62.030000000000001       -14.828665963483937
  63.950000000000003       -14.892455437202258
  65.909999999999997       -14.933967409881904
  67.900000000000006       -14.934088807936332
  69.939999999999998       -14.930656059961871
  72.019999999999996       -14.885820285863003
  74.140000000000001       -14.818989233588455
  76.290000000000006       -14.738041543820689


# Temperature: 270.000000
# Parameters: -14.953273 0.443091 4.640568 67.526646
  56.509999999999998       -14.397371866116604
  58.310000000000002       -14.589932406590750
  60.149999999999999       -14.735619251071446
  62.030000000000001       -14.837934497248444
  63.950000000000003       -14.902160039057120
  65.909999999999997       -14.944420534384557
  67.900000000000006       -14.944934133784580
  69.939999999999998       -14.942614025759021
  72.019999999999996       -14.898336410773140
  74.140000000000001       -14.832039962750194
  76.290000000000006       -14.751745300343851


# Temperature: 280.000000
# Parameters: -14.964598 0.441555 4.639551 67.576055
  56.509999999999998       -14.405292136695644
  58.310000000000002       -14.598460102808762
  60.149999999999999       -14.744717040851731
  62.030000000000001       -14.847537882743550
  63.950000000000003       -14.912203709861354
  65.909999999999997       -14.955219093567150
  67.900000000000006       -14.956127423193033
  69.939999999999998       -14.954927097130271
  72.019999999999996       -14.911209947305981
  74.140000000000001       -14.845449385594016
  76.290000000000006       -14.765810449403279


# Temperature: 290.000000
# Parameters: -14.976277 0.440021 4.638435 67.625966
  56.509999999999998       -14.413521942219127
  58.310000000000002       -14.607303888331376
  60.149999999999999       -14.754136710450567
  62.030000000000001       -14.857467108242249
  63.950000000000003       -14.922577055446629
  65.909999999999997       -14.966353105607620
  67.900000000000006       -14.967658456997997
  69.939999999999998       -14.967584372943399
  72.019999999999996       -14.924429769424785
  74.140000000000001       -14.859206253784874
  76.290000000000006       -14.780225479411639


# Temperature: 300.000000
# Parameters: -14.988302 0.438491 4.637222 67.676356
  56.509999999999998       -14.422054046358355
  58.310000000000002       -14.616455970268957
  60.149999999999999       -14.763869963275122
  62.030000000000001       -14.867713527876026
  63.950000000000003       -14.933271091033022
  65.909999999999997       -14.977813065440021
  67.900000000000006       -14.979517522848258
  69.939999999999998       -14.980575540756339
  72.019999999999996       -14.937985371912189
  74.140000000000001       -14.873299951207787
  76.290000000000006       -14.794979545203725


# Temperature: 310.000000
# Parameters: -15.000662 0.436964 4.635925 67.727201
  56.509999999999998       -14.430881422142757
  58.310000000000002       -14.625908818984156
  60.149999999999999       -14.773908827133997
  62.030000000000001       -14.878268855416307
  63.950000000000003       -14.944277229828320
  65.909999999999997       -14.989589925062420
  67.900000000000006       -14.991695387221569
  69.939999999999998       -14.993890837432986
  72.019999999999996       -14.951866820621744
  74.140000000000001       -14.887720446292226
  76.290000000000006       -14.810062413105879


# Temperature: 320.000000
# Parameters: -15.013351 0.435440 4.634558 67.778481
  56.509999999999998       -14.439997255069162
  58.310000000000002       -14.635655172237623
  60.149999999999999       -14.784245637654427
  62.030000000000001       -14.889125149764492
  63.950000000000003       -14.955587263335925
  65.909999999999997       -15.001675064516963
  67.900000000000006       -15.004183267441139
  69.939999999999998       -15.007521011831845
  72.019999999999996       -14.966064712057280
  74.140000000000001       -14.902458250555069
  76.290000000000006       -14.825464417406067


# Temperature: 330.000000
# Parameters: -15.026359 0.433919 4.633107 67.830183
  56.509999999999998       -14.449394948283924
  58.310000000000002       -14.645688030005871
  60.149999999999999       -14.794873037245837
  62.030000000000001       -14.900274805624109
  63.950000000000003       -14.967193343735607
  65.909999999999997       -15.014060272197774
  67.900000000000006       -15.016972806801407
  69.939999999999998       -15.021457290603964
  72.019999999999996       -14.980570139170851
  74.140000000000001       -14.917504380252815
  76.290000000000006       -14.841176415787565


# Temperature: 340.000000
# Parameters: -15.039678 0.432402 4.631594 67.882287
  56.509999999999998       -14.459068120510084
  58.310000000000002       -14.656000651371995
  60.149999999999999       -14.805783962662730
  62.030000000000001       -14.911710535881578
  63.950000000000003       -14.979087970409955
  65.909999999999997       -15.026737718940293
  67.900000000000006       -15.030056043475241
  69.939999999999998       -15.035691343990864
  72.019999999999996       -14.995374649905669
  74.140000000000001       -14.932850320106668
  76.290000000000006       -14.857189749944741


# Temperature: 350.000000
# Parameters: -15.053302 0.430888 4.630018 67.934782
  56.509999999999998       -14.469010609156630
  58.310000000000002       -14.666586542088563
  60.149999999999999       -14.816971632567579
  62.030000000000001       -14.923425359169082
  63.950000000000003       -14.991263969215856
  65.909999999999997       -15.039699937292756
  67.900000000000006       -15.043425394967551
  69.939999999999998       -15.050215255768176
  72.019999999999996       -15.010470224394727
  74.140000000000001       -14.948487987027622
  76.290000000000006       -14.873496214490276


# Temperature: 360.000000
# Parameters: -15.067223 0.429378 4.628385 67.987654
  56.509999999999998       -14.479216460990681
  58.310000000000002       -14.677439457686885
  60.149999999999999       -14.828429536130123
  62.030000000000001       -14.935412586391037
  63.950000000000003       -15.003714475901674
  65.909999999999997       -15.052939799751234
  67.900000000000006       -15.057073629095353
  69.939999999999998       -15.065021498371404
  72.019999999999996       -15.025849236613031
  74.140000000000001       -14.964409703169361
  76.290000000000006       -14.890088017570962


# Temperature: 370.000000
# Parameters: -15.081435 0.427871 4.626691 68.040895
  56.509999999999998       -14.489679930064614
  58.310000000000002       -14.688553381712069
  60.149999999999999       -14.840151424735975
  62.030000000000001       -14.947665805177687
  63.950000000000003       -15.016432920560852
  65.909999999999997       -15.066450499067539
  67.900000000000006       -15.070993843259231
  69.939999999999998       -15.080102902839567
  72.019999999999996       -15.041504433649067
  74.140000000000001       -14.980608167944757
  76.290000000000006       -14.906957758066318


# Temperature: 380.000000
# Parameters: -15.095931 0.426368 4.624951 68.094493
  56.509999999999998       -14.500395471497523
  58.310000000000002       -14.699922529868722
  60.149999999999999       -14.852131296440207
  62.030000000000001       -14.960178866411569
  63.950000000000003       -15.029413012085516
  65.909999999999997       -15.080225529593548
  67.900000000000006       -15.085179447860531
  69.939999999999998       -15.095452639123099
  72.019999999999996       -15.057428906684864
  74.140000000000001       -14.997076427969512
  76.290000000000006       -14.924098394495800


# Temperature: 390.000000
# Parameters: -15.110705 0.424868 4.623159 68.148440
  56.509999999999998       -14.511357737329503
  58.310000000000002       -14.711541329292427
  60.149999999999999       -14.864363385603102
  62.030000000000001       -14.972945871790392
  63.950000000000003       -15.042648723656511
  65.909999999999997       -15.094258669661949
  67.900000000000006       -15.099624144536392
  69.939999999999998       -15.111064192246035
  72.019999999999996       -15.073616071303897
  74.140000000000001       -15.013807862552175
  76.290000000000006       -14.941503220144577


# Temperature: 400.000000
# Parameters: -15.125751 0.423372 4.621321 68.202729
  56.509999999999998       -14.522561566157387
  58.310000000000002       -14.723404420622584
  60.149999999999999       -14.876842152525882
  62.030000000000001       -14.985961161389925
  63.950000000000003       -15.056134277197000
  65.909999999999997       -15.108543967076287
  67.900000000000006       -15.114321908540514
  69.939999999999998       -15.126931342613924
  72.019999999999996       -15.090059644689704
  74.140000000000001       -15.030796151564937
  76.290000000000006       -14.959165844407847


# Temperature: 410.000000
# Parameters: -15.141063 0.421880 4.619439 68.257351
  56.509999999999998       -14.534001977952624
  58.310000000000002       -14.735506639346752
  60.149999999999999       -14.889562274122875
  62.030000000000001       -14.999219300190450
  63.950000000000003       -15.069864131971780
  65.909999999999997       -15.123075717345992
  67.900000000000006       -15.129266976306027
  69.939999999999998       -15.143048146321714
  72.019999999999996       -15.106753626970212
  74.140000000000001       -15.048035263006511
  76.290000000000006       -14.977080167916609


# Temperature: 420.000000
# Parameters: -15.156636 0.420392 4.617511 68.312302
  56.509999999999998       -14.545674168879136
  58.310000000000002       -14.747843012691364
  60.149999999999999       -14.902518628375116
  62.030000000000001       -15.012715066676074
  63.950000000000003       -15.083832970077312
  65.909999999999997       -15.137848458504267
  67.900000000000006       -15.144453824716980
  69.939999999999998       -15.159408920643793
  72.019999999999996       -15.123692281525642
  74.140000000000001       -15.065519433310030
  76.290000000000006       -14.995240365954846


# Temperature: 430.000000
# Parameters: -15.172466 0.418907 4.615545 68.367575
  56.509999999999998       -14.557573500929060
  58.310000000000002       -14.760408750293880
  60.149999999999999       -14.915706291221074
  62.030000000000001       -15.026443445579751
  63.950000000000003       -15.098035682968174
  65.909999999999997       -15.152856951415970
  67.900000000000006       -15.159877161780487
  69.939999999999998       -15.176008224341889
  72.019999999999996       -15.140870121514958
  74.140000000000001       -15.083243148687375
  76.290000000000006       -15.013640868767414


# Temperature: 440.000000
# Parameters: -15.188546 0.417426 4.613536 68.423165
  56.509999999999998       -14.569695498813465
  58.310000000000002       -14.773199235911395
  60.149999999999999       -14.929120521010253
  62.030000000000001       -15.040399609227594
  63.950000000000003       -15.112467367311361
  65.909999999999997       -15.168096165267656
  67.900000000000006       -15.175531912116771
  69.939999999999998       -15.192840849373649
  72.019999999999996       -15.158281892256626
  74.140000000000001       -15.101201130619206
  76.290000000000006       -15.032276348086510


# Temperature: 450.000000
# Parameters: -15.204872 0.415949 4.611490 68.479068
  56.509999999999998       -14.582035840634525
  58.310000000000002       -14.786210018092783
  60.149999999999999       -14.942756752284632
  62.030000000000001       -15.054578918575315
  63.950000000000003       -15.127123304257754
  65.909999999999997       -15.183561274458295
  67.900000000000006       -15.191413201412765
  69.939999999999998       -15.209901797054846
  72.019999999999996       -15.175922558791498
  74.140000000000001       -15.119388322381418
  76.290000000000006       -15.051141701585271


# Temperature: 460.000000
# Parameters: -15.221440 0.414476 4.609412 68.535279
  56.509999999999998       -14.594590352703374
  58.310000000000002       -14.799436803960154
  60.149999999999999       -14.956610587487260
  62.030000000000001       -15.068976902479690
  63.950000000000003       -15.141998957369273
  65.909999999999997       -15.199247637870744
  67.900000000000006       -15.207516351239976
  69.939999999999998       -15.227186277022945
  72.019999999999996       -15.193787293445688
  74.140000000000001       -15.137799875571604
  76.290000000000006       -15.070232038367807


# Temperature: 470.000000
# Parameters: -15.238245 0.413007 4.607293 68.591795
  56.509999999999998       -14.607355002285130
  58.310000000000002       -14.812875450917433
  60.149999999999999       -14.970677788670837
  62.030000000000001       -15.083589259771419
  63.950000000000003       -15.157089960181754
  65.909999999999997       -15.215150795762472
  67.900000000000006       -15.223836863508099
  69.939999999999998       -15.244689686508577
  72.019999999999996       -15.211871460284184
  74.140000000000001       -15.156431136635502
  76.290000000000006       -15.089542664459234


# Temperature: 480.000000
# Parameters: -15.255283 0.411542 4.605142 68.648613
  56.509999999999998       -14.620325894489618
  58.310000000000002       -14.826521962504659
  60.149999999999999       -14.984954270242742
  62.030000000000001       -15.098411841635867
  63.950000000000003       -15.172392107913545
  65.909999999999997       -15.231266456292010
  67.900000000000006       -15.240370412173597
  69.939999999999998       -15.262407605153413
  72.019999999999996       -15.230170607855868
  74.140000000000001       -15.175277636502747
  76.290000000000006       -15.109069077623536


# Temperature: 490.000000
# Parameters: -15.272550 0.410081 4.602955 68.705728
  56.509999999999998       -14.633499259834242
  58.310000000000002       -14.840372476997299
  60.149999999999999       -14.999436088600756
  62.030000000000001       -15.113440651613077
  63.950000000000003       -15.187901349174087
  65.909999999999997       -15.247590486191125
  67.900000000000006       -15.257112833911870
  69.939999999999998       -15.280335781536612
  72.019999999999996       -15.248680456756388
  74.140000000000001       -15.194335081259016
  76.290000000000006       -15.128806950780755


# Temperature: 500.000000
# Parameters: -15.290042 0.408624 4.600736 68.763139
  56.509999999999998       -14.646871458389704
  58.310000000000002       -14.854423265333386
  60.149999999999999       -15.014119437987368
  62.030000000000001       -15.128671833160642
  63.950000000000003       -15.203613776636088
  65.909999999999997       -15.264118908691955
  67.900000000000006       -15.274060119825844
  69.939999999999998       -15.298470125919843
  72.019999999999996       -15.267396892373181
  74.140000000000001       -15.213599340745354
  76.290000000000006       -15.148752121642715


# Temperature: 510.000000
# Parameters: -15.307755 0.407171 4.598487 68.820843
  56.509999999999998       -14.660438965270028
  58.310000000000002       -14.868670722822118
  60.149999999999999       -15.029000644271205
  62.030000000000001       -15.144101664471584
  63.950000000000003       -15.219525622889808
  65.909999999999997       -15.280847884871344
  67.900000000000006       -15.291208407154555
  69.939999999999998       -15.316806699883024
  72.019999999999996       -15.286315950375505
  74.140000000000001       -15.233066439230326
  76.290000000000006       -15.168900587530899


# Temperature: 520.000000
# Parameters: -15.325686 0.405721 4.596207 68.878837
  56.509999999999998       -14.674198370632562
  58.310000000000002       -14.883111367070999
  60.149999999999999       -15.044076157692064
  62.030000000000001       -15.159726551219361
  63.950000000000003       -15.235633253188078
  65.909999999999997       -15.297773715723691
  67.900000000000006       -15.308553969945319
  69.939999999999998       -15.335341710105753
  72.019999999999996       -15.305433816714434
  74.140000000000001       -15.252732549191466
  76.290000000000006       -15.189248496048609


# Temperature: 530.000000
# Parameters: -15.343831 0.404276 4.593899 68.937120
  56.509999999999998       -14.688146373459418
  58.310000000000002       -14.897741826585149
  60.149999999999999       -15.059342548715188
  62.030000000000001       -15.175543022412167
  63.950000000000003       -15.251933155082043
  65.909999999999997       -15.314892832833117
  67.900000000000006       -15.326093216980871
  69.939999999999998       -15.354071500075914
  72.019999999999996       -15.324746813112895
  74.140000000000001       -15.272593980951012
  76.290000000000006       -15.209792131607420


# Temperature: 540.000000
# Parameters: -15.362187 0.402835 4.591563 68.995689
  56.509999999999998       -14.702279777411771
  58.310000000000002       -14.912558839730881
  60.149999999999999       -15.074796497667018
  62.030000000000001       -15.191547722101520
  63.950000000000003       -15.268421935311865
  65.909999999999997       -15.332201786972764
  67.900000000000006       -15.343822678305834
  69.939999999999998       -15.372992540761823
  72.019999999999996       -15.344251391883533
  74.140000000000001       -15.292647176457342
  76.290000000000006       -15.230527917500041


# Temperature: 550.000000
# Parameters: -15.380751 0.401398 4.589191 69.054544
  56.509999999999998       -14.716595485647721
  58.310000000000002       -14.927559250589999
  60.149999999999999       -15.090434796808037
  62.030000000000001       -15.207737406272981
  63.950000000000003       -15.285096316697468
  65.909999999999997       -15.349697250177663
  67.900000000000006       -15.361739006263136
  69.939999999999998       -15.392101427502958
  72.019999999999996       -15.363944130746580
  74.140000000000001       -15.312888705139279
  76.290000000000006       -15.251452398281062


# Temperature: 560.000000
# Parameters: -15.399518 0.399966 4.586783 69.113683
  56.509999999999998       -14.731090496676593
  58.310000000000002       -14.942740001704804
  60.149999999999999       -15.106254339968510
  62.030000000000001       -15.224108935591172
  63.950000000000003       -15.301953127774253
  65.909999999999997       -15.367376004344033
  67.900000000000006       -15.379838962020468
  69.939999999999998       -15.411394871718551
  72.019999999999996       -15.383821726611295
  74.140000000000001       -15.333315251468967
  76.290000000000006       -15.272562242876228


# Temperature: 570.000000
# Parameters: -15.418487 0.398537 4.584355 69.173103
  56.509999999999998       -14.745761901249658
  58.310000000000002       -14.958098130968821
  60.149999999999999       -15.122252117366351
  62.030000000000001       -15.240659271254069
  63.950000000000003       -15.318989300720263
  65.909999999999997       -15.385234937083581
  67.900000000000006       -15.398119416606718
  69.939999999999998       -15.430869697798300
  72.019999999999996       -15.403880984175277
  74.140000000000001       -15.353923614961873
  76.290000000000006       -15.293854231108911


# Temperature: 580.000000
# Parameters: -15.437655 0.397113 4.581895 69.232805
  56.509999999999998       -14.760606877177993
  58.310000000000002       -14.973630767481096
  60.149999999999999       -15.138425218716401
  62.030000000000001       -15.257385471883724
  63.950000000000003       -15.336201866174040
  65.909999999999997       -15.403271037577795
  67.900000000000006       -15.416577344693403
  69.939999999999998       -15.450522832738114
  72.019999999999996       -15.424118819033744
  74.140000000000001       -15.374710702921806
  76.290000000000006       -15.315325252663669


# Temperature: 590.000000
# Parameters: -15.457018 0.395693 4.579409 69.292786
  56.509999999999998       -14.775622687259643
  58.310000000000002       -14.989335128436906
  60.149999999999999       -15.154770818720465
  62.030000000000001       -15.274284687307709
  63.950000000000003       -15.353587947016065
  65.909999999999997       -15.421481391395814
  67.900000000000006       -15.435209815266839
  69.939999999999998       -15.470351305103680
  72.019999999999996       -15.444532247315271
  74.140000000000001       -15.395673521113073
  76.290000000000006       -15.336972299831269


# Temperature: 600.000000
# Parameters: -15.476574 0.394276 4.576905 69.353046
  56.509999999999998       -14.790806674097476
  58.310000000000002       -15.005208512909219
  60.149999999999999       -15.171286180176581
  62.030000000000001       -15.291354155449833
  63.950000000000003       -15.371144757332344
  65.909999999999997       -15.439863176348714
  67.900000000000006       -15.454013991628139
  69.939999999999998       -15.490352239848336
  72.019999999999996       -15.465118378426798
  74.140000000000001       -15.416809175833340
  76.290000000000006       -15.358792463362976


# Temperature: 610.000000
# Parameters: -15.496320 0.392865 4.574359 69.413584
  56.509999999999998       -14.806156258026336
  58.310000000000002       -15.021248302885102
  60.149999999999999       -15.187968649833326
  62.030000000000001       -15.308591199220862
  63.950000000000003       -15.388869596195839
  65.909999999999997       -15.458413657307394
  67.900000000000006       -15.472987127247507
  69.939999999999998       -15.510522852094514
  72.019999999999996       -15.485874418162918
  74.140000000000001       -15.438114864585785
  76.290000000000006       -15.380782928324860


# Temperature: 620.000000
# Parameters: -15.516254 0.391457 4.571792 69.474400
  56.509999999999998       -14.821668935040190
  58.310000000000002       -15.037451954974321
  60.149999999999999       -15.204815650098396
  62.030000000000001       -15.325993218227115
  63.950000000000003       -15.406759844557193
  65.909999999999997       -15.477130184129706
  67.900000000000006       -15.492126558509254
  69.939999999999998       -15.530860445060879
  72.019999999999996       -15.506797657305187
  74.140000000000001       -15.459587872969834
  76.290000000000006       -15.402940965806373


# Temperature: 630.000000
# Parameters: -15.536372 0.390054 4.569198 69.535492
  56.509999999999998       -14.837342269537142
  58.310000000000002       -15.053816999372915
  60.149999999999999       -15.221824682147890
  62.030000000000001       -15.343557694989016
  63.950000000000003       -15.424812962135453
  65.909999999999997       -15.496010185441904
  67.900000000000006       -15.511429702638944
  69.939999999999998       -15.551362404880209
  72.019999999999996       -15.527885472658538
  74.140000000000001       -15.481225571571862
  76.290000000000006       -15.425263933956776


# Temperature: 640.000000
# Parameters: -15.556674 0.388655 4.566590 69.596860
  56.509999999999998       -14.853173896392292
  58.310000000000002       -15.070341037790334
  60.149999999999999       -15.238993318671323
  62.030000000000001       -15.361282179394705
  63.950000000000003       -15.443026481199508
  65.909999999999997       -15.515051168638644
  67.900000000000006       -15.530894055630547
  69.939999999999998       -15.572026195417251
  72.019999999999996       -15.549135318759886
  74.140000000000001       -15.503025408710227
  76.290000000000006       -15.447749273839442


# Temperature: 650.000000
# Parameters: -15.577155 0.387260 4.563941 69.658503
  56.509999999999998       -14.869161517848445
  58.310000000000002       -15.087021739303745
  60.149999999999999       -15.256319199725926
  62.030000000000001       -15.379164295955009
  63.950000000000003       -15.461398009677367
  65.909999999999997       -15.534250713664429
  67.900000000000006       -15.550517186027871
  69.939999999999998       -15.592849359305161
  72.019999999999996       -15.570544726841693
  74.140000000000001       -15.524984913544539
  76.290000000000006       -15.470394500104012


# Temperature: 660.000000
# Parameters: -15.597815 0.385870 4.561259 69.720422
  56.509999999999998       -14.885302895224712
  58.310000000000002       -15.103856837248749
  60.149999999999999       -15.273800033773062
  62.030000000000001       -15.397201736548480
  63.950000000000003       -15.479925220791904
  65.909999999999997       -15.553606468867896
  67.900000000000006       -15.570296734924574
  69.939999999999998       -15.613829509654082
  72.019999999999996       -15.592111303795548
  74.140000000000001       -15.547101684674972
  76.290000000000006       -15.493197203059250


# Temperature: 670.000000
# Parameters: -15.618651 0.384484 4.558557 69.782615
  56.509999999999998       -14.901595853062208
  58.310000000000002       -15.120844128182947
  60.149999999999999       -15.291433594568957
  62.030000000000001       -15.415392257312091
  63.950000000000003       -15.498605856170125
  65.909999999999997       -15.573116153074675
  67.900000000000006       -15.590230410782016
  69.939999999999998       -15.634964329014720
  72.019999999999996       -15.613832723880744
  74.140000000000001       -15.569373394287972
  76.290000000000006       -15.516155045563764


# Temperature: 680.000000
# Parameters: -15.639660 0.383102 4.555836 69.845082
  56.509999999999998       -14.918038274978354
  58.310000000000002       -15.137981469813102
  60.149999999999999       -15.309217714946142
  62.030000000000001       -15.433733675531975
  63.950000000000003       -15.517437717551768
  65.909999999999997       -15.592777547295977
  67.900000000000006       -15.610315985283577
  69.939999999999998       -15.656251566269068
  72.019999999999996       -15.635706727687865
  74.140000000000001       -15.591797779864839
  76.290000000000006       -15.539265755771019


# Temperature: 690.000000
# Parameters: -15.660841 0.381726 4.553068 69.907824
  56.509999999999998       -14.934628099521159
  58.310000000000002       -15.155266774776566
  60.149999999999999       -15.327150287849866
  62.030000000000001       -15.452223869643419
  63.950000000000003       -15.536418669898579
  65.909999999999997       -15.612588494728591
  67.900000000000006       -15.630551295407486
  69.939999999999998       -15.677689036630408
  72.019999999999996       -15.657731124211633
  74.140000000000001       -15.614372642108886
  76.290000000000006       -15.562527128165769


# Temperature: 700.000000
# Parameters: -15.682192 0.380353 4.550294 69.970839
  56.509999999999998       -14.951363319132810
  58.310000000000002       -15.172698013750569
  60.149999999999999       -15.345229261155984
  62.030000000000001       -15.470860776121581
  63.950000000000003       -15.555546636212174
  65.909999999999997       -15.632546898682037
  67.900000000000006       -15.650934236171850
  69.939999999999998       -15.699274613351891
  72.019999999999996       -15.679903778413792
  74.140000000000001       -15.637095847018285
  76.290000000000006       -15.585937017345493


# Temperature: 710.000000
# Parameters: -15.703710 0.378984 4.547499 70.034127
  56.509999999999998       -14.968241980149656
  58.310000000000002       -15.190273210270087
  60.149999999999999       -15.363452640780219
  62.030000000000001       -15.489642385335795
  63.950000000000003       -15.574819594424767
  65.909999999999997       -15.652650719469280
  67.900000000000006       -15.671462759598224
  69.939999999999998       -15.721006228762976
  72.019999999999996       -15.702222618478091
  74.140000000000001       -15.659965316558225
  76.290000000000006       -15.609493341129678


# Temperature: 720.000000
# Parameters: -15.725394 0.377620 4.544662 70.097689
  56.509999999999998       -14.985262177620092
  58.310000000000002       -15.207990436582129
  60.149999999999999       -15.381818481350335
  62.030000000000001       -15.508566741549560
  63.950000000000003       -15.594235577399170
  65.909999999999997       -15.672897971297457
  67.900000000000006       -15.692134874711616
  69.939999999999998       -15.742881873232990
  72.019999999999996       -15.724685626482449
  74.140000000000001       -15.682979031770200
  76.290000000000006       -15.633194071231982


# Temperature: 730.000000
# Parameters: -15.747241 0.376261 4.541802 70.161523
  56.509999999999998       -15.002422053231689
  58.310000000000002       -15.225847817791449
  60.149999999999999       -15.400324889315412
  62.030000000000001       -15.527631938774839
  63.950000000000003       -15.613792668783081
  65.909999999999997       -15.693286723304299
  67.900000000000006       -15.712948641321919
  69.939999999999998       -15.764899589989010
  72.019999999999996       -15.747290840471809
  74.140000000000001       -15.706135025517021
  76.290000000000006       -15.657037235333082


# Temperature: 740.000000
# Parameters: -15.769251 0.374906 4.538915 70.225631
  56.509999999999998       -15.019719799456915
  58.310000000000002       -15.243843525641987
  60.149999999999999       -15.418970020872994
  62.030000000000001       -15.546836122844912
  63.950000000000003       -15.633489000936242
  65.909999999999997       -15.713815091266722
  67.900000000000006       -15.733902173133195
  69.939999999999998       -15.787057473042998
  72.019999999999996       -15.770036350312431
  74.140000000000001       -15.729431384555667
  76.290000000000006       -15.681020915007826


# Temperature: 750.000000
# Parameters: -15.791421 0.373556 4.536010 70.290012
  56.509999999999998       -15.037153650225292
  58.310000000000002       -15.261975777480442
  60.149999999999999       -15.437752075750533
  62.030000000000001       -15.566177484159395
  63.950000000000003       -15.653322757003279
  65.909999999999997       -15.734481242782964
  67.900000000000006       -15.754993629452272
  69.939999999999998       -15.809353667191807
  72.019999999999996       -15.792920295619036
  74.140000000000001       -15.752866247464436
  76.290000000000006       -15.705143240543100


# Temperature: 760.000000
# Parameters: -15.813750 0.372210 4.533079 70.354665
  56.509999999999998       -15.054721885069096
  58.310000000000002       -15.280242834183419
  60.149999999999999       -15.456669303423944
  62.030000000000001       -15.585654259757087
  63.950000000000003       -15.673292162622303
  65.909999999999997       -15.755283391054016
  67.900000000000006       -15.776221218298009
  69.939999999999998       -15.831786366980761
  72.019999999999996       -15.815940864718383
  74.140000000000001       -15.776437798424380
  76.290000000000006       -15.729402391974254


# Temperature: 770.000000
# Parameters: -15.836236 0.370869 4.530119 70.419592
  56.509999999999998       -15.072422822904809
  58.310000000000002       -15.298642999121000
  60.149999999999999       -15.475719991716915
  62.030000000000001       -15.605264730206692
  63.950000000000003       -15.693395491107037
  65.909999999999997       -15.776219794883630
  67.900000000000006       -15.797583193292027
  69.939999999999998       -15.854353810485080
  72.019999999999996       -15.839096292576425
  74.140000000000001       -15.800144270328598
  76.290000000000006       -15.753796595975825


# Temperature: 780.000000
# Parameters: -15.858877 0.369532 4.527131 70.484792
  56.509999999999998       -15.090254824105960
  58.310000000000002       -15.317174619193178
  60.149999999999999       -15.494902475092321
  62.030000000000001       -15.625007219606820
  63.950000000000003       -15.713631057228250
  65.909999999999997       -15.797288756605464
  67.900000000000006       -15.819077851585851
  69.939999999999998       -15.877054280346325
  72.019999999999996       -15.862384856652580
  74.140000000000001       -15.823983938563659
  76.290000000000006       -15.778324123788680


# Temperature: 790.000000
# Parameters: -15.881671 0.368200 4.524113 70.550264
  56.509999999999998       -15.108216289466712
  58.310000000000002       -15.335836078611292
  60.149999999999999       -15.514215123251534
  62.030000000000001       -15.644880091440285
  63.950000000000003       -15.733997215140921
  65.909999999999997       -15.818488620010230
  67.900000000000006       -15.840703531788064
  69.939999999999998       -15.899886103772385
  72.019999999999996       -15.885804880009040
  74.140000000000001       -15.847955124118897
  76.290000000000006       -15.802983290183594


# Temperature: 800.000000
# Parameters: -15.904618 0.366873 4.521074 70.616009
  56.509999999999998       -15.126305656056148
  58.310000000000002       -15.354625800970881
  60.149999999999999       -15.533656348389400
  62.030000000000001       -15.664881748574100
  63.950000000000003       -15.754492362529929
  65.909999999999997       -15.839817769309267
  67.900000000000006       -15.862458615000723
  69.939999999999998       -15.922847648391778
  72.019999999999996       -15.909354726128612
  74.140000000000001       -15.872056187367845
  76.290000000000006       -15.827772453461245


# Temperature: 810.000000
# Parameters: -15.927716 0.365550 4.518004 70.682027
  56.509999999999998       -15.144521395145420
  58.310000000000002       -15.373542246142406
  60.149999999999999       -15.553224601048548
  62.030000000000001       -15.685010633259477
  63.950000000000003       -15.775114931282227
  65.909999999999997       -15.861274626025260
  67.900000000000006       -15.884341518600809
  69.939999999999998       -15.945937320180796
  72.019999999999996       -15.933032797878312
  74.140000000000001       -15.896285530141087
  76.290000000000006       -15.852690009233665


# Temperature: 820.000000
# Parameters: -15.950963 0.364232 4.514908 70.748318
  56.509999999999998       -15.162862018426303
  58.310000000000002       -15.392583911307678
  60.149999999999999       -15.572918363900815
  62.030000000000001       -15.705265222986128
  63.950000000000003       -15.795863394741815
  65.909999999999997       -15.882857653137952
  67.900000000000006       -15.906350700385934
  69.939999999999998       -15.969153565536358
  72.019999999999996       -15.956837537509351
  74.140000000000001       -15.920641592616990
  76.290000000000006       -15.877734394569933


# Temperature: 830.000000
# Parameters: -15.974357 0.362919 4.511795 70.814882
  56.509999999999998       -15.181326065574087
  58.310000000000002       -15.411749325777722
  60.149999999999999       -15.592736159002246
  62.030000000000001       -15.725644031518682
  63.950000000000003       -15.816736256309065
  65.909999999999997       -15.904565345756300
  67.900000000000006       -15.928484651319348
  69.939999999999998       -15.992494867130304
  72.019999999999996       -15.980767423547867
  74.140000000000001       -15.945122851248831
  76.290000000000006       -15.902904080741202


# Temperature: 840.000000
# Parameters: -15.997898 0.361610 4.508641 70.881719
  56.509999999999998       -15.199912114611839
  58.310000000000002       -15.431037054102060
  60.149999999999999       -15.612676540538098
  62.030000000000001       -15.746145605787413
  63.950000000000003       -15.837732060841397
  65.909999999999997       -15.926396236300608
  67.900000000000006       -15.950741901748502
  69.939999999999998       -16.015959741836546
  72.019999999999996       -16.004820971831343
  74.140000000000001       -15.969727819801244
  76.290000000000006       -15.928197578402823


# Temperature: 850.000000
# Parameters: -16.021584 0.360307 4.505462 70.948830
  56.509999999999998       -15.218618770509705
  58.310000000000002       -15.450445691923003
  60.149999999999999       -15.632738093786418
  62.030000000000001       -15.766768525888239
  63.950000000000003       -15.858849380143313
  65.909999999999997       -15.948348890356826
  67.900000000000006       -15.973121012077216
  69.939999999999998       -16.039546741767488
  72.019999999999996       -16.028996731362906
  74.140000000000001       -15.994455046240930
  76.290000000000006       -15.953613432412219


# Temperature: 860.000000
# Parameters: -16.045414 0.359008 4.502264 71.016213
  56.509999999999998       -15.237444672439906
  58.310000000000002       -15.469973868048507
  60.149999999999999       -15.652919438227327
  62.030000000000001       -15.787511406119144
  63.950000000000003       -15.880086822294247
  65.909999999999997       -15.970421905640116
  67.900000000000006       -15.995620578984227
  69.939999999999998       -16.063254454274031
  72.019999999999996       -16.053293284311327
  74.140000000000001       -16.019303110663802
  76.290000000000006       -15.979150218719600


# Temperature: 870.000000
# Parameters: -16.069386 0.357713 4.499044 71.083871
  56.509999999999998       -15.256388487558167
  58.310000000000002       -15.489620240306465
  60.149999999999999       -15.673219224433732
  62.030000000000001       -15.808372888761628
  63.950000000000003       -15.901443024393561
  65.909999999999997       -15.992613913031285
  67.900000000000006       -16.018239227131780
  69.939999999999998       -16.087081496763439
  72.019999999999996       -16.077709246011011
  74.140000000000001       -16.044270626331425
  76.290000000000006       -16.004806548513674


# Temperature: 880.000000
# Parameters: -16.093499 0.356424 4.495783 71.151801
  56.509999999999998       -15.275448913076586
  58.310000000000002       -15.509383493471852
  60.149999999999999       -15.693636128889196
  62.030000000000001       -15.829351648226401
  63.950000000000003       -15.922916654633413
  65.909999999999997       -16.014923572431080
  67.900000000000006       -16.040975614347772
  69.939999999999998       -16.111026517735773
  72.019999999999996       -16.102243262889171
  74.140000000000001       -16.069356239670999
  76.290000000000006       -16.030581063039509


# Temperature: 890.000000
# Parameters: -16.117752 0.355139 4.492503 71.220005
  56.509999999999998       -15.294624672117910
  58.310000000000002       -15.529262346521714
  60.149999999999999       -15.714168860206504
  62.030000000000001       -15.850446384834838
  63.950000000000003       -15.944506411262317
  65.909999999999997       -16.037349572760185
  67.900000000000006       -16.063828427480033
  69.939999999999998       -16.135088195747443
  72.019999999999996       -16.126894011429364
  74.140000000000001       -16.094558624056809
  76.290000000000006       -16.056472434634969


# Temperature: 900.000000
# Parameters: -16.142144 0.353860 4.489194 71.288483
  56.509999999999998       -15.313914517861257
  58.310000000000002       -15.549255539161626
  60.149999999999999       -15.734816153945523
  62.030000000000001       -15.871655831037526
  63.950000000000003       -15.966211019475884
  65.909999999999997       -16.059890632995639
  67.900000000000006       -16.086796383432755
  69.939999999999998       -16.159265238374815
  72.019999999999996       -16.151660196098675
  74.140000000000001       -16.119876483955935
  76.290000000000006       -16.082479364657853


# Temperature: 910.000000
# Parameters: -16.166673 0.352584 4.485878 71.357236
  56.509999999999998       -15.333317226287120
  58.310000000000002       -15.569361842189949
  60.149999999999999       -15.755576771576779
  62.030000000000001       -15.892978743122860
  63.950000000000003       -15.988029231416798
  65.909999999999997       -16.082545500098007
  67.900000000000006       -16.109878223984360
  69.939999999999998       -16.183556383250600
  72.019999999999996       -16.176540551420540
  74.140000000000001       -16.145308552855390
  76.290000000000006       -16.108600583485892


# Temperature: 920.000000
# Parameters: -16.191339 0.351315 4.482485 71.426259
  56.509999999999998       -15.352831601359506
  58.310000000000002       -15.589580050242851
  60.149999999999999       -15.776449502554311
  62.030000000000001       -15.914413905362744
  63.950000000000003       -16.009959826174835
  65.909999999999997       -16.105312944865648
  67.900000000000006       -16.133072719933217
  69.939999999999998       -16.207960392881755
  72.019999999999996       -16.201533838865487
  74.140000000000001       -16.170853589116422
  76.290000000000006       -16.134834847407486


# Temperature: 930.000000
# Parameters: -16.216140 0.350050 4.479102 71.495559
  56.509999999999998       -15.372456470880227
  58.310000000000002       -15.609908984903587
  60.149999999999999       -15.797433160169959
  62.030000000000001       -15.935960126903318
  63.950000000000003       -16.032001609786850
  65.909999999999997       -16.128191768153290
  67.900000000000006       -16.156378667988342
  69.939999999999998       -16.232476056722319
  72.019999999999996       -16.226638845814698
  74.140000000000001       -16.196510380120216
  76.290000000000006       -16.161180939658109


# Temperature: 940.000000
# Parameters: -16.241075 0.348790 4.475674 71.565131
  56.509999999999998       -15.392190686488897
  58.310000000000002       -15.630347489520364
  60.149999999999999       -15.818526581553371
  62.030000000000001       -15.957616241764947
  63.950000000000003       -16.054153412127512
  65.909999999999997       -16.151180792580611
  67.900000000000006       -16.179794889732992
  69.939999999999998       -16.257102190136983
  72.019999999999996       -16.251854383487164
  74.140000000000001       -16.222277737085761
  76.290000000000006       -16.187637671456756


# Temperature: 950.000000
# Parameters: -16.266143 0.347535 4.472234 71.634979
  56.509999999999998       -15.412033123662944
  58.310000000000002       -15.650894431279195
  60.149999999999999       -15.839728629744858
  62.030000000000001       -15.979381106769385
  63.950000000000003       -16.076414085872862
  65.909999999999997       -16.174278866677952
  67.900000000000006       -16.203320229551800
  69.939999999999998       -16.281837633364677
  72.019999999999996       -16.277179292121815
  74.140000000000001       -16.248154497142707
  76.290000000000006       -16.214203875787366


# Temperature: 960.000000
# Parameters: -16.291343 0.346285 4.468756 71.705100
  56.509999999999998       -15.431982678608314
  58.310000000000002       -15.671548702240322
  60.149999999999999       -15.861038189549678
  62.030000000000001       -16.001253604649037
  63.950000000000003       -16.098782509609602
  65.909999999999997       -16.197484862813457
  67.900000000000006       -16.226953559812909
  69.939999999999998       -16.306681248409280
  72.019999999999996       -16.302612432686104
  74.140000000000001       -16.274139521258508
  76.290000000000006       -16.240878412580969


# Temperature: 970.000000
# Parameters: -16.316675 0.345040 4.465245 71.775494
  56.509999999999998       -15.452038271368766
  58.310000000000002       -15.692309215192520
  60.149999999999999       -15.882454167538043
  62.030000000000001       -16.023232637828414
  63.950000000000003       -16.121257582652966
  65.909999999999997       -16.220797675120220
  67.900000000000006       -16.250693770503712
  69.939999999999998       -16.331631924221760
  72.019999999999996       -16.328152689985291
  74.140000000000001       -16.300231693201994
  76.290000000000006       -16.267660163533545


# Temperature: 980.000000
# Parameters: -16.342136 0.343800 4.461719 71.846164
  56.509999999999998       -15.472198842716578
  58.310000000000002       -15.713174903653082
  60.149999999999999       -15.903975493081548
  62.030000000000001       -16.045317132569824
  63.950000000000003       -16.143838228155978
  65.909999999999997       -16.244216219496295
  67.900000000000006       -16.274539777522257
  69.939999999999998       -16.356688569445183
  72.019999999999996       -16.353798971626016
  74.140000000000001       -16.326429920579812
  76.290000000000006       -16.294548033142455


# Temperature: 990.000000
# Parameters: -16.367725 0.342564 4.458173 71.917110
  56.509999999999998       -15.492463353116138
  58.310000000000002       -15.734144723940689
  60.149999999999999       -15.925601116280312
  62.030000000000001       -16.067506034827684
  63.950000000000003       -16.166523387927356
  65.909999999999997       -16.267739436713963
  67.900000000000006       -16.298490518531548
  69.939999999999998       -16.381850115523992
  72.019999999999996       -16.379550209052727
  74.140000000000001       -16.352733131727121
  76.290000000000006       -16.321540948706442


# Temperature: 1000.000000
# Parameters: -16.393443 0.341335 4.454564 71.988325
  56.509999999999998       -15.512830783760352
  58.310000000000002       -15.755217649993266
  60.149999999999999       -15.947330007962979
  62.030000000000001       -16.089798312321363
  63.950000000000003       -16.189312026577188
  65.909999999999997       -16.291366285164752
  67.900000000000006       -16.322544950886691
  69.939999999999998       -16.407115514631162
  72.019999999999996       -16.405405351329112
  74.140000000000001       -16.379140276744046
  76.290000000000006       -16.348637858252768


