   0.000000000000000        -0.004761267169276
  10.000000000000000        -0.004761202810015
  20.000000000000000        -0.004760231145077
  30.000000000000000        -0.004754948783331
  40.000000000000000        -0.004738597395593
  50.000000000000000        -0.004704890547315
  60.000000000000000        -0.004650559788777
  70.000000000000000        -0.004575008606328
  80.000000000000000        -0.004479229971120
  90.000000000000000        -0.004364972489133
 100.000000000000000        -0.004234238037767
 110.000000000000000        -0.004088990152576
 120.000000000000000        -0.003931042409519
 130.000000000000000        -0.003761997443940
 140.000000000000000        -0.003583243608298
 150.000000000000000        -0.003395972558062
 160.000000000000000        -0.003201195758303
 170.000000000000000        -0.002999775990129
 180.000000000000000        -0.002792439779285
 190.000000000000000        -0.002579806330432
 200.000000000000000        -0.002362404302202
 210.000000000000000        -0.002140685311983
 220.000000000000000        -0.001915034120426
 230.000000000000000        -0.001685778160975
 240.000000000000000        -0.001453209289052
 250.000000000000000        -0.001217571423912
 260.000000000000000        -0.000979081548044
 270.000000000000000        -0.000737925222070
 280.000000000000000        -0.000494266629270
 290.000000000000000        -0.000248250882722
 300.000000000000000         0.000000000000000
 310.000000000000000         0.000250370357586
 320.000000000000000         0.000502757486295
 330.000000000000000         0.000757086395052
 340.000000000000000         0.001013267414898
 350.000000000000000         0.001271235858185
 360.000000000000000         0.001530927208795
 370.000000000000000         0.001792290900487
 380.000000000000000         0.002055268667740
 390.000000000000000         0.002319821978414
 400.000000000000000         0.002585906414180
 410.000000000000000         0.002853487508330
 420.000000000000000         0.003122532236294
 430.000000000000000         0.003393008689873
 440.000000000000000         0.003664891603733
 450.000000000000000         0.003938154467352
 460.000000000000000         0.004212773003731
 470.000000000000000         0.004488731359033
 480.000000000000000         0.004766006616087
 490.000000000000000         0.005044584017244
 500.000000000000000         0.005324446479432
 510.000000000000000         0.005605579449569
 520.000000000000000         0.005887969133126
 530.000000000000000         0.006171604036074
 540.000000000000000         0.006456471903123
 550.000000000000000         0.006742566943507
 560.000000000000000         0.007029879117339
 570.000000000000000         0.007318394670095
 580.000000000000000         0.007608108209293
 590.000000000000000         0.007899012038198
 600.000000000000000         0.008191096924948
 610.000000000000000         0.008484363661429
 620.000000000000000         0.008778800105346
 630.000000000000000         0.009074402474891
 640.000000000000000         0.009371163143515
 650.000000000000000         0.009669083748792
 660.000000000000000         0.009968157501059
 670.000000000000000         0.010268377324220
 680.000000000000000         0.010569740856690
 690.000000000000000         0.010872248004899
 700.000000000000000         0.011175889114469
 710.000000000000000         0.011480664255609
 720.000000000000000         0.011786572115906
 730.000000000000000         0.012093608030145
 740.000000000000000         0.012401769899665
 750.000000000000000         0.012711055081113
 760.000000000000000         0.013021461106441
 770.000000000000000         0.013332986971683
 780.000000000000000         0.013645628563217
 790.000000000000000         0.013959384564471
 800.000000000000000         0.014274253280781
 810.000000000000000         0.014590232600954
 820.000000000000000         0.014907320419515
 830.000000000000000         0.015225515562338
 840.000000000000000         0.015544815178193
 850.000000000000000         0.015865217554427
 860.000000000000000         0.016186720890785
 870.000000000000000         0.016509327658643
 880.000000000000000         0.016833029584092
 890.000000000000000         0.017157826536278
 900.000000000000000         0.017483719040899
 910.000000000000000         0.017810713992466
 920.000000000000000         0.018138779079747
 930.000000000000000         0.018467950875263
 940.000000000000000         0.018798198414247
 950.000000000000000         0.019129540789057
 960.000000000000000         0.019461962613236
 970.000000000000000         0.019795462831722
 980.000000000000000         0.020130048165212
 990.000000000000000         0.020465720747179
1000.000000000000000         0.020802444196289
