        0.000000000000000        66.714275323309835
       10.000000000000000        66.714288265978510
       20.000000000000000        66.714483668322984
       30.000000000000000        66.715545960801322
       40.000000000000000        66.718834325857912
       50.000000000000000        66.725613322163369
       60.000000000000000        66.736541089361438
       70.000000000000000        66.751738990043947
       80.000000000000000        66.771009168202596
       90.000000000000000        66.794002047636653
      100.000000000000000        66.820317184113847
      110.000000000000000        66.849561789314080
      120.000000000000000        66.881373101677752
      130.000000000000000        66.915430618060967
      140.000000000000000        66.951456757003498
      150.000000000000000        66.989213326682403
      160.000000000000000        67.028498221667419
      170.000000000000000        67.069139099565504
      180.000000000000000        67.110990905295793
      190.000000000000000        67.153930063669634
      200.000000000000000        67.197851120427686
      210.000000000000000        67.242664040151439
      220.000000000000000        67.288292171905454
      230.000000000000000        67.334670344477914
      240.000000000000000        67.381740484611612
      250.000000000000000        67.429454132332808
      260.000000000000000        67.477768205188141
      270.000000000000000        67.526645917723357
      280.000000000000000        67.576054757246283
      290.000000000000000        67.625966024342759
      300.000000000000000        67.676355658095645
      310.000000000000000        67.727200846197633
      320.000000000000000        67.778481368713187
      330.000000000000000        67.830182604031847
      340.000000000000000        67.882286918490550
      350.000000000000000        67.934781730535960
      360.000000000000000        67.987654470695318
      370.000000000000000        68.040895388633515
      380.000000000000000        68.094493146665386
      390.000000000000000        68.148440410761395
      400.000000000000000        68.202728632391398
      410.000000000000000        68.257351278980991
      420.000000000000000        68.312302100602167
      430.000000000000000        68.367575063964324
      440.000000000000000        68.423165483110026
      450.000000000000000        68.479068408781600
      460.000000000000000        68.535279339818516
      470.000000000000000        68.591795492245268
      480.000000000000000        68.648612629647332
      490.000000000000000        68.705728181011011
      500.000000000000000        68.763139093780850
      510.000000000000000        68.820842829316049
      520.000000000000000        68.878837000358942
      530.000000000000000        68.937119688331762
      540.000000000000000        68.995688814925430
      550.000000000000000        69.054543628488688
      560.000000000000000        69.113682501890395
      570.000000000000000        69.173103040095313
      580.000000000000000        69.232804567278976
      590.000000000000000        69.292785931821058
      600.000000000000000        69.353045663625480
      610.000000000000000        69.413584359940145
      620.000000000000000        69.474399948030694
      630.000000000000000        69.535492079612951
      640.000000000000000        69.596859611200173
      650.000000000000000        69.658503314934435
      660.000000000000000        69.720422220405794
      670.000000000000000        69.782615296412473
      680.000000000000000        69.845082487664897
      690.000000000000000        69.907824210109467
      700.000000000000000        69.970838896758892
      710.000000000000000        70.034126997627325
      720.000000000000000        70.097688677234743
      730.000000000000000        70.161523404000519
      740.000000000000000        70.225631179911289
      750.000000000000000        70.290011894296867
      760.000000000000000        70.354665473488083
      770.000000000000000        70.419592149599481
      780.000000000000000        70.484791507345491
      790.000000000000000        70.550263714976310
      800.000000000000000        70.616008862892670
      810.000000000000000        70.682026955361323
      820.000000000000000        70.748317998541566
      830.000000000000000        70.814882194176320
      840.000000000000000        70.881719394012521
      850.000000000000000        70.948829688638156
      860.000000000000000        71.016213151150438
      870.000000000000000        71.083870751607449
      880.000000000000000        71.151801207496931
      890.000000000000000        71.220004944153587
      900.000000000000000        71.288482526608192
      910.000000000000000        71.357235861468965
      920.000000000000000        71.426258609565551
      930.000000000000000        71.495558922669161
      940.000000000000000        71.565130741834039
      950.000000000000000        71.634978548546329
      960.000000000000000        71.705099561194061
      970.000000000000000        71.775494017475907
      980.000000000000000        71.846163799147746
      990.000000000000000        71.917109823590991
     1000.000000000000000        71.988324862794670
