   1  32   1   0  0.1645056E+02  0.1000000E-03
  CAR 
 unknown system                          
   0   0   0
   1   1
 256 256 256
 256
  0.1000000E-09
  0.6250000E-11
   0
  0.5000000E-15  0.8074400E-09  0.8074400E-09  0.8074400E-09
  0.0000000E+00  0.0000000E+00
  0.000
  0.000
  0.000
  0.000
  0.000
  0.000
  0.000
  0.000
  0.000
  0.000
  0.000
  0.000
  0.000
  0.000
  0.000
  0.000
  0.000
  0.000
  0.000
  0.000
  0.000
  0.000
  0.000
  0.000
  0.000
  0.000
  0.000
  0.000
  0.000
  0.000
  0.000
  0.000
  0.000
  0.000
  0.000
  0.000
  0.000
  0.000
  0.000
  0.000
  0.000
  0.000
  0.000
  0.000
  0.000
 31.079
  0.000
  0.000
  0.000
  0.000
  0.000
  0.000
  0.000
  0.000
  0.000
  0.000
  0.000
  0.000
  0.000
  0.000
  0.000
  0.000
  0.000
  0.000
  7.733
  0.000
  0.000
  0.000
  0.000
  0.000
  0.000
  0.000
  0.000
  0.000
  0.000
  0.000
  0.000
  0.000
  0.218
 20.149
  0.000
  0.000
  0.000
  0.000
  0.000
  0.000
  0.000
  0.000
  0.000
  0.000
  0.000
  7.685
  0.000
  0.000
  0.000
  0.000
  0.000
  0.000
  0.000
  0.000
  0.000
  0.130
 12.121
  0.000
  0.000
  0.000
  0.000
  0.000
  0.000
  0.000
  0.000
  3.450
  0.000
  0.000
  0.000
  0.000
  0.000
  0.000
  0.000
  0.000
 17.725
  0.000
  0.000
  0.000
  0.000
  0.000
  0.000
  0.000
  0.000
  0.000
  0.000
  0.000
  0.000
  0.000
  0.000
  0.000
  0.288
  9.926
  0.000
  0.000
  0.000
  0.000
  0.000
  0.000
  6.163
  0.000
  0.000
  0.000
  0.000
  0.000
  0.000
  5.607
  0.000
  0.000
  0.000
  0.000
  0.000
  0.000
  5.123
  0.000
  0.000
  0.000
  0.000
  0.000
 14.267
  0.000
  0.000
  0.000
  0.000
  0.000
  0.000
  0.000
  0.000
  0.000
  0.000
  0.000
  8.176
  0.085
  0.000
  0.000
  0.000
  0.000
  0.000
  0.000
  0.000
  0.000
  0.000
  0.000
  7.243
  0.000
  0.000
  0.000
  0.000
  4.296
  0.000
  0.000
  0.000
  0.000
  0.102
  9.599
  0.000
  0.000
  0.000
  0.000
  3.077
  0.000
  0.000
  0.000
  0.000
  5.864
  0.000
  0.000
  0.000
  0.000
  2.797
  0.000
  0.000
  0.000
  0.112
  5.231
  0.000
  0.000
  0.000
  0.000
  0.000
  0.000
  0.000
  0.000
  8.627
  0.000
  0.000
  0.000
  2.356
  0.025
  0.000
  0.000
  0.000
  9.126
  0.000
  0.000
  0.000
  4.413
  0.000
  0.000
  0.000
  2.091
  0.044
  0.000
  0.000
  0.000
  0.000
  0.000
  0.000
  0.000
  7.947
  0.000
