   1  32   1   0  0.1695037E+02  0.1000000E-03
  CAR 
 unknown system                          
   0   0   0
   1   1
 256 256 256
 256
  0.1000000E-09
  0.6250000E-11
   0
  0.5000000E-15  0.8155359E-09  0.8155359E-09  0.8155359E-09
  0.0000000E+00  0.0000000E+00
  0.000
  0.000
  0.000
  0.000
  0.000
  0.000
  0.000
  0.000
  0.000
  0.000
  0.000
  0.000
  0.000
  0.000
  0.000
  0.000
  0.000
  0.000
  0.000
  0.000
  0.000
  0.000
  0.000
  0.000
  0.000
  0.000
  0.000
  0.000
  0.000
  0.000
  0.000
  0.000
  0.000
  0.000
  0.000
  0.000
  0.000
  0.000
  0.000
  0.000
  0.000
  0.000
  0.000
  0.000
  0.000
  0.000
 30.661
  0.000
  0.000
  0.000
  0.000
  0.000
  0.000
  0.000
  0.000
  0.000
  0.000
  0.000
  0.000
  0.000
  0.000
  0.000
  0.000
  0.000
  0.000
  7.727
  0.000
  0.000
  0.000
  0.000
  0.000
  0.000
  0.000
  0.000
  0.000
  0.000
  0.000
  0.000
  0.000
 20.761
  0.213
  0.000
  0.000
  0.000
  0.000
  0.000
  0.000
  0.000
  0.000
  0.000
  0.000
  0.000
  7.749
  0.000
  0.000
  0.000
  0.000
  0.000
  0.000
  0.000
  0.000
  0.000
  0.000
 12.378
  0.000
  0.000
  0.000
  0.000
  0.000
  0.000
  0.000
  0.000
  0.109
  3.324
  0.000
  0.000
  0.000
  0.000
  0.000
  0.000
  0.000
  0.374
 17.304
  0.000
  0.000
  0.000
  0.000
  0.000
  0.000
  0.000
  0.000
  0.000
  0.000
  0.000
  0.000
  0.000
  0.000
  0.000
 10.369
  0.000
  0.000
  0.000
  0.000
  0.000
  0.000
  6.198
  0.064
  0.000
  0.000
  0.000
  0.000
  0.000
  0.178
  5.452
  0.000
  0.000
  0.000
  0.000
  0.000
  5.212
  0.000
  0.000
  0.000
  0.000
  0.000
  0.000
 14.349
  0.000
  0.000
  0.000
  0.000
  0.000
  0.000
  0.000
  0.000
  0.000
  0.000
  0.000
  8.323
  0.000
  0.000
  0.000
  0.000
  0.000
  0.000
  0.000
  0.000
  0.000
  0.000
  0.000
  7.308
  0.000
  0.000
  0.000
  0.000
  4.337
  0.000
  0.000
  0.000
  0.000
  0.103
  9.695
  0.000
  0.000
  0.000
  0.000
  3.110
  0.000
  0.000
  0.000
  0.000
  5.929
  0.000
  0.000
  0.000
  0.000
  2.829
  0.000
  0.000
  0.000
  0.000
  5.405
  0.000
  0.000
  0.000
  0.000
  0.000
  0.000
  0.000
  0.000
  8.735
  0.000
  0.000
  0.000
  0.000
  2.391
  0.000
  0.000
  0.000
  9.247
  0.000
  0.000
  0.000
  0.047
  4.390
  0.000
  0.000
  0.000
  2.147
  0.000
  0.000
  0.000
  0.000
  0.000
  0.000
  0.000
