   1   2   1   0  0.1763494E+02  0.1000000E-03
  CAR 
 unknown system                          
   0   0   0
   1   1
 256 256 256
 256
  0.1000000E-09
  0.6250000E-11
   0
  0.5000000E-15  0.2940234E-09  0.2940234E-09  0.4695812E-09
  0.0000000E+00  0.0000000E+00
  0.000
  0.000
  0.000
  0.000
  0.000
  0.000
  0.000
  0.000
  0.000
  0.000
  0.000
  0.000
  0.000
  0.000
  0.000
  0.000
  0.000
  0.000
  0.000
  0.000
  0.000
  0.000
  0.000
  0.000
  0.000
  0.000
  0.000
  0.000
  0.000
  0.000
  0.000
  0.000
  0.000
  0.000
  0.000
  0.000
  0.000
  0.000
  0.000
  0.000
  0.000
  0.000
  0.000
  0.000
  0.000
  0.000
 15.950
  0.000
  0.000
  0.000
  0.000
  0.000
  0.000
  0.000
  0.000
  0.000
  0.000
  0.000
  0.000
  0.000
  0.000
  0.000
  0.000
  0.000
  0.000
  2.680
  5.199
  0.000
  0.000
  0.000
  0.000
  0.000
  0.000
  0.000
  0.000
  0.000
  0.000
  0.000
  0.000
  0.000
  0.000
 10.384
  0.000
  0.000
  0.000
  0.000
  0.000
  0.000
  0.000
  0.000
  0.000
  0.000
  0.000
  0.000
  0.000
  0.000
  0.000
  0.000
  0.000
  0.000
  0.000
  0.000
  0.000
  0.000
  2.105
  4.131
  0.000
  0.000
  0.000
  0.000
  0.000
  0.000
  0.000
  0.000
  0.877
  4.309
  0.000
  0.000
  0.000
  0.000
  0.000
  0.000
  0.000
  0.000
  5.192
  1.460
  0.000
  0.000
  0.000
  0.000
  0.000
  0.000
  0.000
  3.870
  0.000
  0.000
  0.000
  0.000
  0.000
  0.000
  0.582
  1.148
  0.000
  0.000
  0.000
  0.000
  0.000
  0.000
  2.085
  4.115
  0.000
  0.000
  0.000
  0.000
  0.000
  0.951
  3.286
  0.000
  0.000
  0.000
  0.000
  0.000
  0.000
  2.580
  0.000
  0.000
  0.000
  0.000
  0.000
  1.601
  0.791
  0.000
  0.000
  0.000
  0.000
  0.000
  1.107
  0.000
  0.000
  0.000
  0.000
  0.698
  2.761
  0.683
  0.000
  0.000
  0.000
  0.000
  1.294
  1.601
  0.000
  0.000
  0.000
  0.921
  1.823
  0.902
  0.000
  0.000
  0.000
  1.733
  1.716
  1.699
  0.000
  0.000
  0.000
  0.000
  0.000
  0.000
  0.000
  0.000
  0.519
  2.056
  0.509
  0.000
  0.000
  0.990
  0.736
  0.486
  0.000
  0.239
  0.709
  2.343
  0.929
  0.000
  0.000
  0.904
  1.793
  0.000
  0.000
  0.000
  0.000
  0.215
  0.425
  0.000
  0.418
  0.829
  1.233
  0.000
  0.000
  0.401
  1.590
  1.577
  0.000
  0.000
  0.962
  0.763
  0.000
  0.000
  0.372
  0.369
  1.466
  0.000
  0.000
  0.000
  0.000
  0.000
