   1  32   1   0  0.1904509E+02  0.1000000E-03
  CAR 
 unknown system                          
   0   0   0
   1   1
 256 256 256
 256
  0.1000000E-09
  0.6250000E-11
   0
  0.5000000E-15  0.8478343E-09  0.8478343E-09  0.8478343E-09
  0.0000000E+00  0.0000000E+00
  0.000
  0.000
  0.000
  0.000
  0.000
  0.000
  0.000
  0.000
  0.000
  0.000
  0.000
  0.000
  0.000
  0.000
  0.000
  0.000
  0.000
  0.000
  0.000
  0.000
  0.000
  0.000
  0.000
  0.000
  0.000
  0.000
  0.000
  0.000
  0.000
  0.000
  0.000
  0.000
  0.000
  0.000
  0.000
  0.000
  0.000
  0.000
  0.000
  0.000
  0.000
  0.000
  0.000
  0.000
  0.000
  0.000
  0.000
 32.327
  0.660
  0.000
  0.000
  0.000
  0.000
  0.000
  0.000
  0.000
  0.000
  0.000
  0.000
  0.000
  0.000
  0.000
  0.000
  0.000
  0.000
  0.000
  0.000
  8.175
  0.000
  0.000
  0.000
  0.000
  0.000
  0.000
  0.000
  0.000
  0.000
  0.000
  0.000
  0.000
  0.000
  0.000
  0.228
 21.146
  0.000
  0.000
  0.000
  0.000
  0.000
  0.000
  0.000
  0.000
  0.000
  0.000
  0.000
  7.998
  0.167
  0.000
  0.000
  0.000
  0.000
  0.000
  0.000
  0.000
  0.000
  0.000
  0.000
 12.892
  0.000
  0.000
  0.000
  0.000
  0.000
  0.000
  0.000
  0.000
  0.000
  3.597
  0.000
  0.000
  0.000
  0.000
  0.000
  0.000
  0.000
  0.000
 18.427
  0.191
  0.000
  0.000
  0.000
  0.000
  0.000
  0.000
  0.000
  0.000
  0.000
  0.000
  0.000
  0.000
  0.000
  0.000
  0.000
 10.777
  0.074
  0.000
  0.000
  0.000
  0.000
  0.000
  0.000
  6.491
  0.000
  0.000
  0.000
  0.000
  0.000
  0.000
  0.185
  5.673
  0.000
  0.000
  0.000
  0.000
  0.000
  0.000
  5.374
  0.000
  0.000
  0.000
  0.000
  0.000
 14.760
  0.258
  0.000
  0.000
  0.000
  0.000
  0.000
  0.000
  0.000
  0.000
  0.000
  0.000
  0.000
  8.659
  0.000
  0.000
  0.000
  0.000
  0.000
  0.000
  0.000
  0.000
  0.000
  0.000
  0.000
  7.639
  0.000
  0.000
  0.000
  0.000
  0.000
  4.497
  0.000
  0.000
  0.000
  0.000
  0.178
 10.007
  0.000
  0.000
  0.000
  0.000
  3.238
  0.000
  0.000
  0.000
  0.000
  6.184
  0.000
  0.000
  0.000
  0.000
  2.864
  0.092
  0.000
  0.000
  0.000
  0.177
  5.433
  0.000
  0.000
  0.000
  0.000
  0.000
  0.000
  0.000
  0.000
  9.091
  0.000
  0.000
  0.000
  0.000
  2.492
  0.000
  0.000
  0.000
  0.000
  9.573
  0.000
  0.000
  0.000
  4.637
  0.000
  0.000
