   1  32   1   0  0.2029222E+02  0.1000000E-03
  CAR 
 unknown system                          
   0   0   0
   1   1
 256 256 256
 256
  0.1000000E-09
  0.6250000E-11
   0
  0.5000000E-15  0.8659508E-09  0.8659508E-09  0.8659508E-09
  0.0000000E+00  0.0000000E+00
  0.000
  0.000
  0.000
  0.000
  0.000
  0.000
  0.000
  0.000
  0.000
  0.000
  0.000
  0.000
  0.000
  0.000
  0.000
  0.000
  0.000
  0.000
  0.000
  0.000
  0.000
  0.000
  0.000
  0.000
  0.000
  0.000
  0.000
  0.000
  0.000
  0.000
  0.000
  0.000
  0.000
  0.000
  0.000
  0.000
  0.000
  0.000
  0.000
  0.000
  0.000
  0.000
  0.000
  0.000
  0.000
  0.000
  0.000
  0.000
 33.038
  0.675
  0.000
  0.000
  0.000
  0.000
  0.000
  0.000
  0.000
  0.000
  0.000
  0.000
  0.000
  0.000
  0.000
  0.000
  0.000
  0.000
  0.000
  0.000
  0.000
  8.216
  0.000
  0.000
  0.000
  0.000
  0.000
  0.000
  0.000
  0.000
  0.000
  0.000
  0.000
  0.000
  0.000
  0.000
 22.232
  0.000
  0.000
  0.000
  0.000
  0.000
  0.000
  0.000
  0.000
  0.000
  0.000
  0.000
  0.000
  8.175
  0.170
  0.000
  0.000
  0.000
  0.000
  0.000
  0.000
  0.000
  0.000
  0.000
  0.000
 13.239
  0.000
  0.000
  0.000
  0.000
  0.000
  0.000
  0.000
  0.000
  0.000
  3.590
  0.114
  0.000
  0.000
  0.000
  0.000
  0.000
  0.000
  0.000
  0.000
 18.931
  0.000
  0.000
  0.000
  0.000
  0.000
  0.000
  0.000
  0.000
  0.000
  0.000
  0.000
  0.000
  0.000
  0.000
  0.000
  0.000
 10.940
  0.152
  0.000
  0.000
  0.000
  0.000
  0.000
  0.000
  6.581
  0.068
  0.000
  0.000
  0.000
  0.000
  0.000
  0.000
  6.011
  0.000
  0.000
  0.000
  0.000
  0.000
  0.000
  5.525
  0.000
  0.000
  0.000
  0.000
  0.000
  0.000
 15.287
  0.000
  0.000
  0.000
  0.000
  0.000
  0.000
  0.000
  0.000
  0.000
  0.000
  0.000
  0.000
  8.841
  0.000
  0.000
  0.000
  0.000
  0.000
  0.000
  0.000
  0.000
  0.000
  0.000
  0.000
  7.616
  0.202
  0.000
  0.000
  0.000
  0.000
  4.609
  0.000
  0.000
  0.000
  0.000
  0.000
 10.448
  0.000
  0.000
  0.000
  0.000
  0.035
  3.260
  0.000
  0.000
  0.000
  0.000
  6.299
  0.000
  0.000
  0.000
  0.000
  3.014
  0.000
  0.000
  0.000
  0.000
  5.713
  0.060
  0.000
  0.000
  0.000
  0.000
  0.000
  0.000
  0.000
  0.000
  9.128
  0.165
  0.000
  0.000
  0.000
  2.550
  0.000
  0.000
  0.000
  0.000
  9.803
  0.000
