   1  32   1   0  0.1971248E+02  0.1000000E-03
  CAR 
 unknown system                          
   0   0   0
   1   1
 256 256 256
 256
  0.1000000E-09
  0.6250000E-11
   0
  0.5000000E-15  0.8576243E-09  0.8576243E-09  0.8576243E-09
  0.0000000E+00  0.0000000E+00
  0.000
  0.000
  0.000
  0.000
  0.000
  0.000
  0.000
  0.000
  0.000
  0.000
  0.000
  0.000
  0.000
  0.000
  0.000
  0.000
  0.000
  0.000
  0.000
  0.000
  0.000
  0.000
  0.000
  0.000
  0.000
  0.000
  0.000
  0.000
  0.000
  0.000
  0.000
  0.000
  0.000
  0.000
  0.000
  0.000
  0.000
  0.000
  0.000
  0.000
  0.000
  0.000
  0.000
  0.000
  0.000
  0.000
  0.000
  0.000
 32.777
  0.000
  0.000
  0.000
  0.000
  0.000
  0.000
  0.000
  0.000
  0.000
  0.000
  0.000
  0.000
  0.000
  0.000
  0.000
  0.000
  0.000
  0.000
  0.000
  8.216
  0.000
  0.000
  0.000
  0.000
  0.000
  0.000
  0.000
  0.000
  0.000
  0.000
  0.000
  0.000
  0.000
  0.000
  0.691
 20.922
  0.000
  0.000
  0.000
  0.000
  0.000
  0.000
  0.000
  0.000
  0.000
  0.000
  0.000
  0.172
  7.942
  0.000
  0.000
  0.000
  0.000
  0.000
  0.000
  0.000
  0.000
  0.000
  0.000
 13.099
  0.000
  0.000
  0.000
  0.000
  0.000
  0.000
  0.000
  0.000
  0.000
  3.661
  0.000
  0.000
  0.000
  0.000
  0.000
  0.000
  0.000
  0.000
  0.000
 18.678
  0.000
  0.000
  0.000
  0.000
  0.000
  0.000
  0.000
  0.000
  0.000
  0.000
  0.000
  0.000
  0.000
  0.000
  0.000
  0.000
 10.926
  0.000
  0.000
  0.000
  0.000
  0.000
  0.000
  0.000
  6.545
  0.000
  0.000
  0.000
  0.000
  0.000
  0.000
  5.861
  0.123
  0.000
  0.000
  0.000
  0.000
  0.000
  0.172
  5.262
  0.000
  0.000
  0.000
  0.000
  0.000
 14.929
  0.261
  0.000
  0.000
  0.000
  0.000
  0.000
  0.000
  0.000
  0.000
  0.000
  0.000
  0.000
  8.681
  0.090
  0.000
  0.000
  0.000
  0.000
  0.000
  0.000
  0.000
  0.000
  0.000
  0.000
  0.202
  7.472
  0.000
  0.000
  0.000
  0.000
  4.564
  0.000
  0.000
  0.000
  0.000
  0.000
 10.342
  0.000
  0.000
  0.000
  0.000
  3.221
  0.068
  0.000
  0.000
  0.000
  0.000
  6.230
  0.000
  0.000
  0.000
  0.000
  2.979
  0.000
  0.000
  0.000
  0.000
  5.705
  0.000
  0.000
  0.000
  0.000
  0.000
  0.000
  0.000
  0.000
  0.000
  9.178
  0.000
  0.000
  0.000
  0.000
  2.517
  0.000
  0.000
  0.000
  0.127
  9.549
  0.000
  0.000
  0.000
