   1  32   1   0  0.1548436E+02  0.1000000E-03
  CAR 
 unknown system                          
   0   0   0
   1   1
 256 256 256
 256
  0.1000000E-09
  0.6250000E-11
   0
  0.5000000E-15  0.7913121E-09  0.7913121E-09  0.7913121E-09
  0.0000000E+00  0.0000000E+00
  0.000
  0.000
  0.000
  0.000
  0.000
  0.000
  0.000
  0.000
  0.000
  0.000
  0.000
  0.000
  0.000
  0.000
  0.000
  0.000
  0.000
  0.000
  0.000
  0.000
  0.000
  0.000
  0.000
  0.000
  0.000
  0.000
  0.000
  0.000
  0.000
  0.000
  0.000
  0.000
  0.000
  0.000
  0.000
  0.000
  0.000
  0.000
  0.000
  0.000
  0.000
  0.000
  0.000
  0.000
 30.583
  0.000
  0.000
  0.000
  0.000
  0.000
  0.000
  0.000
  0.000
  0.000
  0.000
  0.000
  0.000
  0.000
  0.000
  0.000
  0.000
  0.000
  0.000
  7.510
  0.000
  0.000
  0.000
  0.000
  0.000
  0.000
  0.000
  0.000
  0.000
  0.000
  0.000
  0.000
  0.000
 20.167
  0.000
  0.000
  0.000
  0.000
  0.000
  0.000
  0.000
  0.000
  0.000
  0.000
  0.000
  7.561
  0.000
  0.000
  0.000
  0.000
  0.000
  0.000
  0.000
  0.000
  0.000
  0.127
 11.868
  0.000
  0.000
  0.000
  0.000
  0.000
  0.000
  0.000
  0.000
  3.367
  0.000
  0.000
  0.000
  0.000
  0.000
  0.000
  0.000
  0.000
 17.252
  0.000
  0.000
  0.000
  0.000
  0.000
  0.000
  0.000
  0.000
  0.000
  0.000
  0.000
  0.000
  0.000
  0.000
  0.000
 10.044
  0.000
  0.000
  0.000
  0.000
  0.000
  0.000
  6.050
  0.000
  0.000
  0.000
  0.000
  0.000
  0.000
  5.493
  0.000
  0.000
  0.000
  0.000
  0.000
  0.159
  4.853
  0.000
  0.000
  0.000
  0.000
  0.000
 13.933
  0.000
  0.000
  0.000
  0.000
  0.000
  0.000
  0.000
  0.000
  0.000
  0.000
  0.000
  8.048
  0.000
  0.000
  0.000
  0.000
  0.000
  0.000
  0.000
  0.000
  0.000
  0.000
  7.117
  0.000
  0.000
  0.000
  0.000
  4.137
  0.078
  0.000
  0.000
  0.000
  0.100
  9.409
  0.000
  0.000
  0.000
  0.000
  3.013
  0.000
  0.000
  0.000
  0.000
  5.737
  0.000
  0.000
  0.000
  2.674
  0.085
  0.000
  0.000
  0.000
  5.265
  0.000
  0.000
  0.000
  0.000
  0.000
  0.000
  0.000
  0.000
  8.487
  0.000
  0.000
  0.000
  0.000
  2.320
  0.000
  0.000
  0.000
  8.963
  0.000
  0.000
  0.000
  4.331
  0.000
  0.000
  0.000
  0.044
  2.034
  0.000
  0.000
  0.000
  0.000
  0.000
  0.000
  0.000
  7.783
  0.000
  0.000
  0.000
  0.000
  0.000
  0.000
