   1  32   1   0  0.1645186E+02  0.1000000E-03
  CAR 
 unknown system                          
   0   0   0
   1   1
 256 256 256
 256
  0.1000000E-09
  0.6250000E-11
   0
  0.5000000E-15  0.8074613E-09  0.8074613E-09  0.8074613E-09
  0.0000000E+00  0.0000000E+00
  0.000
  0.000
  0.000
  0.000
  0.000
  0.000
  0.000
  0.000
  0.000
  0.000
  0.000
  0.000
  0.000
  0.000
  0.000
  0.000
  0.000
  0.000
  0.000
  0.000
  0.000
  0.000
  0.000
  0.000
  0.000
  0.000
  0.000
  0.000
  0.000
  0.000
  0.000
  0.000
  0.000
  0.000
  0.000
  0.000
  0.000
  0.000
  0.000
  0.000
  0.000
  0.000
  0.000
  0.000
  0.000
 31.082
  0.000
  0.000
  0.000
  0.000
  0.000
  0.000
  0.000
  0.000
  0.000
  0.000
  0.000
  0.000
  0.000
  0.000
  0.000
  0.000
  0.000
  0.000
  7.734
  0.000
  0.000
  0.000
  0.000
  0.000
  0.000
  0.000
  0.000
  0.000
  0.000
  0.000
  0.000
  0.000
  0.218
 20.151
  0.000
  0.000
  0.000
  0.000
  0.000
  0.000
  0.000
  0.000
  0.000
  0.000
  0.000
  7.686
  0.000
  0.000
  0.000
  0.000
  0.000
  0.000
  0.000
  0.000
  0.000
  0.130
 12.122
  0.000
  0.000
  0.000
  0.000
  0.000
  0.000
  0.000
  0.000
  3.451
  0.000
  0.000
  0.000
  0.000
  0.000
  0.000
  0.000
  0.000
 17.727
  0.000
  0.000
  0.000
  0.000
  0.000
  0.000
  0.000
  0.000
  0.000
  0.000
  0.000
  0.000
  0.000
  0.000
  0.000
  0.288
  9.927
  0.000
  0.000
  0.000
  0.000
  0.000
  0.000
  6.164
  0.000
  0.000
  0.000
  0.000
  0.000
  0.000
  5.607
  0.000
  0.000
  0.000
  0.000
  0.000
  0.000
  5.123
  0.000
  0.000
  0.000
  0.000
  0.000
 14.268
  0.000
  0.000
  0.000
  0.000
  0.000
  0.000
  0.000
  0.000
  0.000
  0.000
  0.000
  8.177
  0.085
  0.000
  0.000
  0.000
  0.000
  0.000
  0.000
  0.000
  0.000
  0.000
  0.000
  7.244
  0.000
  0.000
  0.000
  0.000
  4.297
  0.000
  0.000
  0.000
  0.000
  0.102
  9.600
  0.000
  0.000
  0.000
  0.000
  3.077
  0.000
  0.000
  0.000
  0.000
  5.865
  0.000
  0.000
  0.000
  0.000
  2.797
  0.000
  0.000
  0.000
  0.112
  5.231
  0.000
  0.000
  0.000
  0.000
  0.000
  0.000
  0.000
  0.000
  8.627
  0.000
  0.000
  0.000
  2.356
  0.025
  0.000
  0.000
  0.000
  9.127
  0.000
  0.000
  0.000
  4.413
  0.000
  0.000
  0.000
  2.091
  0.044
  0.000
  0.000
  0.000
  0.000
  0.000
  0.000
  0.000
  7.948
  0.000
