   0.000000000000000    0.000000000000000
  10.000000000000000    0.000000000000000
  20.000000000000000    1.114548247412313
  30.000000000000000    4.124758391641080
  40.000000000000000    9.814687192207202
  50.000000000000000   17.496603614883497
  60.000000000000000   25.964002167759464
  70.000000000000000   34.328508390142815
  80.000000000000000   42.118258208222692
  90.000000000000000   49.137653494306143
 100.000000000000000   55.346719604684033
 110.000000000000000   60.784221675054866
 120.000000000000000   65.523956758319400
 130.000000000000000   69.651494181907040
 140.000000000000000   73.249357696773956
 150.000000000000000   76.394096461910522
 160.000000000000000   79.154066088702535
 170.000000000000000   81.585709683666934
 180.000000000000000   83.737631967687051
 190.000000000000000   85.652439835021497
 200.000000000000000   87.364368958165869
 210.000000000000000   88.901015665725581
 220.000000000000000   90.289368931949127
 230.000000000000000   91.549603251717059
 240.000000000000000   92.696344533283252
 250.000000000000000   93.746625091298483
 260.000000000000000   94.712560091458727
 270.000000000000000   95.603671959775966
 280.000000000000000   96.429881437378938
 290.000000000000000   97.198610918945633
 300.000000000000000   97.915979896963108
 310.000000000000000   98.589240495109706
 320.000000000000000   99.222003548964864
 330.000000000000000   99.816961521614573
 340.000000000000000  100.379883830517073
 350.000000000000000  100.916799011407420
 360.000000000000000  101.425989107997154
 370.000000000000000  101.907101228646923
 380.000000000000000  102.370539497374551
 390.000000000000000  102.815638176858187
 400.000000000000000  103.239860225003227
 410.000000000000000  103.647626980562919
 420.000000000000000  104.042271789733789
 430.000000000000000  104.424598340090597
 440.000000000000000  104.789525092230178
 450.000000000000000  105.139738542406121
 460.000000000000000  105.484192946262198
 470.000000000000000  105.822551909845785
 480.000000000000000  106.147705297172067
 490.000000000000000  106.454022892122168
 500.000000000000000  106.758243752119597
 510.000000000000000  107.065035821992211
 520.000000000000000  107.353930472419592
 530.000000000000000  107.629738864029065
 540.000000000000000  107.904557834181475
 550.000000000000000  108.179210734902881
 560.000000000000000  108.442089002672589
 570.000000000000000  108.694587354571553
 580.000000000000000  108.950928263913369
 590.000000000000000  109.199201280652773
 600.000000000000000  109.434588026488200
 610.000000000000000  109.667025476624261
 620.000000000000000  109.896280140348239
 630.000000000000000  110.127487230818943
 640.000000000000000  110.346640000119805
 650.000000000000000  110.555891442112625
 660.000000000000000  110.774116743262852
 670.000000000000000  110.978269751888007
 680.000000000000000  111.183224752219402
 690.000000000000000  111.394601889036139
 700.000000000000000  111.577898838673718
 710.000000000000000  111.750146212091209
 720.000000000000000  111.944753527594742
 730.000000000000000  112.136532677942895
 740.000000000000000  112.318237409181904
 750.000000000000000  112.499053148349063
 760.000000000000000  112.656561069469902
 770.000000000000000  112.811010994925169
 780.000000000000000  112.976513447344757
 790.000000000000000  113.135218336520481
 800.000000000000000  113.317164429463446
 810.000000000000000  113.466394532279807
 820.000000000000000  113.586811287177255
 830.000000000000000  113.761222541017929
 840.000000000000000  113.887815542961476
 850.000000000000000  114.017995315516615
 860.000000000000000  114.144982501293995
 870.000000000000000  114.259146425494691
 880.000000000000000  114.492528886441150
 890.000000000000000  114.582415124488747
 900.000000000000000  114.556624825636391
 910.000000000000000  114.747012454387743
 920.000000000000000  114.936981324269439
 930.000000000000000  115.013323232269613
 940.000000000000000  115.119852263340732
 950.000000000000000  115.222277688968461
 960.000000000000000  115.321972550265500
