# temperature   10.000000000000000
#   -0.000000628942914    0.000257604278823   -0.033703216497163    1.806727912803696  -34.542332602805736
  56.417206380000003    0.031833100000000
  58.217621819999998    0.041927200000000
  60.055939350000003    0.048533100000000
  61.932553790000000    0.088390700000000
  63.847859960000001    0.095273100000000
  65.802252670000001    0.109808600000000
  67.796126729999997    0.064645200000000
  69.829876949999999    0.094114100000000
  71.903898150000003    0.181141600000000
  74.018585150000007    0.454399500000000
  76.174332750000005    0.563164800000000


# temperature   20.000000000000000
#   -0.000002858769690    0.001306587168848   -0.178368508588470    9.773933758905736 -189.291755871608103
  56.417206380000003    0.298532200000000
  58.217621819999998    0.379848600000000
  60.055939350000003    0.452495900000000
  61.932553790000000    0.664126100000000
  63.847859960000001    0.741175100000000
  65.802252670000001    0.867521000000000
  67.796126729999997    0.922003500000000
  69.829876949999999    1.116719900000000
  71.903898150000003    1.848386400000000
  74.018585150000007    3.290872200000000
  76.174332750000005    4.140344100000000


# temperature   30.000000000000000
#   -0.000016971987399    0.005557726253751   -0.641369875691491   31.654651910813637 -570.227920476896543
  56.417206380000003    1.139505600000000
  58.217621819999998    1.484560000000000
  60.055939350000003    1.831151100000000
  61.932553790000000    2.428720900000000
  63.847859960000001    2.794165600000000
  65.802252670000001    3.433620500000000
  67.796126729999997    4.956323200000000
  69.829876949999999    5.487098900000000
  71.903898150000003    7.341390500000000
  74.018585150000007    9.861856500000000
  76.174332750000005   11.829458300000001


# temperature   40.000000000000000
#   -0.000032055489537    0.009587461153245   -1.035225420766625   48.531669724624123 -839.018209419668665
  56.417206380000003    3.100968200000000
  58.217621819999998    3.999056900000000
  60.055939350000003    4.912559500000000
  61.932553790000000    6.110894800000000
  63.847859960000001    7.005055500000000
  65.802252670000001    8.661481800000001
  67.796126729999997   12.607684600000001
  69.829876949999999   13.529606200000000
  71.903898150000003   16.143955500000001
  74.018585150000007   18.982934100000001
  76.174332750000005   21.845728800000000


# temperature   50.000000000000000
#   -0.000036201840205    0.010275140882250   -1.057063569898100   47.479893214973465 -790.578863738996915
  56.417206380000003    6.470935100000000
  58.217621819999998    8.109155200000000
  60.055939350000003    9.749051900000000
  61.932553790000000   11.595484799999999
  63.847859960000001   13.085722000000001
  65.802252670000001   15.885997100000001
  67.796126729999997   21.906026900000001
  69.829876949999999   23.168091100000002
  71.903898150000003   26.111646000000000
  74.018585150000007   28.842495499999998
  76.174332750000005   32.227119500000001


# temperature   60.000000000000000
#   -0.000030193844826    0.008061407264085   -0.773849497867492   32.430481574053140 -504.685084375082511
  56.417206380000003   11.075768500000001
  58.217621819999998   13.462019800000000
  60.055939350000003   15.809751800000001
  61.932553790000000   18.197970000000002
  63.847859960000001   20.211269099999999
  65.802252670000001   23.964421099999999
  67.796126729999997   31.267515800000002
  69.829876949999999   32.773302800000003
  71.903898150000003   35.788038700000001
  74.018585150000007   38.275622700000000
  76.174332750000005   41.863252699999997


# temperature   70.000000000000000
#   -0.000018519942603    0.004306391421671   -0.336471387152978   10.653113774386675 -109.997225472276440
  56.417206380000003   16.509328700000001
  58.217621819999998   19.530563999999998
  60.055939350000003   22.461167700000001
  61.932553790000000   25.227377100000002
  63.847859960000001   27.632285599999999
  65.802252670000001   32.035143200000000
  67.796126729999997   39.918719500000002
  69.829876949999999   41.564569599999999
  71.903898150000003   44.508320699999999
  74.018585150000007   46.733648700000003
  76.174332750000005   50.301495799999998


# temperature   80.000000000000000
#   -0.000004794687715    0.000054346880620    0.143910549346901  -12.687213109668788  304.934950633494623
  56.417206380000003   22.354640400000001
  58.217621819999998   25.849854000000001
  60.055939350000003   29.201353399999999
  61.932553790000000   32.186898700000000
  63.847859960000001   34.844515700000002
  65.802252670000001   39.606110600000001
  67.796126729999997   47.578183099999997
  69.829876949999999   49.275426199999998
  71.903898150000003   52.070852899999998
  74.018585150000007   54.050516899999998
  76.174332750000005   57.463722699999998


# temperature   90.000000000000000
#    0.000008851445872   -0.004097239437339    0.605521320069937  -34.801710313048808  693.604323590367244
  56.417206380000003   28.277899999999999
  58.217621819999998   32.084701099999997
  60.055939350000003   35.699604500000000
  61.932553790000000   38.775404600000002
  63.847859960000001   41.563988000000002
  65.802252670000001   46.453019800000000
  67.796126729999997   54.208662300000000
  69.829876949999999   55.891945600000000
  71.903898150000003   58.500705300000000
  74.018585150000007   60.260064300000003
  76.174332750000005   63.448960399999997


# temperature  100.000000000000000
#    0.000021372718925   -0.007865858268120    1.020316434070984  -54.479133047716431 1036.713961858451512
  56.417206380000003   34.045744900000003
  58.217621819999998   38.022757499999997
  60.055939350000003   41.767338400000000
  61.932553790000000   44.838110200000003
  63.847859960000001   47.661890900000003
  65.802252670000001   52.513531999999998
  67.796126729999997   59.882542899999997
  69.829876949999999   61.508983499999999
  71.903898150000003   63.917099800000003
  74.018585150000007   65.482182499999993
  76.174332750000005   68.419623999999999


# temperature  110.000000000000000
#    0.000032371636706   -0.011152977070747    1.379521034777590  -71.389992768845801 1329.857571070871472
  56.417206380000003   39.512188500000001
  58.217621819999998   43.546549200000001
  60.055939350000003   47.316558299999997
  61.932553790000000   50.316870999999999
  63.847859960000001   53.106252699999999
  65.802252670000001   57.812566300000000
  67.796126729999997   64.713172999999998
  69.829876949999999   66.257708800000003
  71.903898150000003   68.466033699999997
  74.018585150000007   69.861098900000002
  76.174332750000005   72.545150699999994


# temperature  120.000000000000000
#    0.000041797293274   -0.013956133550313    1.684176484614146  -85.642348946135201 1575.822027145025459
  56.417206380000003   44.597623400000003
  58.217621819999998   48.604690099999999
  60.055939350000003   52.323980900000002
  61.932553790000000   55.211978100000003
  63.847859960000001   57.919813900000001
  65.802252670000001   62.416070400000002
  67.796126729999997   68.821217000000004
  69.829876949999999   70.271453199999996
  71.903898150000003   72.289269899999994
  74.018585150000007   73.536087699999996
  76.174332750000005   75.978443799999994


# temperature  130.000000000000000
#    0.000049763894257   -0.016317076952555    1.939667569434500  -97.529348366740194 1780.290378305162449
  56.417206380000003   49.268840500000003
  58.217621819999998   53.188470500000001
  60.055939350000003   56.804635099999999
  61.932553790000000   59.555900999999999
  63.847859960000001   62.152625399999998
  65.802252670000001   66.404665199999997
  67.796126729999997   72.319423200000003
  69.829876949999999   73.671325699999997
  71.903898150000003   75.512184899999994
  74.018585150000007   76.629911600000000
  76.174332750000005   78.848748400000005


# temperature  140.000000000000000
#    0.000056449932214   -0.018293482029505    2.152793332296047 -107.396743279920045 1949.631975432507033
  56.417206380000003   53.522952099999998
  58.217621819999998   57.314753000000003
  60.055939350000003   60.794048500000002
  61.932553790000000   63.396489899999999
  63.847859960000001   65.865501499999993
  65.802252670000001   69.859723799999998
  67.796126729999997   75.306851300000005
  69.829876949999999   76.561573899999999
  71.903898150000003   78.240707799999996
  74.018585150000007   79.246001399999997
  76.174332750000005   81.261820099999994


# temperature  150.000000000000000
#    0.000062046113642   -0.019944659865980    2.330322772033083 -115.579297818639290 2089.871839726507460
  56.417206380000003   57.375556099999997
  58.217621819999998   61.014294900000003
  60.055939350000003   64.336955599999996
  61.932553790000000   66.786857100000006
  63.847859960000001   69.120690300000007
  65.802252670000001   72.856722700000006
  67.796126729999997   77.867734799999994
  69.829876949999999   79.029440899999997
  71.903898150000003   80.562239300000002
  74.018585150000007   81.469481299999998
  76.174332750000005   83.302820800000006


# temperature  160.000000000000000
#    0.000066730816099   -0.021325050512546    2.478363112083882 -122.374280147272728 2206.284334618052071
  56.417206380000003   60.852526800000000
  58.217621819999998   64.324189599999997
  60.055939350000003   67.480530700000003
  61.932553790000000   69.779658499999996
  63.847859960000001   71.977036699999999
  65.802252670000001   75.462616999999995
  67.796126729999997   80.072427899999994
  69.829876949999999   81.146863300000007
  71.903898150000003   82.548034500000000
  74.018585150000007   83.369589300000001
  76.174332750000005   85.039858100000004


# temperature  170.000000000000000
#    0.000070660578681   -0.022481888583155    2.602155566863442 -128.034071035118643 2303.301804157958941
  56.417206380000003   63.984585099999997
  58.217621819999998   67.283211199999997
  60.055939350000003   70.270584299999996
  61.932553790000000   72.424128899999999
  63.847859960000001   74.487801099999999
  65.802252670000001   77.735320400000006
  67.796126729999997   81.979136999999994
  69.829876949999999   82.972728900000007
  71.903898150000003   84.255884199999997
  74.018585150000007   85.002360999999993
  76.174332750000005   86.527314000000004


# temperature  180.000000000000000
#    0.000073967899944   -0.023454857675854    2.706070154507019 -132.767429301620382 2384.561371498450171
  56.417206380000003   66.803865500000001
  58.217621819999998   69.929107700000003
  60.055939350000003   72.749614300000005
  61.932553790000000   74.764767000000006
  63.847859960000001   76.699970500000006
  65.802252670000001   79.724198700000002
  67.796126729999997   83.635808200000000
  69.829876949999999   84.555116400000003
  71.903898150000003   85.732606200000006
  74.018585150000007   86.413105700000003
  76.174332750000005   87.808679100000006


# temperature  190.000000000000000
#    0.000076762772920   -0.024276725587171    2.793694640770578 -136.744652491394760 2453.010373704453741
  56.417206380000003   69.341852900000006
  58.217621819999998   72.297152800000006
  60.055939350000003   74.955975100000003
  61.932553790000000   76.840963599999995
  63.847859960000001   78.654359700000001
  65.802252670000001   81.470987699999995
  67.796126729999997   85.081890700000002
  69.829876949999999   85.933287399999998
  71.903898150000003   87.016182599999993
  74.018585150000007   87.638517699999994
  76.174332750000005   88.918855600000001


# temperature  200.000000000000000
#    0.000079135435477   -0.024974270389612    2.867947854891579 -140.103550480040411 2511.020216434204485
  56.417206380000003   71.628227300000006
  58.217621819999998   74.419479999999993
  60.055939350000003   76.923688499999997
  61.932553790000000   78.687139599999995
  63.847859960000001   80.386093000000002
  65.802252670000001   83.010824499999998
  67.796126729999997   86.349872599999998
  69.829876949999999   87.139368500000003
  71.903898150000003   88.137518700000001
  74.018585150000007   88.708408100000000
  76.174332750000005   89.885982400000003


# temperature  210.000000000000000
#    0.000081159417824   -0.025569249841840    2.931192928754614 -142.955187924101836 2560.492387223324840
  56.417206380000003   73.690291900000005
  58.217621819999998   76.324886699999993
  60.055939350000003   78.682604699999999
  61.932553790000000   80.333134000000001
  63.847859960000001   81.925236600000005
  65.802252670000001   84.373245800000007
  67.796126729999997   87.466570300000001
  69.829876949999999   88.199731400000005
  71.903898150000003   89.121860999999996
  74.018585150000007   89.647095600000000
  76.174332750000005   90.732865899999993


# temperature  220.000000000000000
#    0.000082894574711   -0.026079334002057    2.985343112031080 -145.389115317456998 2602.952950533565399
  56.417206380000003   75.552763499999998
  58.217621819999998   78.038905900000003
  60.055939350000003   80.258735500000000
  61.932553790000000   81.804692599999996
  63.847859960000001   83.297457399999999
  65.802252670000001   85.583085100000005
  67.796126729999997   88.454188200000004
  69.829876949999999   89.136107699999997
  71.903898150000003   89.989926600000004
  74.018585150000007   90.474510800000004
  76.174332750000005   91.478093500000000


# temperature  230.000000000000000
#    0.000084389517417   -0.026518850275684    3.031945847023497 -147.477496618886306 2639.626510415140729
  56.417206380000003   77.237778599999999
  58.217621819999998   79.584020499999994
  60.055939350000003   81.674655799999996
  61.932553790000000   83.123974799999999
  63.847859960000001   84.524647099999996
  65.802252670000001   86.661250400000000
  67.796126729999997   89.331180200000006
  69.829876949999999   89.966482499999998
  71.903898150000003   90.758798100000007
  74.018585150000007   91.207069399999995
  76.174332750000005   92.136901199999997


# temperature  240.000000000000000
#    0.000085683871778   -0.026899460729392    3.072257792892877 -149.278732386130116 2671.500219554955947
  56.417206380000003   78.765021800000000
  58.217621819999998   80.979941499999995
  60.055939350000003   82.949915500000003
  61.932553790000000   84.310036400000001
  63.847859960000001   85.625484000000000
  65.802252670000001   87.625382999999999
  67.796126729999997   90.112944400000003
  69.829876949999999   90.705807699999994
  71.903898150000003   91.442631199999994
  74.018585150000007   91.858360599999997
  76.174332750000005   92.721849399999996


# temperature  250.000000000000000
#    0.000086809962942   -0.027230669694299    3.107301161454510 -150.840179002200728 2699.371687007468608
  56.417206380000003   80.151915399999993
  58.217621819999998   82.243906600000003
  60.055939350000003   84.101432200000005
  61.932553790000000   85.379267400000003
  63.847859960000001   86.615924100000001
  65.802252670000001   88.490408299999999
  67.796126729999997   90.812383400000002
  69.829876949999999   91.366571399999998
  71.903898150000003   92.053215300000005
  74.018585150000007   92.439691800000006
  76.174332750000005   93.243351000000004


# temperature  260.000000000000000
#    0.000087794247543   -0.027520249727034    3.137910440751357 -152.200379341061961 2723.887877307615327
  56.417206380000003   81.413834499999993
  58.217621819999998   83.390971600000000
  60.055939350000003   85.143847199999996
  61.932553790000000   86.345778600000003
  63.847859960000001   87.509622699999994
  65.802252670000001   89.268991499999998
  67.796126729999997   91.440354799999994
  69.829876949999999   91.959252300000003
  71.903898150000003   92.600417600000000
  74.018585150000007   92.960518800000003
  76.174332750000005   93.710086000000004


# temperature  270.000000000000000
#    0.000088658465718   -0.027774584085685    3.164769905005845 -153.390849113964492 2745.576164528975823
  56.417206380000003   82.564325600000004
  58.217621819999998   84.434283600000001
  60.055939350000003   86.089843700000003
  61.932553790000000   87.221737099999999
  63.847859960000001   88.318291900000006
  65.802252670000001   89.971915699999997
  67.796126729999997   92.006034499999998
  69.829876949999999   92.492683000000000
  71.903898150000003   93.092536800000005
  74.018585150000007   93.428788400000002
  76.174332750000005   94.129328599999994


# temperature  280.000000000000000
#    0.000089420566205   -0.027998940265186    3.188443406284496 -154.437486950104756 2764.868681006573752
  56.417206380000003   83.615315699999996
  58.217621819999998   85.385327300000000
  60.055939350000003   86.950423200000003
  61.932553790000000   88.017654199999996
  63.847859960000001   89.052002599999994
  65.802252670000001   90.608391699999999
  67.796126729999997   92.517209899999997
  69.829876949999999   92.974342699999994
  71.903898150000003   93.536585299999999
  74.018585150000007   93.851211599999999
  76.174332750000005   94.507205700000000


# temperature  290.000000000000000
#    0.000090095422888   -0.028197681561731    3.209397364114804 -155.361658823659894 2782.120958693703415
  56.417206380000003   84.577305699999997
  58.217621819999998   86.254144800000006
  60.055939350000003   87.735145099999997
  61.932553790000000   88.742630599999998
  63.847859960000001   89.719437499999998
  65.802252670000001   91.186314499999995
  67.796126729999997   92.980517300000002
  69.829876949999999   93.410591900000000
  71.903898150000003   93.938516199999995
  74.018585150000007   94.233481299999994
  76.174332750000005   94.848903600000000


# temperature  300.000000000000000
#    0.000090695367817   -0.028374426444618    3.228018239678700 -156.181026987995324 2797.626220379578626
  56.417206380000003   85.459546000000003
  58.217621819999998   87.049527699999999
  60.055939350000003   88.452331799999996
  61.932553790000000   89.404563999999993
  63.847859960000001   90.328103700000000
  65.802252670000001   91.712474299999997
  67.796126729999997   93.401635099999993
  69.829876949999999   93.806862899999999
  71.903898150000003   94.303405200000000
  74.018585150000007   94.580449400000006
  76.174332750000005   95.158833099999995


# temperature  310.000000000000000
#    0.000091230790197   -0.028532220565177    3.244630783149797 -156.910393205471138 2811.629635581376988
  56.417206380000003   86.270192499999993
  58.217621819999998   87.779185499999997
  60.055939350000003   89.109245000000001
  61.932553790000000   90.010325499999993
  63.847859960000001   90.884510000000006
  65.802252670000001   92.192730900000001
  67.796126729999997   93.785441199999994
  69.829876949999999   94.167814000000007
  71.903898150000003   94.635598700000003
  74.018585150000007   94.896268100000000
  76.174332750000005   95.440762000000007


# temperature  320.000000000000000
#    0.000091710341074   -0.028673601447757    3.259505387709422 -157.562054178791129 2824.334465396245832
  56.417206380000003   87.016445000000004
  58.217621819999998   88.449890199999999
  60.055939350000003   89.712234300000006
  61.932553790000000   90.565907899999999
  63.847859960000001   91.394316300000000
  65.802252670000001   92.632158099999998
  67.796126729999997   94.136141400000000
  69.829876949999999   94.497456099999994
  71.903898150000003   94.938833700000004
  74.018585150000007   95.184505799999997
  76.174332750000005   95.697923299999999


# temperature  330.000000000000000
#    0.000092141336647   -0.028800714670441    3.272870434316503 -158.146372151342064 2835.911706306870656
  56.417206380000003   87.704667900000004
  58.217621819999998   89.067601600000003
  60.055939350000003   90.266865400000000
  61.932553790000000   91.076551800000004
  63.847859960000001   91.862458000000004
  65.802252670000001   93.035163499999996
  67.796126729999997   94.457375700000000
  69.829876949999999   94.799255299999999
  71.903898150000003   95.216335799999996
  74.018585150000007   95.448241600000003
  76.174332750000005   95.933102099999999


# temperature  340.000000000000000
#    0.000092529956816   -0.028915373082455    3.284918740552486 -158.672076961805772 2846.505203132490351
  56.417206380000003   88.340496099999996
  58.217621819999998   89.637575299999995
  60.055939350000003   90.778028100000000
  61.932553790000000   91.546851500000002
  63.847859960000001   92.293251200000000
  65.802252670000001   93.405588100000003
  67.796126729999997   94.752305300000003
  69.829876949999999   95.076218400000002
  71.903898150000003   95.470899799999998
  74.018585150000007   95.690141900000000
  76.174332750000005   96.148707299999998


# temperature  350.000000000000000
#    0.000092881498275   -0.029019129532315    3.295815257513345 -159.146619637241400 2856.237577019057881
  56.417206380000003   88.928926899999993
  58.217621819999998   90.164455200000006
  60.055939350000003   91.250028599999993
  61.932553790000000   91.980845200000005
  63.847859960000001   92.690480899999997
  65.802252670000001   93.746789500000006
  67.796126729999997   95.023685299999997
  69.829876949999999   95.330962400000004
  71.903898150000003   95.704955999999996
  74.018585150000007   95.912524800000000
  76.174332750000005   96.346830199999999


# temperature  360.000000000000000
#    0.000093200404677   -0.029113288712632    3.305698571638637 -159.576248018604673 2865.211520014495363
  56.417206380000003   89.474400200000005
  58.217621819999998   90.652353500000004
  60.055939350000003   91.686668299999994
  61.932553790000000   92.382091500000001
  63.847859960000001   93.057475199999999
  65.802252670000001   94.061711599999995
  67.796126729999997   95.273924199999996
  69.829876949999999   95.565772999999993
  71.903898150000003   95.920624900000007
  74.018585150000007   96.117412000000002
  76.174332750000005   96.529292900000002


# temperature  370.000000000000000
#    0.000093490556367   -0.029198988322226    3.314689326141728 -159.966388759336070 2873.516171994330307
  56.417206380000003   89.980867200000006
  58.217621819999998   91.104918799999993
  60.055939350000003   92.091310399999998
  61.932553790000000   92.753733800000006
  63.847859960000001   93.397168600000001
  65.802252670000001   94.352943199999999
  67.796126729999997   95.505134600000005
  69.829876949999999   95.782652999999996
  71.903898150000003   96.119763000000006
  74.018585150000007   96.306573200000003
  76.174332750000005   96.697688499999998


# temperature  380.000000000000000
#    0.000093755253729   -0.029277197150349    3.322890238083044 -160.321653694206390 2881.227243685209032
  56.417206380000003   90.451851199999993
  58.217621819999998   91.525395200000006
  60.055939350000003   92.466937799999997
  61.932553790000000   93.098555899999994
  63.847859960000001   93.712154999999996
  65.802252670000001   94.622767100000004
  67.796126729999997   95.719175100000001
  69.829876949999999   95.983362799999995
  71.903898150000003   96.304000700000003
  74.018585150000007   96.481561799999994
  76.174332750000005   96.853414299999997


# temperature  390.000000000000000
#    0.000093997352071   -0.029348753088288    3.330390047998237 -160.646018071542670 2888.409956038847213
  56.417206380000003   90.890499100000000
  58.217621819999998   91.916673299999999
  60.055939350000003   92.816202099999998
  61.932553790000000   93.419028600000004
  63.847859960000001   94.004733200000004
  65.802252670000001   94.873201800000004
  67.796126729999997   95.917685300000002
  69.829876949999999   96.169454299999998
  71.903898150000003   96.474774199999999
  74.018585150000007   96.643746300000004
  76.174332750000005   96.997699800000007


# temperature  400.000000000000000
#    0.000094219322031   -0.029414382021447    3.337265644995194 -160.942922306507143 2895.120795285103668
  56.417206380000003   91.299627700000002
  58.217621819999998   92.281333799999999
  60.055939350000003   93.141465100000005
  61.932553790000000   93.717350499999995
  63.847859960000001   94.276945499999997
  65.802252670000001   95.106036700000004
  67.796126729999997   96.102115999999995
  69.829876949999999   96.342299299999993
  71.903898150000003   96.633352400000007
  74.018585150000007   96.794335000000004
  76.174332750000005   97.131630200000004


# temperature  410.000000000000000
#    0.000094423329419   -0.029474719109594    3.343584160926474 -161.215361134579410 2901.408888401134845
  56.417206380000003   91.681761899999998
  58.217621819999998   92.621685600000006
  60.055939350000003   93.444835699999999
  61.932553790000000   93.995482300000006
  63.847859960000001   94.530610400000000
  65.802252670000001   95.322862400000005
  67.796126729999997   96.273754299999993
  69.829876949999999   96.503114400000001
  71.903898150000003   96.780859699999993
  74.018585150000007   96.934398599999994
  76.174332750000005   97.256165800000005


# temperature  420.000000000000000
#    0.000094611196016   -0.029530301110567    3.349402450767817 -161.465869258405434 2907.315866069021922
  56.417206380000003   92.039169799999996
  58.217621819999998   92.939797900000002
  60.055939350000003   93.728200599999994
  61.932553790000000   94.255176000000006
  63.847859960000001   94.767351099999999
  65.802252670000001   95.525096099999999
  67.796126729999997   96.433745099999996
  69.829876949999999   96.652980499999998
  71.903898150000003   96.918294599999996
  74.018585150000007   97.064887799999994
  76.174332750000005   97.372159100000005


# temperature  430.000000000000000
#    0.000094784620027   -0.029581625494845    3.354772995208052 -161.696780712283442 2912.880090664454201
  56.417206380000003   92.373892200000000
  58.217621819999998   93.237529699999996
  60.055939350000003   93.993251400000005
  61.932553790000000   94.498001099999996
  63.847859960000001   94.988619900000003
  65.802252670000001   95.714003300000002
  67.796126729999997   96.583108999999993
  69.829876949999999   96.792861099999996
  71.903898150000003   97.046546599999999
  74.018585150000007   97.186649200000005
  76.174332750000005   97.480368700000000


# temperature  440.000000000000000
#    0.000094945016919   -0.029629108810251    3.359739813900871 -161.910049828557703 2918.133700434969342
  56.417206380000003   92.687768599999998
  58.217621819999998   93.516553200000004
  60.055939350000003   94.241507600000006
  61.932553790000000   94.725365999999994
  63.847859960000001   95.195718499999998
  65.802252670000001   95.890717100000003
  67.796126729999997   96.722758600000006
  69.829876949999999   96.923616899999999
  71.903898150000003   97.166409999999999
  74.018585150000007   97.300438600000007
  76.174332750000005   97.581471300000004


# temperature  450.000000000000000
#    0.000095093656527   -0.029673124254160    3.364342290681148 -162.107422222753854 2923.105440504912622
  56.417206380000003   92.982460000000003
  58.217621819999998   93.778376100000003
  60.055939350000003   94.474337100000000
  61.932553790000000   94.938537600000004
  63.847859960000001   95.389816499999995
  65.802252670000001   96.056253699999999
  67.796126729999997   96.853511200000000
  69.829876949999999   97.046018399999994
  71.903898150000003   97.278595499999994
  74.018585150000007   97.406932200000000
  76.174332750000005   97.676072099999999


# temperature  460.000000000000000
#    0.000095231681876   -0.029714007289412    3.368615779128751 -162.290462482852320 2927.821117148292160
  56.417206380000003   93.259468799999993
  58.217621819999998   94.024360099999996
  60.055939350000003   94.692973499999994
  61.932553790000000   95.138657400000000
  63.847859960000001   95.571966799999998
  65.802252670000001   96.211527000000004
  67.796126729999997   96.976100700000003
  69.829876949999999   97.160757399999994
  71.903898150000003   97.383740700000004
  74.018585150000007   97.506736700000005
  76.174332750000005   97.764713700000001


# temperature  470.000000000000000
#    0.000095360038163   -0.029752037308567    3.372589821414057 -162.460476581979577 2932.302319118467949
  56.417206380000003   93.520156099999994
  58.217621819999998   94.255736999999996
  60.055939350000003   94.898531300000002
  61.932553790000000   95.326756000000003
  63.847859960000001   95.743119100000001
  65.802252670000001   96.357360000000000
  67.796126729999997   97.091187599999998
  69.829876949999999   97.268455700000004
  71.903898150000003   97.482418899999999
  74.018585150000007   97.600397099999995
  76.174332750000005   97.847883499999995


# temperature  480.000000000000000
#    0.000095479613365   -0.029787474976978    3.376291844328992 -162.618673075989705 2936.569030910286983
  56.417206380000003   93.765756999999994
  58.217621819999998   94.473623300000000
  60.055939350000003   95.092019399999998
  61.932553790000000   95.503765400000006
  63.847859960000001   95.904131599999999
  65.802252670000001   96.494495999999998
  67.796126729999997   97.199367300000006
  69.829876949999999   97.369673899999995
  71.903898150000003   97.575146300000000
  74.018585150000007   97.688404800000001
  76.174332750000005   97.926020399999999


# temperature  490.000000000000000
#    0.000095591194323   -0.029820552121388    3.379746296793398 -162.766130508726377 2940.639171218446791
  56.417206380000003   93.997394099999994
  58.217621819999998   94.679032300000003
  60.055939350000003   95.274352500000006
  61.932553790000000   95.670530400000004
  63.847859960000001   96.055781600000003
  65.802252670000001   96.623606899999999
  67.796126729999997   97.301177699999997
  69.829876949999999   97.464918299999994
  71.903898150000003   97.662389200000007
  74.018585150000007   97.771202799999998
  76.174332750000005   97.999520300000000


# temperature  500.000000000000000
#    0.000095695468262   -0.029851471102232    3.382974480868547 -162.903784851762993 2944.528295879782490
  56.417206380000003   94.216089400000001
  58.217621819999998   94.872885499999995
  60.055939350000003   95.446361300000007
  61.932553790000000   95.827817600000003
  63.847859960000001   96.198773700000004
  65.802252670000001   96.745301699999999
  67.796126729999997   97.397105800000006
  69.829876949999999   97.554647000000003
  71.903898150000003   97.744569200000001
  74.018585150000007   97.849192299999999
  76.174332750000005   98.068741200000005


# temperature  510.000000000000000
#    0.000095793090416   -0.029880423891721    3.385996544685109 -163.032520722439330 2948.251144282588029
  56.417206380000003   94.422774599999997
  58.217621819999998   95.056022100000007
  60.055939350000003   95.608801900000003
  61.932553790000000   95.976324199999993
  63.847859960000001   96.333748299999996
  65.802252670000001   96.860133099999999
  67.796126729999997   97.487593200000006
  69.829876949999999   97.639275299999994
  71.903898150000003   97.822068500000000
  74.018585150000007   97.922736400000005
  76.174332750000005   98.134007400000002


# temperature  520.000000000000000
#    0.000095884608757   -0.029907572172776    3.388829512396247 -163.153084643594582 2951.820207332677001
  56.417206380000003   94.618300300000001
  58.217621819999998   95.229207500000001
  60.055939350000003   95.762362899999999
  61.932553790000000   96.116685099999998
  63.847859960000001   96.461288499999995
  65.802252670000001   96.968603599999994
  67.796126729999997   97.573041099999998
  69.829876949999999   97.719180199999997
  71.903898150000003   97.895234200000004
  74.018585150000007   97.992165000000000
  76.174332750000005   98.195613100000003


# temperature  530.000000000000000
#    0.000095970469306   -0.029933049322401    3.391487530112320 -163.266097471073579 2955.245950281791011
  56.417206380000003   94.803444299999995
  58.217621819999998   95.393141000000000
  60.055939350000003   95.907672899999994
  61.932553790000000   96.249479300000004
  63.847859960000001   96.581925299999995
  65.802252670000001   97.071171199999995
  67.796126729999997   97.653814699999998
  69.829876949999999   97.794704999999993
  71.903898150000003   97.964381599999996
  74.018585150000007   98.057777999999999
  76.174332750000005   98.253825800000001


# temperature  540.000000000000000
#    0.000096051214911   -0.029957012332933    3.393986926543282 -163.372272393146119 2958.540316198477740
  56.417206380000003   94.978919000000005
  58.217621819999998   95.548462099999995
  60.055939350000003   96.045306499999995
  61.932553790000000   96.375236000000001
  63.847859960000001   96.696144099999998
  65.802252670000001   97.168253300000003
  67.796126729999997   97.730246699999995
  69.829876949999999   97.866162299999999
  71.903898150000003   98.029798299999996
  74.018585150000007   98.119848700000006
  76.174332750000005   98.308889100000002


# temperature  550.000000000000000
#    0.000096127163447   -0.029979557563374    3.396337970440419 -163.472057604191832 2961.710935379809598
  56.417206380000003   95.145377199999999
  58.217621819999998   95.695756799999998
  60.055939350000003   96.175789600000002
  61.932553790000000   96.494439200000002
  63.847859960000001   96.804388299999999
  65.802252670000001   97.260231599999997
  67.796126729999997   97.802641199999997
  69.829876949999999   97.933837400000002
  71.903898150000003   98.091746799999996
  74.018585150000007   98.178626399999999
  76.174332750000005   98.361025299999994


# temperature  560.000000000000000
#    0.000096198740030   -0.030000808927660    3.398553610500809 -163.566019406321743 2964.767393058526068
  56.417206380000003   95.303418699999995
  58.217621819999998   95.835562699999997
  60.055939350000003   96.299604299999999
  61.932553790000000   96.607532500000005
  63.847859960000001   96.907064199999994
  65.802252670000001   97.347455400000001
  67.796126729999997   97.871275900000001
  69.829876949999999   97.997991499999998
  71.903898150000003   98.150466699999996
  74.018585150000007   98.234338800000003
  76.174332750000005   98.410437400000006


# temperature  570.000000000000000
#    0.000096266278626   -0.030020864444513    3.400644095256036 -163.654602367690188 2967.717236289709035
  56.417206380000003   95.453594400000000
  58.217621819999998   95.968373600000007
  60.055939350000003   96.417193200000000
  61.932553790000000   96.714922799999997
  63.847859960000001   97.004544400000000
  65.802252670000001   97.430244599999995
  67.796126729999997   97.936405500000006
  69.829876949999999   98.058863400000007
  71.903898150000003   98.206177600000004
  74.018585150000007   98.287194700000001
  76.174332750000005   98.457311300000001


# temperature  580.000000000000000
#    0.000096330031054   -0.030039800354964    3.402617547597673 -163.738161475952325 2970.566609458464882
  56.417206380000003   95.596411900000007
  58.217621819999998   96.094643700000006
  60.055939350000003   96.528963000000005
  61.932553790000000   96.816984199999993
  63.847859960000001   97.097171000000003
  65.802252670000001   97.508893000000000
  67.796126729999997   97.998263399999999
  69.829876949999999   98.116672199999996
  71.903898150000003   98.259080800000007
  74.018585150000007   98.337385200000000
  76.174332750000005   98.501817099999997


# temperature  590.000000000000000
#    0.000096390333078   -0.030057713723439    3.404484040138231 -163.817134372437692 2973.322968657550518
  56.417206380000003   95.732338700000000
  58.217621819999998   96.214791199999993
  60.055939350000003   96.635288200000005
  61.932553790000000   96.914060500000005
  63.847859960000001   97.185258800000000
  65.802252670000001   97.583670600000005
  67.796126729999997   98.057063999999997
  69.829876949999999   98.171619100000001
  71.903898150000003   98.309360999999996
  74.018585150000007   98.385085900000007
  76.174332750000005   98.544111299999997


# temperature  600.000000000000000
#    0.000096447376842   -0.030074662959253    3.406249784569030 -163.891789823660616 2975.991012303747993
  56.417206380000003   95.861806099999995
  58.217621819999998   96.329201999999995
  60.055939350000003   96.736513700000003
  61.932553790000000   97.006468799999993
  63.847859960000001   97.269097400000007
  65.802252670000001   97.654825799999998
  67.796126729999997   98.113004700000005
  69.829876949999999   98.223889099999994
  71.903898150000003   98.357188199999996
  74.018585150000007   98.430458000000002
  76.174332750000005   98.584337399999995


# temperature  610.000000000000000
#    0.000096501435700   -0.030090727669993    3.407923084502182 -163.962489761645571 2978.576989600130673
  56.417206380000003   95.985213000000002
  58.217621819999998   96.438232099999993
  60.055939350000003   96.832957899999997
  61.932553790000000   97.094501500000007
  63.847859960000001   97.348954000000006
  65.802252670000001   97.722587599999997
  67.796126729999997   98.166267099999999
  69.829876949999999   98.273652600000005
  71.903898150000003   98.402718699999994
  74.018585150000007   98.473650300000003
  76.174332750000005   98.622627600000001


# temperature  620.000000000000000
#    0.000096552692441   -0.030105962140666    3.409509626665588 -164.029478142644962 2981.085163492027277
  56.417206380000003   96.102927699999995
  58.217621819999998   96.542210800000007
  60.055939350000003   96.924914999999999
  61.932553790000000   97.178428400000001
  63.847859960000001   97.425075199999995
  65.802252670000001   97.787167100000005
  67.796126729999997   98.217018600000003
  69.829876949999999   98.321066799999997
  71.903898150000003   98.446096800000007
  74.018585150000007   98.514799600000003
  76.174332750000005   98.659103999999999


# temperature  630.000000000000000
#    0.000096601352722   -0.030120427156707    3.411015803896249 -164.093033983863705 2983.520435191093384
  56.417206380000003   96.215291800000003
  58.217621819999998   96.641442600000005
  60.055939350000003   97.012656899999996
  61.932553790000000   97.258499299999997
  63.847859960000001   97.497688900000000
  65.802252670000001   97.848759599999994
  67.796126729999997   98.265414100000001
  69.829876949999999   98.366276499999998
  71.903898150000003   98.487455400000002
  74.018585150000007   98.554032300000003
  76.174332750000005   98.693878699999999


# temperature  640.000000000000000
#    0.000096647559741   -0.030134165528395    3.412446106904696 -164.153348899300539 2985.886207166801796
  56.417206380000003   96.322621499999997
  58.217621819999998   96.736209700000003
  60.055939350000003   97.096435400000004
  61.932553790000000   97.334945099999999
  63.847859960000001   97.567006199999994
  65.802252670000001   97.907545499999998
  67.796126729999997   98.311596499999993
  69.829876949999999   98.409415899999999
  71.903898150000003   98.526917699999998
  74.018585150000007   98.591465200000002
  76.174332750000005   98.727055899999996


# temperature  650.000000000000000
#    0.000096691533471   -0.030147240941590    3.413807163884216 -164.210712526713309 2988.187554311278291
  56.417206380000003   96.425210399999997
  58.217621819999998   96.826773900000006
  60.055939350000003   97.176484099999996
  61.932553790000000   97.407980100000003
  63.847859960000001   97.633222300000000
  65.802252670000001   97.963691999999995
  67.796126729999997   98.355698200000006
  69.829876949999999   98.450609000000000
  71.903898150000003   98.564597399999997
  74.018585150000007   98.627206500000000
  76.174332750000005   98.758731499999996


# temperature  660.000000000000000
#    0.000096733369633   -0.030159682830000    3.415102093045856 -164.265256431928862 2990.426889002929784
  56.417206380000003   96.523331200000001
  58.217621819999998   96.913378100000003
  60.055939350000003   97.253019600000002
  61.932553790000000   97.477802900000000
  63.847859960000001   97.696518600000005
  65.802252670000001   98.017353900000003
  67.796126729999997   98.397841799999995
  69.829876949999999   98.489970700000001
  71.903898150000003   98.600599799999998
  74.018585150000007   98.661356100000006
  76.174332750000005   98.788994599999995


# temperature  670.000000000000000
#    0.000096773188200   -0.030171527318381    3.416334717052384 -164.317145947266482 2992.607219159237502
  56.417206380000003   96.617237299999999
  58.217621819999998   96.996247999999994
  60.055939350000003   97.326243099999999
  61.932553790000000   97.544597999999993
  63.847859960000001   97.757063200000005
  65.802252670000001   98.068675099999993
  67.796126729999997   98.438141099999996
  69.829876949999999   98.527607700000004
  71.903898150000003   98.635022899999996
  74.018585150000007   98.694006900000005
  76.174332750000005   98.817927699999998


# temperature  680.000000000000000
#    0.000096811180289   -0.030182828752611    3.417510612213183 -164.366621989925193 2994.732764723172750
  56.417206380000003   96.707164800000001
  58.217621819999998   97.075593799999993
  60.055939350000003   97.396341800000002
  61.932553790000000   97.608536799999996
  63.847859960000001   97.815012499999995
  65.802252670000001   98.117789099999996
  67.796126729999997   98.476701800000001
  69.829876949999999   98.563618899999994
  71.903898150000003   98.667957299999998
  74.018585150000007   98.725245200000003
  76.174332750000005   98.845607400000006


# temperature  690.000000000000000
#    0.000096847438183   -0.030193615392993    3.418632792790347 -164.413814821549011 2996.805953460319415
  56.417206380000003   96.793333500000003
  58.217621819999998   97.151611099999997
  60.055939350000003   97.463489800000005
  61.932553790000000   97.669779100000000
  63.847859960000001   97.870512000000005
  65.802252670000001   98.164820199999994
  67.796126729999997   98.513622100000006
  69.829876949999999   98.598096200000001
  71.903898150000003   98.699487500000004
  74.018585150000007   98.755150900000004
  76.174332750000005   98.872104899999997


# temperature  700.000000000000000
#    0.000096882024717   -0.030203907114717    3.419703398894377 -164.458815350705521 2998.828547952318331
  56.417206380000003   96.875948199999996
  58.217621819999998   97.224482100000003
  60.055939350000003   97.527849500000002
  61.932553790000000   97.728473399999999
  63.847859960000001   97.923697200000007
  65.802252670000001   98.209884000000002
  67.796126729999997   98.548993499999995
  69.829876949999999   98.631125400000002
  71.903898150000003   98.729691799999998
  74.018585150000007   98.783798599999997
  76.174332750000005   98.897486299999997


# temperature  710.000000000000000
#    0.000096915084816   -0.030213745196290    3.420726662232108 -164.501805568110569 3000.803784642560004
  56.417206380000003   96.955200300000001
  58.217621819999998   97.294376999999997
  60.055939350000003   97.589572200000006
  61.932553790000000   97.784758499999995
  63.847859960000001   97.974694400000004
  65.802252670000001   98.253088199999993
  67.796126729999997   98.582901100000001
  69.829876949999999   98.662786100000005
  71.903898150000003   98.758643500000005
  74.018585150000007   98.811257699999999
  76.174332750000005   98.921813400000005


# temperature  720.000000000000000
#    0.000096946671925   -0.030223146606278    3.421704411884959 -164.542863054042925 3002.733200118465902
  56.417206380000003   97.031268499999996
  58.217621819999998   97.361454499999994
  60.055939350000003   97.648799299999993
  61.932553790000000   97.838763700000001
  63.847859960000001   98.023621300000002
  65.802252670000001   98.294533500000000
  67.796126729999997   98.615424300000001
  69.829876949999999   98.693152799999993
  71.903898150000003   98.786410500000002
  74.018585150000007   98.837592900000004
  76.174332750000005   98.945143599999994


# temperature  730.000000000000000
#    0.000096976912739   -0.030232147652902    3.422640391298498 -164.582149809924005 3004.619713920671984
  56.417206380000003   97.104319799999999
  58.217621819999998   97.425863100000001
  60.055939350000003   97.705662599999997
  61.932553790000000   97.890609900000001
  63.847859960000001   98.070588000000001
  65.802252670000001   98.334313499999993
  67.796126729999997   98.646637200000001
  69.829876949999999   98.722294599999998
  71.903898150000003   98.813056599999996
  74.018585150000007   98.862864500000001
  76.174332750000005   98.967530499999995


# temperature  740.000000000000000
#    0.000097005850658   -0.030240762499647    3.423536154827096 -164.619732701530893 3006.464696854658541
  56.417206380000003   97.174510600000005
  58.217621819999998   97.487741799999995
  60.055939350000003   97.760285699999997
  61.932553790000000   97.940410000000000
  63.847859960000001   98.115697400000002
  65.802252670000001   98.372516099999999
  67.796126729999997   98.676608999999999
  69.829876949999999   98.750276600000007
  71.903898150000003   98.838641100000004
  74.018585150000007   98.887128899999993
  76.174332750000005   98.989024200000003


# temperature  750.000000000000000
#    0.000097033581894   -0.030249018527817    3.424394492821670 -164.655729980369131 3008.270307219592269
  56.417206380000003   97.241987199999997
  58.217621819999998   97.547220300000006
  60.055939350000003   97.812784100000002
  61.932553790000000   97.988269799999998
  63.847859960000001   98.159045699999993
  65.802252670000001   98.409223100000006
  67.796126729999997   98.705404599999994
  69.829876949999999   98.777159200000000
  71.903898150000003   98.863219400000006
  74.018585150000007   98.910438799999994
  76.174332750000005   99.009671499999996


# temperature  760.000000000000000
#    0.000097060142012   -0.030256927397313    3.425216681917175 -164.690195956207276 3010.037690188640227
  56.417206380000003   97.306886899999995
  58.217621819999998   97.604420700000006
  60.055939350000003   97.863265999999996
  61.932553790000000   98.034288399999994
  63.847859960000001   98.200723100000005
  65.802252670000001   98.444511500000004
  67.796126729999997   98.733084399999996
  69.829876949999999   98.802999099999994
  71.903898150000003   98.886843700000000
  74.018585150000007   98.932843399999996
  76.174332750000005   99.029516099999995


# temperature  770.000000000000000
#    0.000097085633002   -0.030264518128413    3.426005699200963 -164.723259082527193 3011.769191650169887
  56.417206380000003   97.369338400000004
  58.217621819999998   97.659457000000003
  60.055939350000003   97.911832799999999
  61.932553790000000   98.078558500000000
  63.847859960000001   98.240813900000006
  65.802252670000001   98.478453099999996
  67.796126729999997   98.759705199999999
  69.829876949999999   98.827849400000005
  71.903898150000003   98.909562399999999
  74.018585150000007   98.954389000000006
  76.174332750000005   99.048598999999996


# temperature  780.000000000000000
#    0.000097110110305   -0.030271807186118    3.426763262732999 -164.754992347601302 3013.466239001214490
  56.417206380000003   97.429462599999994
  58.217621819999998   97.712436499999995
  60.055939350000003   97.958579700000001
  61.932553790000000   98.121167200000002
  63.847859960000001   98.279397299999999
  65.802252670000001   98.511115300000000
  67.796126729999997   98.785320200000001
  69.829876949999999   98.851759999999999
  71.903898150000003   98.931421099999994
  74.018585150000007   98.975118800000004
  76.174332750000005   99.066958600000007


# temperature  790.000000000000000
#    0.000097133598095   -0.030278802878001    3.427490301581647 -164.785435355214133 3015.129726110222236
  56.417206380000003   97.487372899999997
  58.217621819999998   97.763459900000001
  60.055939350000003   98.003596200000004
  61.932553790000000   98.162196199999997
  63.847859960000001   98.316547700000001
  65.802252670000001   98.542561500000005
  67.796126729999997   98.809979299999995
  69.829876949999999   98.874777399999999
  71.903898150000003   98.952462699999998
  74.018585150000007   98.995073399999995
  76.174332750000005   99.084631000000002


# temperature  800.000000000000000
#    0.000097156163713   -0.030285524536424    3.428188799585294 -164.814672673613131 3016.761256237971793
  56.417206380000003   97.543176099999997
  58.217621819999998   97.812621699999994
  60.055939350000003   98.046966100000006
  61.932553790000000   98.201722399999994
  63.847859960000001   98.352334900000002
  65.802252670000001   98.572851000000000
  67.796126729999997   98.833729300000002
  69.829876949999999   98.896945500000001
  71.903898150000003   98.972727199999994
  74.018585150000007   99.014290900000006
  76.174332750000005   99.101650000000006


# temperature  810.000000000000000
#    0.000097177862176   -0.030291988314343    3.428860439687297 -164.842776644953631 3018.362242595940643
  56.417206380000003   97.596972500000007
  58.217621819999998   97.860011000000000
  60.055939350000003   98.088768500000000
  61.932553790000000   98.239817900000006
  63.847859960000001   98.386824599999997
  65.802252670000001   98.602039800000000
  67.796126729999997   98.856614300000004
  69.829876949999999   98.918305399999994
  71.903898150000003   98.992252500000006
  74.018585150000007   99.032807000000005
  76.174332750000005   99.118047300000001


# temperature  820.000000000000000
#    0.000097198720009   -0.030298202561352    3.429506109228308 -164.869783916603296 3019.933492497923453
  56.417206380000003   97.648856699999996
  58.217621819999998   97.905711499999995
  60.055939350000003   98.129077600000002
  61.932553790000000   98.276550799999995
  63.847859960000001   98.420078500000002
  65.802252670000001   98.630180300000006
  67.796126729999997   98.878675700000002
  69.829876949999999   98.938896000000000
  71.903898150000003   99.011073800000005
  74.018585150000007   99.050655500000005
  76.174332750000005   99.133852800000000


# temperature  830.000000000000000
#    0.000097218808217   -0.030304187406415    3.430127867832918 -164.895783221736565 3021.476674484414616
  56.417206380000003   97.698917800000004
  58.217621819999998   97.949802199999993
  60.055939350000003   98.167963400000005
  61.932553790000000   98.311984899999999
  63.847859960000001   98.452154600000000
  65.802252670000001   98.657322100000002
  67.796126729999997   98.899952400000004
  69.829876949999999   98.958753599999994
  71.903898150000003   99.029224700000000
  74.018585150000007   99.067867899999996
  76.174332750000005   99.149094500000004


# temperature  840.000000000000000
#    0.000097238160812   -0.030309953256242    3.430726821699622 -164.920822021021479 3022.992781397239014
  56.417206380000003   97.747239699999994
  58.217621819999998   97.992357299999995
  60.055939350000003   98.205491899999998
  61.932553790000000   98.346180500000003
  63.847859960000001   98.483107899999993
  65.802252670000001   98.683511600000003
  67.796126729999997   98.920481100000003
  69.829876949999999   98.977912500000002
  71.903898150000003   99.046736400000000
  74.018585150000007   99.084474099999994
  76.174332750000005   99.163798999999997


# temperature  850.000000000000000
#    0.000097256761501   -0.030315496698686    3.431302666922867 -164.944884513977570 3024.481743361346616
  56.417206380000003   97.793901700000006
  58.217621819999998   98.033447199999998
  60.055939350000003   98.241725299999999
  61.932553790000000   98.379194499999997
  63.847859960000001   98.512989899999994
  65.802252670000001   98.708792799999998
  67.796126729999997   98.940296500000002
  69.829876949999999   98.996404999999996
  71.903898150000003   99.063638699999998
  74.018585150000007   99.100502199999994
  76.174332750000005   99.177991100000000


# temperature  860.000000000000000
#    0.000097274720632   -0.030320848413862    3.431858527692210 -164.968107566521439 3025.946021681505954
  56.417206380000003   97.838978499999996
  58.217621819999998   98.073137900000006
  60.055939350000003   98.276722199999995
  61.932553790000000   98.411080400000003
  63.847859960000001   98.541849299999996
  65.802252670000001   98.733207100000001
  67.796126729999997   98.959430900000001
  69.829876949999999   99.014261700000006
  71.903898150000003   99.079959400000007
  74.018585150000007   99.115978600000005
  76.174332750000005   99.191694299999995


# temperature  870.000000000000000
#    0.000097292005758   -0.030326000576283    3.432393656425430 -164.990456073771469 3027.385221639077372
  56.417206380000003   97.882540700000007
  58.217621819999998   98.111491999999998
  60.055939350000003   98.310537999999994
  61.932553790000000   98.441889000000003
  63.847859960000001   98.569732200000004
  65.802252670000001   98.756793599999995
  67.796126729999997   98.977915400000001
  69.829876949999999   99.031511300000005
  71.903898150000003   99.095724700000005
  74.018585150000007   99.130928299999994
  76.174332750000005   99.204930899999994


# temperature  880.000000000000000
#    0.000097308700205   -0.030330976386805    3.432910410046721 -165.012032459360000 3028.801215870649230
  56.417206380000003   97.924655099999995
  58.217621819999998   98.148568499999996
  60.055939350000003   98.343225200000006
  61.932553790000000   98.471668100000002
  63.847859960000001   98.596681899999993
  65.802252670000001   98.779589099999995
  67.796126729999997   98.995778799999997
  69.829876949999999   99.048180900000006
  71.903898150000003   99.110959699999995
  74.018585150000007   99.145374899999993
  76.174332750000005   99.217721600000004


# temperature  890.000000000000000
#    0.000097324824625   -0.030335782033092    3.433409428772703 -165.032862900231919 3030.194610876495062
  56.417206380000003   97.965384900000004
  58.217621819999998   98.184423499999994
  60.055939350000003   98.374833100000004
  61.932553790000000   98.500462700000000
  63.847859960000001   98.622739499999994
  65.802252670000001   98.801628699999995
  67.796126729999997   99.013048699999999
  69.829876949999999   99.064296299999995
  71.903898150000003   99.125687799999994
  74.018585150000007   99.159340700000001
  76.174332750000005   99.230086299999996


# temperature  900.000000000000000
#    0.000097340363667   -0.030340414595868    3.433890493393323 -165.052937766081499 3031.565449654683562
  56.417206380000003   98.004789799999998
  58.217621819999998   98.219109599999996
  60.055939350000003   98.405408600000001
  61.932553790000000   98.528315800000001
  63.847859960000001   98.647943799999993
  65.802252670000001   98.822945099999998
  67.796126729999997   99.029751000000005
  69.829876949999999   99.079881599999993
  71.903898150000003   99.139931200000007
  74.018585150000007   99.172846800000002
  76.174332750000005   99.242043699999996


# temperature  910.000000000000000
#    0.000097355382446   -0.030344891959939    3.434355394842923 -165.072333513981391 3032.915146398547677
  56.417206380000003   98.042926399999999
  58.217621819999998   98.252677000000006
  60.055939350000003   98.434995999999998
  61.932553790000000   98.555267799999996
  63.847859960000001   98.672331499999999
  65.802252670000001   98.843569700000003
  67.796126729999997   99.045910300000003
  69.829876949999999   99.094959799999998
  71.903898150000003   99.153710799999999
  74.018585150000007   99.185913099999993
  76.174332750000005   99.253611399999997


# temperature  920.000000000000000
#    0.000097369902906   -0.030349220669252    3.434804814647209 -165.091078787065243 3034.244342544201118
  56.417206380000003   98.079848299999995
  58.217621819999998   98.285173000000000
  60.055939350000003   98.463637300000002
  61.932553790000000   98.581356999999997
  63.847859960000001   98.695937599999993
  65.802252670000001   98.863532000000006
  67.796126729999997   99.061549799999995
  69.829876949999999   99.109552699999995
  71.903898150000003   99.167046600000006
  74.018585150000007   99.198558399999996
  76.174332750000005   99.264806199999995


# temperature  930.000000000000000
#    0.000097383931401   -0.030353403204847    3.435239041764727 -165.109185611323454 3035.553412491239669
  56.417206380000003   98.115606299999996
  58.217621819999998   98.316642700000003
  60.055939350000003   98.491372200000001
  61.932553790000000   98.606619699999996
  63.847859960000001   98.718794799999998
  65.802252670000001   98.882859999999994
  67.796126729999997   99.076691400000001
  69.829876949999999   99.123680800000002
  71.903898150000003   99.179957400000006
  74.018585150000007   99.210800599999999
  76.174332750000005   99.275643900000006


# temperature  940.000000000000000
#    0.000097397481725   -0.030357444087085    3.435658573358615 -165.126675443419714 3036.842883743515813
  56.417206380000003   98.150248599999998
  58.217621819999998   98.347128499999997
  60.055939350000003   98.518238600000004
  61.932553790000000   98.631090400000005
  63.847859960000001   98.740934499999995
  65.802252670000001   98.901580199999998
  67.796126729999997   99.091356200000007
  69.829876949999999   99.137363600000000
  71.903898150000003   99.192460999999994
  74.018585150000007   99.222656599999993
  76.174332750000005   99.286139399999996


# temperature  950.000000000000000
#    0.000097410623382   -0.030361361971021    3.436065246697651 -165.143626086355567 3038.114164385163349
  56.417206380000003   98.183820999999995
  58.217621819999998   98.376671000000002
  60.055939350000003   98.544272000000007
  61.932553790000000   98.654801699999993
  63.847859960000001   98.762386300000003
  65.802252670000001   98.919717800000001
  67.796126729999997   99.105563799999999
  69.829876949999999   99.150619599999999
  71.903898150000003   99.204574399999998
  74.018585150000007   99.234142599999998
  76.174332750000005   99.296307100000007


# temperature  960.000000000000000
#    0.000097423301935   -0.030365143426877    3.436457799741425 -165.159982967286737 3039.366546740131525
  56.417206380000003   98.216366899999997
  58.217621819999998   98.405308500000004
  60.055939350000003   98.569506599999997
  61.932553790000000   98.677784700000004
  63.847859960000001   98.783178399999997
  65.802252670000001   98.937296599999996
  67.796126729999997   99.119332999999997
  69.829876949999999   99.163466299999996
  71.903898150000003   99.216313600000007
  74.018585150000007   99.245273600000004
  76.174332750000005   99.306160500000004


