   0.000000000000000    0.000000000000000
  10.000000000000000    0.000002842553636
  20.000000000000000    0.000034590392289
  30.000000000000000    0.000194581871795
  40.000000000000000    0.000544421346290
  50.000000000000000    0.001024087945957
  60.000000000000000    0.001550241216531
  70.000000000000000    0.002066062683297
  80.000000000000000    0.002541973274712
  90.000000000000000    0.002966227655452
 100.000000000000000    0.003337047978815
 110.000000000000000    0.003657607916778
 120.000000000000000    0.003933151721987
 130.000000000000000    0.004169455691948
 140.000000000000000    0.004372070871523
 150.000000000000000    0.004545996707064
 160.000000000000000    0.004695580874129
 170.000000000000000    0.004824529762217
 180.000000000000000    0.004935967983600
 190.000000000000000    0.005032514125102
 200.000000000000000    0.005116357035123
 210.000000000000000    0.005189325749876
 220.000000000000000    0.005252950375117
 230.000000000000000    0.005308513569833
 240.000000000000000    0.005357093270114
 250.000000000000000    0.005399598737339
 260.000000000000000    0.005436798972075
 270.000000000000000    0.005469347146539
 280.000000000000000    0.005497799773508
 290.000000000000000    0.005522632906031
 300.000000000000000    0.005544255062262
 310.000000000000000    0.005563018384757
 320.000000000000000    0.005579227114768
 330.000000000000000    0.005593145189052
 340.000000000000000    0.005605002482281
 350.000000000000000    0.005614999644886
 360.000000000000000    0.005623312492892
 370.000000000000000    0.005630095275006
 380.000000000000000    0.005635484490277
 390.000000000000000    0.005639600260586
 400.000000000000000    0.005642549358708
 410.000000000000000    0.005644426540372
 420.000000000000000    0.005645316468979
 430.000000000000000    0.005645294628151
 440.000000000000000    0.005644428654678
 450.000000000000000    0.005642779291623
 460.000000000000000    0.005640401548803
 470.000000000000000    0.005637344663613
 480.000000000000000    0.005633653381884
 490.000000000000000    0.005629368075485
 500.000000000000000    0.005624525821764
 510.000000000000000    0.005619160284254
 520.000000000000000    0.005613301751641
 530.000000000000000    0.005606978575930
 540.000000000000000    0.005600216353301
 550.000000000000000    0.005593038861603
 560.000000000000000    0.005585467766398
 570.000000000000000    0.005577523067241
 580.000000000000000    0.005569223647165
 590.000000000000000    0.005560586499031
 600.000000000000000    0.005551627650767
 610.000000000000000    0.005542362064179
 620.000000000000000    0.005532803673367
 630.000000000000000    0.005522965448044
 640.000000000000000    0.005512859554032
 650.000000000000000    0.005502497246138
 660.000000000000000    0.005491889691852
 670.000000000000000    0.005481046520087
 680.000000000000000    0.005469977581830
 690.000000000000000    0.005458691820006
 700.000000000000000    0.005447197766592
 710.000000000000000    0.005435503531266
 720.000000000000000    0.005423617098321
 730.000000000000000    0.005411545647623
 740.000000000000000    0.005399296219151
 750.000000000000000    0.005386875611909
 760.000000000000000    0.005374290177238
 770.000000000000000    0.005361546228348
 780.000000000000000    0.005348649657704
 790.000000000000000    0.005335606320392
 800.000000000000000    0.005322421586447
 810.000000000000000    0.005309100855149
 820.000000000000000    0.005295649255353
 830.000000000000000    0.005282071864312
 840.000000000000000    0.005268373439583
 850.000000000000000    0.005254558714763
 860.000000000000000    0.005240632306618
 870.000000000000000    0.005226598657192
 880.000000000000000    0.005212461626134
 890.000000000000000    0.005198226329259
 900.000000000000000    0.005183896723585
 910.000000000000000    0.005169475873794
 920.000000000000000    0.005154968385994
 930.000000000000000    0.005140378198979
 940.000000000000000    0.005125708835289
 950.000000000000000    0.005110964340805
 960.000000000000000    0.005096148014814
