# Temperature: 0.000000
# Parameters: -14.828580 0.474490 5.123817 66.387013
  56.417206380000003       -14.335545705829224
  58.217621819999998       -14.517331966095036
  60.055939350000003       -14.654322778563568
  61.932553790000000       -14.748103820516759
  63.847859960000001       -14.805856695893093
  65.802252670000001       -14.819106848469993
  67.796126729999997       -14.824656009583174
  69.829876949999999       -14.791754780862203
  71.903898150000003       -14.737788331669963
  74.018585150000007       -14.661381428679205
  76.174332750000005       -14.570521519111391


# Temperature: 10.000000
# Parameters: -14.828581 0.474485 5.123986 66.387021
  56.417206380000003       -14.335545807399004
  58.217621819999998       -14.517332118449708
  60.055939350000003       -14.654322965120310
  61.932553790000000       -14.748104292090742
  63.847859960000001       -14.805857221361245
  65.802252670000001       -14.819107490017895
  67.796126729999997       -14.824656266616905
  69.829876949999999       -14.791755230671233
  71.903898150000003       -14.737789449973981
  74.018585150000007       -14.661385585785247
  76.174332750000005       -14.570526439027217


# Temperature: 20.000000
# Parameters: -14.828589 0.474423 5.126076 66.387169
  56.417206380000003       -14.335549886773071
  58.217621819999998       -14.517337384531931
  60.055939350000003       -14.654329109055642
  61.932553790000000       -14.748114856384406
  63.847859960000001       -14.805868743312846
  65.802252670000001       -14.819120864063363
  67.796126729999997       -14.824665510503417
  69.829876949999999       -14.791767959023092
  71.903898150000003       -14.737813536522079
  74.018585150000007       -14.661443120920556
  76.174332750000005       -14.570598041577213


# Temperature: 30.000000
# Parameters: -14.828641 0.474199 5.132507 66.388116
  56.417206380000003       -14.335570432888799
  58.217621819999998       -14.517363723234462
  60.055939350000003       -14.654360536611492
  61.932553790000000       -14.748161903921600
  63.847859960000001       -14.805921222760478
  65.802252670000001       -14.819182712805091
  67.796126729999997       -14.824730245692496
  69.829876949999999       -14.791846374003409
  71.903898150000003       -14.737940880153392
  74.018585150000007       -14.661675298039544
  76.174332750000005       -14.570887389009441


# Temperature: 40.000000
# Parameters: -14.828828 0.473746 5.142449 66.391322
  56.417206380000003       -14.335631820420806
  58.217621819999998       -14.517443146657605
  60.055939350000003       -14.654457329503636
  61.932553790000000       -14.748295032884732
  63.847859960000001       -14.806072568989356
  65.802252670000001       -14.819365973710198
  67.796126729999997       -14.824968774032085
  69.829876949999999       -14.792116675028819
  71.903898150000003       -14.738322164820367
  74.018585150000007       -14.662246357551162
  76.174332750000005       -14.571582059981127


# Temperature: 50.000000
# Parameters: -14.829272 0.473067 5.152997 66.398200
  56.417206380000003       -14.335774644115904
  58.217621819999998       -14.517627211829552
  60.055939350000003       -14.654682303459575
  61.932553790000000       -14.748587112336786
  63.847859960000001       -14.806405779020638
  65.802252670000001       -14.819773496546350
  67.796126729999997       -14.825531417761837
  69.829876949999999       -14.792734702272803
  71.903898150000003       -14.739118085317454
  74.018585150000007       -14.663305402857693
  76.174332750000005       -14.572838055311840


# Temperature: 60.000000
# Parameters: -14.830085 0.472202 5.161837 66.409504
  56.417206380000003       -14.336051872614959
  58.217621819999998       -14.517979341823636
  60.055939350000003       -14.655109012620098
  61.932553790000000       -14.749118837396018
  63.847859960000001       -14.807009199908238
  65.802252670000001       -14.820508565343847
  67.796126729999997       -14.826544622967859
  69.829876949999999       -14.793829249327120
  71.903898150000003       -14.740451380433743
  74.018585150000007       -14.664958726735096
  76.174332750000005       -14.574758153255823


# Temperature: 70.000000
# Parameters: -14.831353 0.471192 5.167816 66.425387
  56.417206380000003       -14.336520065776092
  58.217621819999998       -14.518563341118087
  60.055939350000003       -14.655807830333565
  61.932553790000000       -14.749963651305606
  63.847859960000001       -14.807960231971087
  65.802252670000001       -14.821655537951624
  67.796126729999997       -14.828095002762801
  69.829876949999999       -14.795486858827429
  71.903898150000003       -14.742399857803717
  74.018585150000007       -14.667270507811505
  76.174332750000005       -14.577398606889007


# Temperature: 80.000000
# Parameters: -14.833136 0.470076 5.170590 66.445640
  56.417206380000003       -14.337232025375526
  58.217621819999998       -14.519435590269270
  60.055939350000003       -14.656838054696484
  61.932553790000000       -14.751180666641742
  63.847859960000001       -14.809318905022693
  65.802252670000001       -14.823275022509087
  67.796126729999997       -14.830234299695165
  69.829876949999999       -14.797757692772073
  71.903898150000003       -14.745005239806044
  74.018585150000007       -14.670272368490926
  76.174332750000005       -14.580782015487692


# Temperature: 90.000000
# Parameters: -14.835468 0.468882 5.170236 66.469881
  56.417206380000003       -14.338232827667559
  58.217621819999998       -14.520641799824404
  60.055939350000003       -14.658245509226546
  61.932553790000000       -14.752813508661850
  63.847859960000001       -14.811127742599277
  65.802252670000001       -14.825406205259652
  67.796126729999997       -14.832988539466733
  69.829876949999999       -14.800665440757859
  71.903898150000003       -14.748283852228402
  74.018585150000007       -14.673973263496917
  76.174332750000005       -14.584908771857462


# Temperature: 100.000000
# Parameters: -14.838369 0.467636 5.167031 66.497674
  56.417206380000003       -14.339558537179480
  58.217621819999998       -14.522216657936600
  60.055939350000003       -14.660063155390580
  61.932553790000000       -14.754891937311804
  63.847859960000001       -14.813414234873036
  65.802252670000001       -14.828071294746891
  67.796126729999997       -14.836366088110903
  69.829876949999999       -14.804215888116607
  71.903898150000003       -14.752235298119505
  74.018585150000007       -14.678367365004179
  76.174332750000005       -14.589765558956298


# Temperature: 110.000000
# Parameters: -14.841846 0.466354 5.161312 66.528588
  56.417206380000003       -14.341236455453886
  58.217621819999998       -14.524184894774709
  60.055939350000003       -14.662312952989836
  61.932553790000000       -14.757434347086253
  63.847859960000001       -14.816193965550390
  65.802252670000001       -14.831279912116505
  67.796126729999997       -14.840363672593298
  69.829876949999999       -14.808403248480074
  71.903898150000003       -14.756848691893520
  74.018585150000007       -14.683439716344230
  76.174332750000005       -14.595331134189973


# Temperature: 120.000000
# Parameters: -14.845897 0.465049 5.153411 66.562224
  56.417206380000003       -14.343286117054399
  58.217621819999998       -14.526562871364909
  60.055939350000003       -14.665008002453234
  61.932553790000000       -14.760450296945313
  63.847859960000001       -14.819473524229995
  65.802252670000001       -14.835032740373448
  67.796126729999997       -14.844970624977623
  69.829876949999999       -14.813214552009061
  71.903898150000003       -14.762106900386655
  74.018585150000007       -14.689170082329241
  76.174332750000005       -14.601580094748941


# Temperature: 130.000000
# Parameters: -14.850515 0.463732 5.143639 66.598232
  56.417206380000003       -14.345720521876578
  58.217621819999998       -14.529360204707190
  60.055939350000003       -14.668154540994472
  61.932553790000000       -14.763942705465553
  63.847859960000001       -14.823252948223200
  65.802252670000001       -14.839324314441638
  67.796126729999997       -14.850171771982287
  69.829876949999999       -14.818632599208488
  71.903898150000003       -14.767989331880424
  74.018585150000007       -14.695535485387298
  76.174332750000005       -14.608485251024646


# Temperature: 140.000000
# Parameters: -14.855688 0.462410 5.132256 66.636305
  56.417206380000003       -14.348547376786673
  58.217621819999998       -14.532581250901449
  60.055939350000003       -14.671753641314812
  61.932553790000000       -14.767909640748279
  63.847859960000001       -14.827527622323522
  65.802252670000001       -14.844145087798076
  67.796126729999997       -14.855949385534775
  69.829876949999999       -14.824637911481757
  71.903898150000003       -14.774473748811312
  74.018585150000007       -14.702511815132494
  76.174332750000005       -14.616019077606401


# Temperature: 150.000000
# Parameters: -14.861405 0.461088 5.119492 66.676181
  56.417206380000003       -14.351770195269971
  58.217621819999998       -14.536226354041233
  60.055939350000003       -14.675802578649408
  61.932553790000000       -14.772345705085121
  63.847859960000001       -14.832289726694238
  65.802252670000001       -14.849482910416800
  67.796126729999997       -14.862284465867456
  69.829876949999999       -14.831209999716588
  71.903898150000003       -14.781537404730480
  74.018585150000007       -14.710074851317737
  76.174332750000005       -14.624154575588097


# Temperature: 160.000000
# Parameters: -14.867649 0.459771 5.105544 66.717636
  56.417206380000003       -14.355389246797319
  58.217621819999998       -14.540292854656556
  60.055939350000003       -14.680295895177169
  61.932553790000000       -14.777243101440735
  63.847859960000001       -14.837529310606076
  65.802252670000001       -14.855324069340931
  67.796126729999997       -14.869157586205048
  69.829876949999999       -14.838328170624715
  71.903898150000003       -14.789157760474353
  74.018585150000007       -14.718200875326275
  76.174332750000005       -14.632865762797863


# Temperature: 170.000000
# Parameters: -14.874406 0.458462 5.090561 66.760482
  56.417206380000003       -14.359402327926324
  58.217621819999998       -14.544775897090027
  60.055939350000003       -14.685226221906827
  61.932553790000000       -14.782592424246108
  63.847859960000001       -14.843235074939100
  65.802252670000001       -14.861654024545370
  67.796126729999997       -14.876549427560612
  69.829876949999999       -14.845972035627215
  71.903898150000003       -14.797312909099420
  74.018585150000007       -14.726867028775224
  76.174332750000005       -14.642127926686095


# Temperature: 180.000000
# Parameters: -14.881660 0.457162 5.074681 66.804555
  56.417206380000003       -14.363805387266428
  58.217621819999998       -14.549669049279789
  60.055939350000003       -14.690584894314195
  61.932553790000000       -14.788383240833717
  63.847859960000001       -14.849394931852926
  65.802252670000001       -14.868457905385020
  67.796126729999997       -14.884441119719806
  69.829876949999999       -14.854121821782408
  71.903898150000003       -14.805981818406002
  74.018585150000007       -14.736051504218002
  76.174332750000005       -14.651917731077361


# Temperature: 190.000000
# Parameters: -14.889397 0.455875 5.058016 66.849717
  56.417206380000003       -14.368593017781425
  58.217621819999998       -14.554964787807053
  60.055939350000003       -14.696362412515459
  61.932553790000000       -14.794604524663750
  63.847859960000001       -14.855996415211559
  65.802252670000001       -14.875720852615467
  67.796126729999997       -14.892814445416885
  69.829876949999999       -14.862758542796207
  71.903898150000003       -14.815144458418690
  74.018585150000007       -14.745733638422706
  76.174332750000005       -14.662213246226775


# Temperature: 200.000000
# Parameters: -14.897600 0.454602 5.040660 66.895851
  56.417206380000003       -14.373758845449338
  58.217621819999998       -14.560654862718170
  60.055939350000003       -14.702548787433573
  61.932553790000000       -14.801244962106303
  63.847859960000001       -14.863026956272797
  65.802252670000001       -14.883428246406789
  67.796126729999997       -14.901651950195891
  69.829876949999999       -14.871864096446190
  71.903898150000003       -14.824781848025523
  74.018585150000007       -14.755893924809227
  76.174332750000005       -14.672993912545067


# Temperature: 210.000000
# Parameters: -14.906257 0.453342 5.022687 66.942856
  56.417206380000003       -14.379295823607491
  58.217621819999998       -14.566730568031897
  60.055939350000003       -14.709133787467724
  61.932553790000000       -14.808293174236608
  63.847859960000001       -14.870474088900647
  65.802252670000001       -14.891565853516083
  67.796126729999997       -14.910937002523374
  69.829876949999999       -14.881421294637965
  71.903898150000003       -14.834876065342268
  74.018585150000007       -14.766514001012132
  76.174332750000005       -14.684240483595136


# Temperature: 220.000000
# Parameters: -14.915351 0.452099 5.004169 66.990643
  56.417206380000003       -14.385196469257725
  58.217621819999998       -14.573182958352513
  60.055939350000003       -14.716107119867951
  61.932553790000000       -14.815737877481121
  63.847859960000001       -14.878325580155039
  65.802252670000001       -14.900119918492990
  67.796126729999997       -14.920653802079810
  69.829876949999999       -14.891413864441597
  71.903898150000003       -14.845410212473903
  74.018585150000007       -14.777576605350758
  76.174332750000005       -14.695934950432934


# Temperature: 230.000000
# Parameters: -14.924871 0.450872 4.985165 67.039138
  56.417206380000003       -14.391453035113162
  58.217621819999998       -14.580002993969494
  60.055939350000003       -14.723458568579838
  61.932553790000000       -14.823567988296581
  63.847859960000001       -14.886569519424492
  65.802252670000001       -14.909077213428157
  67.796126729999997       -14.930787379759597
  69.829876949999999       -14.901826429435934
  71.903898150000003       -14.856368383385421
  74.018585150000007       -14.789065520862192
  76.174332750000005       -14.708060462839052


# Temperature: 240.000000
# Parameters: -14.934804 0.449661 4.965710 67.088275
  56.417206380000003       -14.398057648479336
  58.217621819999998       -14.587181660046552
  60.055939350000003       -14.731178078195054
  61.932553790000000       -14.831772698829138
  63.847859960000001       -14.895194379575278
  65.802252670000001       -14.918425069046025
  67.796126729999997       -14.941323564505414
  69.829876949999999       -14.912644469287978
  71.903898150000003       -14.867735604825512
  74.018585150000007       -14.800965508969988
  76.174332750000005       -14.720601245368201


# Temperature: 250.000000
# Parameters: -14.945137 0.448468 4.945857 67.137997
  56.417206380000003       -14.405002407641847
  58.217621819999998       -14.594710048499310
  60.055939350000003       -14.739255825464763
  61.932553790000000       -14.840341527699232
  63.847859960000001       -14.904189042862065
  65.802252670000001       -14.928151375741260
  67.796126729999997       -14.952248959470413
  69.829876949999999       -14.923854280368687
  71.903898150000003       -14.879497784505258
  74.018585150000007       -14.813262253517133
  76.174332750000005       -14.733542518580796


# Temperature: 260.000000
# Parameters: -14.955858 0.447293 4.925634 67.188254
  56.417206380000003       -14.412279462707611
  58.217621819999998       -14.602579411889476
  60.055939350000003       -14.747682257647408
  61.932553790000000       -14.849264344875834
  63.847859960000001       -14.913542827875014
  65.802252670000001       -14.938244583578751
  67.796126729999997       -14.963550892269760
  69.829876949999999       -14.935442932223067
  71.903898150000003       -14.891641654094677
  74.018585150000007       -14.825942292361924
  76.174332750000005       -14.746870421310993


# Temperature: 270.000000
# Parameters: -14.966956 0.446135 4.905076 67.239000
  56.417206380000003       -14.419881066389747
  58.217621819999998       -14.610781213173301
  60.055939350000003       -14.756448121528644
  61.932553790000000       -14.858531389295692
  63.847859960000001       -14.923245484357640
  65.802252670000001       -14.948693684674359
  67.796126729999997       -14.975217383887840
  69.829876949999999       -14.947398211603147
  71.903898150000003       -14.904154711182855
  74.018585150000007       -14.838992957265230
  76.174332750000005       -14.760571942262542


# Temperature: 280.000000
# Parameters: -14.978422 0.444996 4.884205 67.290198
  56.417206380000003       -14.427799617537493
  58.217621819999998       -14.619307146430112
  60.055939350000003       -14.765544477931302
  61.932553790000000       -14.868133276118314
  63.847859960000001       -14.933287196316094
  65.802252670000001       -14.959488194539247
  67.796126729999997       -14.987237102039067
  69.829876949999999       -14.959708589302346
  71.903898150000003       -14.917025170565896
  74.018585150000007       -14.852402315850620
  76.174332750000005       -14.774634849531802


# Temperature: 290.000000
# Parameters: -14.990244 0.443875 4.863050 67.341812
  56.417206380000003       -14.436027688083284
  58.217621819999998       -14.628149156554409
  60.055939350000003       -14.774962710006807
  61.932553790000000       -14.878060992580263
  63.847859960000001       -14.943658570618474
  65.802252670000001       -14.970618133424209
  67.796126729999997       -14.999599321783698
  69.829876949999999       -14.972363162115583
  71.903898150000003       -14.930241909316345
  74.018585150000007       -14.866159119783045
  76.174332750000005       -14.789047631531433


# Temperature: 300.000000
# Parameters: -15.002413 0.442774 4.841624 67.393811
  56.417206380000003       -14.444558045844133
  58.217621819999998       -14.637299451692982
  60.055939350000003       -14.784694524271604
  61.932553790000000       -14.888305894885882
  63.847859960000001       -14.954350624557708
  65.802252670000001       -14.982073999372574
  67.796126729999997       -15.012293887180045
  69.829876949999999       -14.985351618637223
  71.903898150000003       -14.943794421180410
  74.018585150000007       -14.880252751911099
  76.174332750000005       -14.803799445169089


# Temperature: 310.000000
# Parameters: -15.014921 0.441691 4.819952 67.446167
  56.417206380000003       -14.453383662813041
  58.217621819999998       -14.646750503244911
  60.055939350000003       -14.794731945425017
  61.932553790000000       -14.898859696806593
  63.847859960000001       -14.965354771341584
  65.802252670000001       -14.993846744382411
  67.796126729999997       -15.025311173973131
  69.829876949999999       -14.998664197804009
  71.903898150000003       -14.957672772011639
  74.018585150000007       -14.894673180664252
  76.174332750000005       -14.818880054698251


# Temperature: 320.000000
# Parameters: -15.027758 0.440627 4.798046 67.498854
  56.417206380000003       -14.462497726559686
  58.217621819999998       -14.656495051043697
  60.055939350000003       -14.805067312203558
  61.932553790000000       -14.909714459316650
  63.847859960000001       -14.976662803509932
  65.802252670000001       -15.005927753677996
  67.796126729999997       -15.038642053319771
  69.829876949999999       -15.012291649510878
  71.903898150000003       -14.971867560386720
  74.018585150000007       -14.909410919632236
  76.174332750000005       -14.834279797516171


# Temperature: 330.000000
# Parameters: -15.040916 0.439582 4.775918 67.551851
  56.417206380000003       -14.471893640230427
  58.217621819999998       -14.666526092993001
  60.055939350000003       -14.815693265980226
  61.932553790000000       -14.920862576083156
  63.847859960000001       -14.988266875315370
  65.802252670000001       -15.018308814617029
  67.796126729999997       -15.052277859659352
  69.829876949999999       -15.026225199372449
  71.903898150000003       -14.986369878221275
  74.018585150000007       -14.924456984035123
  76.174332750000005       -14.849989529233266


# Temperature: 340.000000
# Parameters: -15.054388 0.438556 4.753583 67.605136
  56.417206380000003       -14.481565024621151
  58.217621819999998       -14.676836890248770
  60.055939350000003       -14.826602742473099
  61.932553790000000       -14.932296761028955
  63.847859960000001       -15.000159485104064
  65.802252670000001       -15.030982099071375
  67.796126729999997       -15.066210360657468
  69.829876949999999       -15.040456517630245
  71.903898150000003       -15.001171275531373
  74.018585150000007       -14.939802858594117
  76.174332750000005       -14.866000594653187


# Temperature: 350.000000
# Parameters: -15.068166 0.437550 4.731053 67.658690
  56.417206380000003       -14.491505716104427
  58.217621819999998       -14.687420951672850
  60.055939350000003       -14.837788962417500
  61.932553790000000       -14.944010032786229
  63.847859960000001       -15.012333460805753
  65.802252670000001       -15.043940141662121
  67.796126729999997       -15.080431728185991
  69.829876949999999       -15.054977691169171
  71.903898150000003       -15.016263731413581
  74.018585150000007       -14.955440459183786
  76.174332750000005       -14.882304786315764


# Temperature: 360.000000
# Parameters: -15.082242 0.436563 4.708339 67.712495
  56.417206380000003       -14.501709762483797
  58.217621819999998       -14.698272027614422
  60.055939350000003       -14.849245414983171
  61.932553790000000       -14.955995704332251
  63.847859960000001       -15.024781936095948
  65.802252670000001       -15.057175815921767
  67.796126729999997       -15.094934510339547
  69.829876949999999       -15.069781190351881
  71.903898150000003       -15.031639621915755
  74.018585150000007       -14.971362108994237
  76.174332750000005       -14.898894313404211


# Temperature: 370.000000
# Parameters: -15.096611 0.435596 4.685438 67.766536
  56.417206380000003       -14.512171418848066
  58.217621819999998       -14.709384108873579
  60.055939350000003       -14.860965851555724
  61.932553790000000       -14.968247362260835
  63.847859960000001       -15.037498344177370
  65.802252670000001       -15.070682315638550
  67.796126729999997       -15.109711610706999
  69.829876949999999       -15.084859847253822
  71.903898150000003       -15.047291693089955
  74.018585150000007       -14.987560506401923
  76.174332750000005       -14.915761775834474


# Temperature: 380.000000
# Parameters: -15.111264 0.434648 4.662377 67.820798
  56.417206380000003       -14.522885141352750
  58.217621819999998       -14.720751405972791
  60.055939350000003       -14.872944268117378
  61.932553790000000       -14.980758858490947
  63.847859960000001       -15.050476393942148
  65.802252670000001       -15.084453135164345
  67.796126729999997       -15.124756260387933
  69.829876949999999       -15.100206832861852
  71.903898150000003       -15.063213036118210
  74.018585150000007       -15.004028701131817
  76.174332750000005       -14.932900130053161


# Temperature: 390.000000
# Parameters: -15.126197 0.433720 4.639152 67.875266
  56.417206380000003       -14.533845582037948
  58.217621819999998       -14.732368350193349
  60.055939350000003       -14.885174902137694
  61.932553790000000       -14.993524293683869
  63.847859960000001       -15.063710058571125
  65.802252670000001       -15.098482054904698
  67.796126729999997       -15.140062003482690
  69.829876949999999       -15.115815631163583
  71.903898150000003       -15.079397068656849
  74.018585150000007       -15.020760068346769
  76.174332750000005       -14.950302673491141


# Temperature: 400.000000
# Parameters: -15.141403 0.432811 4.615772 67.929929
  56.417206380000003       -14.545047579500494
  58.217621819999998       -14.744229580101804
  60.055939350000003       -14.897652213917894
  61.932553790000000       -15.006538011024647
  63.847859960000001       -15.077193561023892
  65.802252670000001       -15.112763121626724
  67.796126729999997       -15.155622670145279
  69.829876949999999       -15.131680023600985
  71.903898150000003       -15.095837505816556
  74.018585150000007       -15.037748289991820
  76.174332750000005       -14.967963011397909


# Temperature: 410.000000
# Parameters: -15.156877 0.431922 4.592242 67.984773
  56.417206380000003       -14.556486154748260
  58.217621819999998       -14.756329933258565
  60.055939350000003       -14.910370877263029
  61.932553790000000       -15.019794572384285
  63.847859960000001       -15.090921359528817
  65.802252670000001       -15.127290634985560
  67.796126729999997       -15.171432365182687
  69.829876949999999       -15.147794066269011
  71.903898150000003       -15.112528349798113
  74.018585150000007       -15.054987335102108
  76.174332750000005       -14.985875047513744


# Temperature: 420.000000
# Parameters: -15.172612 0.431053 4.568571 68.039788
  56.417206380000003       -14.568156503945168
  58.217621819999998       -14.768664435853635
  60.055939350000003       -14.923325773263413
  61.932553790000000       -15.033288759356170
  63.847859960000001       -15.104888137218790
  65.802252670000001       -15.142059129905126
  67.796126729999997       -15.187485447326356
  69.829876949999999       -15.164152077478473
  71.903898150000003       -15.129463861908885
  74.018585150000007       -15.072471439074340
  76.174332750000005       -15.004032956086199


# Temperature: 430.000000
# Parameters: -15.188604 0.430204 4.544762 68.094963
  56.417206380000003       -14.580053989083357
  58.217621819999998       -14.781228299597332
  60.055939350000003       -14.936511976821087
  61.932553790000000       -15.047015554600401
  63.847859960000001       -15.119088786584813
  65.802252670000001       -15.157063368286712
  67.796126729999997       -15.203776515758639
  69.829876949999999       -15.180748615991098
  71.903898150000003       -15.146638558417118
  74.018585150000007       -15.090195087083973
  76.174332750000005       -15.022431167360134


# Temperature: 440.000000
# Parameters: -15.204848 0.429374 4.520817 68.150288
  56.417206380000003       -14.592174135910323
  58.217621819999998       -14.794016907210322
  60.055939350000003       -14.949924746285555
  61.932553790000000       -15.060970132515948
  63.847859960000001       -15.133518402221029
  65.802252670000001       -15.172298321389722
  67.796126729999997       -15.220300395602829
  69.829876949999999       -15.197578471691681
  71.903898150000003       -15.164047183604850
  74.018585150000007       -15.108153001648091
  76.174332750000005       -15.041064354104170


# Temperature: 450.000000
# Parameters: -15.221339 0.428565 4.496738 68.205754
  56.417206380000003       -14.604512622528238
  58.217621819999998       -14.807025807241480
  60.055939350000003       -14.963559516198798
  61.932553790000000       -15.075147853022091
  63.847859960000001       -15.148172268387599
  65.802252670000001       -15.187759162576700
  67.796126729999997       -15.237052124449619
  69.829876949999999       -15.214636649005277
  71.903898150000003       -15.181684702512932
  74.018585150000007       -15.126340126042592
  76.174332750000005       -15.059927412955018


# Temperature: 460.000000
# Parameters: -15.238072 0.427775 4.472543 68.261351
  56.417206380000003       -14.617065275248237
  58.217621819999998       -14.820250707849342
  60.055939350000003       -14.977411890040289
  61.932553790000000       -15.089544246012039
  63.847859960000001       -15.163045847610015
  65.802252670000001       -15.203441252803357
  67.796126729999997       -15.254026938883559
  69.829876949999999       -15.231918355496495
  71.903898150000003       -15.199546286431055
  74.018585150000007       -15.144751611865066
  76.174332750000005       -15.079015453016789


# Temperature: 470.000000
# Parameters: -15.255042 0.427005 4.448225 68.317070
  56.417206380000003       -14.629828061335438
  58.217621819999998       -14.833687466437832
  60.055939350000003       -14.991477629862729
  61.932553790000000       -15.104155008243632
  63.847859960000001       -15.178134772387688
  65.802252670000001       -15.219340131290735
  67.796126729999997       -15.271220265155220
  69.829876949999999       -15.249418990468822
  71.903898150000003       -15.217627301497057
  74.018585150000007       -15.163382805561254
  76.174332750000005       -15.098323782387450


# Temperature: 480.000000
# Parameters: -15.272246 0.426255 4.423791 68.372903
  56.417206380000003       -14.642797085899662
  58.217621819999998       -14.847332085510565
  60.055939350000003       -15.005752648000644
  61.932553790000000       -15.118975995047947
  63.847859960000001       -15.193434840011816
  65.802252670000001       -15.235451506197366
  67.796126729999997       -15.288627707780501
  69.829876949999999       -15.267134132527497
  71.903898150000003       -15.235923295223394
  74.018585150000007       -15.182229239097213
  76.174332750000005       -15.117847896758136


# Temperature: 490.000000
# Parameters: -15.289678 0.425525 4.399234 68.428843
  56.417206380000003       -14.655968582567599
  58.217621819999998       -14.861180705415860
  60.055939350000003       -15.020233001888244
  61.932553790000000       -15.134003206855741
  63.847859960000001       -15.208941998055419
  65.802252670000001       -15.251771247364292
  67.796126729999997       -15.306245037103515
  69.829876949999999       -15.285059530251683
  71.903898150000003       -15.254429989242141
  74.018585150000007       -15.201286616485769
  76.174332750000005       -15.137583469048883


# Temperature: 500.000000
# Parameters: -15.307336 0.424815 4.374569 68.484882
  56.417206380000003       -14.669338907264242
  58.217621819999998       -14.875229596055322
  60.055939350000003       -15.034914887840864
  61.932553790000000       -15.149232788161042
  63.847859960000001       -15.224652340227628
  65.802252670000001       -15.268295374914377
  67.796126729999997       -15.324068187223739
  69.829876949999999       -15.303191094939477
  71.903898150000003       -15.273143266867882
  74.018585150000007       -15.220550808604395
  76.174332750000005       -15.157526339044374


# Temperature: 510.000000
# Parameters: -15.325215 0.424125 4.349805 68.541010
  56.417206380000003       -14.682904538212894
  58.217621819999998       -14.889475154811002
  60.055939350000003       -15.049794629654286
  61.932553790000000       -15.164661017156865
  63.847859960000001       -15.240562100155129
  65.802252670000001       -15.285020051997316
  67.796126729999997       -15.342093239413190
  69.829876949999999       -15.321524887134364
  71.903898150000003       -15.292059166879152
  74.018585150000007       -15.240017838685228
  76.174332750000005       -15.177672504066086


# Temperature: 520.000000
# Parameters: -15.343312 0.423455 4.324925 68.597224
  56.417206380000003       -14.696662064534477
  58.217621819999998       -14.903913896181125
  60.055939350000003       -15.064868678604729
  61.932553790000000       -15.180284299516670
  63.847859960000001       -15.256667639981476
  65.802252670000001       -15.301941579607508
  67.796126729999997       -15.360316416934289
  69.829876949999999       -15.340057114552376
  71.903898150000003       -15.311173873154178
  74.018585150000007       -15.259683881278658
  76.174332750000005       -15.198018108608046


# Temperature: 530.000000
# Parameters: -15.361623 0.422805 4.299944 68.653514
  56.417206380000003       -14.710608186247530
  58.217621819999998       -14.918542450743665
  60.055939350000003       -15.080133603084585
  61.932553790000000       -15.196099165285078
  63.847859960000001       -15.272965449330663
  65.802252670000001       -15.319056388292646
  67.796126729999997       -15.378734081930590
  69.829876949999999       -15.358784118608540
  71.903898150000003       -15.330483708452308
  74.018585150000007       -15.279545244634063
  76.174332750000005       -15.218559441227534


# Temperature: 540.000000
# Parameters: -15.380144 0.422175 4.274863 68.709875
  56.417206380000003       -14.724739707013226
  58.217621819999998       -14.933357557901363
  60.055939350000003       -15.095586086529574
  61.932553790000000       -15.212102257477181
  63.847859960000001       -15.289452135979282
  65.802252670000001       -15.336361031935152
  67.796126729999997       -15.397342719880381
  69.829876949999999       -15.377702373380451
  71.903898150000003       -15.349985125086189
  74.018585150000007       -15.299598372772682
  76.174332750000005       -15.239292921071552


# Temperature: 550.000000
# Parameters: -15.398872 0.421565 4.249689 68.766299
  56.417206380000003       -14.739053527916814
  58.217621819999998       -14.948356059663167
  60.055939350000003       -15.111222919127323
  61.932553790000000       -15.228290333114966
  63.847859960000001       -15.306124421710829
  65.802252670000001       -15.353852180497206
  67.796126729999997       -15.416138942705963
  69.829876949999999       -15.396808473171165
  71.903898150000003       -15.369674700776050
  74.018585150000007       -15.319839834086908
  76.174332750000005       -15.260215096840398


# Temperature: 560.000000
# Parameters: -15.417804 0.420976 4.224418 68.822780
  56.417206380000003       -14.753546650576899
  58.217621819999998       -14.963534899607804
  60.055939350000003       -15.127040994708102
  61.932553790000000       -15.244660251826627
  63.847859960000001       -15.322979135060708
  65.802252670000001       -15.371526615875025
  67.796126729999997       -15.435119475300105
  69.829876949999999       -15.416099130436335
  71.903898150000003       -15.389549131394729
  74.018585150000007       -15.340266312012456
  76.174332750000005       -15.281322634350536


# Temperature: 570.000000
# Parameters: -15.436937 0.420406 4.199048 68.879313
  56.417206380000003       -14.768216164708322
  58.217621819999998       -14.978891115628802
  60.055939350000003       -15.143037305562673
  61.932553790000000       -15.261208975846568
  63.847859960000001       -15.340013208206956
  65.802252670000001       -15.389381226716743
  67.796126729999997       -15.454281152416774
  69.829876949999999       -15.435571166456381
  71.903898150000003       -15.409605223712674
  74.018585150000007       -15.360874608137651
  76.174332750000005       -15.302612315498189


# Temperature: 580.000000
# Parameters: -15.456267 0.419856 4.173596 68.935890
  56.417206380000003       -14.783059248122166
  58.217621819999998       -14.994421837861628
  60.055939350000003       -15.159208939333029
  61.932553790000000       -15.277933563796841
  63.847859960000001       -15.357223671788118
  65.802252670000001       -15.407413002203850
  67.796126729999997       -15.473620914525418
  69.829876949999999       -15.455221510300065
  71.903898150000003       -15.429839892288678
  74.018585150000007       -15.381661627693447
  76.174332750000005       -15.324081028931491


# Temperature: 590.000000
# Parameters: -15.475792 0.419326 4.148050 68.992506
  56.417206380000003       -14.798073162580042
  58.217621819999998       -15.010124282465140
  60.055939350000003       -15.175553070720971
  61.932553790000000       -15.294831165505018
  63.847859960000001       -15.374607650757531
  65.802252670000001       -15.425619028941904
  67.796126729999997       -15.493135802628840
  69.829876949999999       -15.475047191569503
  71.903898150000003       -15.450250152214888
  74.018585150000007       -15.402624378517000
  76.174332750000005       -15.345725766941209


# Temperature: 600.000000
# Parameters: -15.495509 0.418817 4.122415 69.049156
  56.417206380000003       -14.813255253794102
  58.217621819999998       -15.025995750585153
  60.055939350000003       -15.192066964597394
  61.932553790000000       -15.311899017858480
  63.847859960000001       -15.392162357128342
  65.802252670000001       -15.443996482669139
  67.796126729999997       -15.512822949971792
  69.829876949999999       -15.495045334181606
  71.903898150000003       -15.470833114971102
  74.018585150000007       -15.423759964833129
  76.174332750000005       -15.367543622351462


# Temperature: 610.000000
# Parameters: -15.515415 0.418327 4.096693 69.105833
  56.417206380000003       -14.828602938989910
  58.217621819999998       -15.042033621099458
  60.055939350000003       -15.208747964601590
  61.932553790000000       -15.329134444804421
  63.847859960000001       -15.409885091009945
  65.802252670000001       -15.462542630329299
  67.796126729999997       -15.532679583077392
  69.829876949999999       -15.515213153258800
  71.903898150000003       -15.491585985315480
  74.018585150000007       -15.445065585181437
  76.174332750000005       -15.389531776082613


# Temperature: 620.000000
# Parameters: -15.535507 0.417858 4.070892 69.162532
  56.417206380000003       -14.844113716234286
  58.217621819999998       -15.058235352690673
  60.055939350000003       -15.225593497286967
  61.932553790000000       -15.346534846985588
  63.847859960000001       -15.427773232316554
  65.802252670000001       -15.481254821780237
  67.796126729999997       -15.552703013455718
  69.829876949999999       -15.535547952019758
  71.903898150000003       -15.512506055066005
  74.018585150000007       -15.466538526197773
  76.174332750000005       -15.411687503369818


# Temperature: 630.000000
# Parameters: -15.555783 0.417409 4.045008 69.219246
  56.417206380000003       -14.859785148888909
  58.217621819999998       -15.074598474518409
  60.055939350000003       -15.242601059683913
  61.932553790000000       -15.364097703813123
  63.847859960000001       -15.445824241803642
  65.802252670000001       -15.500130485648210
  67.796126729999997       -15.572890635530957
  69.829876949999999       -15.556047116597254
  71.903898150000003       -15.533590698954761
  74.018585150000007       -15.488176156395664
  76.174332750000005       -15.434008161325913


# Temperature: 640.000000
# Parameters: -15.576240 0.416980 4.019049 69.275972
  56.417206380000003       -14.875614873901727
  58.217621819999998       -15.091120589328545
  60.055939350000003       -15.259768226554799
  61.932553790000000       -15.381820569320871
  63.847859960000001       -15.464035652776525
  65.802252670000001       -15.519167129327872
  67.796126729999997       -15.593239922495695
  69.829876949999999       -15.576708111892463
  71.903898150000003       -15.554837372555088
  74.018585150000007       -15.509975925129890
  76.174332750000005       -15.456491188941419


# Temperature: 650.000000
# Parameters: -15.596875 0.416571 3.992998 69.332703
  56.417206380000003       -14.891600589369844
  58.217621819999998       -15.107799366198247
  60.055939350000003       -15.277092637956853
  61.932553790000000       -15.399701065946809
  63.847859960000001       -15.482405070053934
  65.802252670000001       -15.538362330690875
  67.796126729999997       -15.613748422165218
  69.829876949999999       -15.597528479502113
  71.903898150000003       -15.576243609172302
  74.018585150000007       -15.531935361560063
  76.174332750000005       -15.479134102938829


# Temperature: 660.000000
# Parameters: -15.617687 0.416181 3.966891 69.389434
  56.417206380000003       -14.907740060758076
  58.217621819999998       -15.124632538463114
  60.055939350000003       -15.294572002351442
  61.932553790000000       -15.417736885569486
  63.847859960000001       -15.500930169968019
  65.802252670000001       -15.557713742231559
  67.796126729999997       -15.634413755941079
  69.829876949999999       -15.618505831499920
  71.903898150000003       -15.597807012588708
  74.018585150000007       -15.554052065322784
  76.174332750000005       -15.501934493626907


# Temperature: 670.000000
# Parameters: -15.638673 0.415813 3.940693 69.446160
  56.417206380000003       -14.924031112607537
  58.217621819999998       -15.141617902680750
  60.055939350000003       -15.312204093494790
  61.932553790000000       -15.435925783289452
  63.847859960000001       -15.519608692072937
  65.802252670000001       -15.577219078629851
  67.796126729999997       -15.655233614665397
  69.829876949999999       -15.639637852509445
  71.903898150000003       -15.619525258100031
  74.018585150000007       -15.576323706531644
  76.174332750000005       -15.524890022827833


# Temperature: 680.000000
# Parameters: -15.659831 0.415464 3.914430 69.502875
  56.417206380000003       -14.940471625426367
  58.217621819999998       -15.158753316557915
  60.055939350000003       -15.329986743182999
  61.932553790000000       -15.454265578465691
  63.847859960000001       -15.538438440181277
  65.802252670000001       -15.596876124006236
  67.796126729999997       -15.676205752402296
  69.829876949999999       -15.660922292449108
  71.903898150000003       -15.641396088369705
  74.018585150000007       -15.598748023704374
  76.174332750000005       -15.547998418695075


# Temperature: 690.000000
# Parameters: -15.681157 0.415135 3.888095 69.559575
  56.417206380000003       -14.957059539835432
  58.217621819999998       -15.176036692731964
  60.055939350000003       -15.347917845397753
  61.932553790000000       -15.472754148497062
  63.847859960000001       -15.557417279254786
  65.802252670000001       -15.616682721557511
  67.796126729999997       -15.697327988510763
  69.829876949999999       -15.682356963422906
  71.903898150000003       -15.663417309283174
  74.018585150000007       -15.621322817544284
  76.174332750000005       -15.571257476749812


# Temperature: 700.000000
# Parameters: -15.702652 0.414827 3.861682 69.616255
  56.417206380000003       -14.973792849313341
  58.217621819999998       -15.193466000843699
  60.055939350000003       -15.365995348014895
  61.932553790000000       -15.491389430895154
  63.847859960000001       -15.576543130222223
  65.802252670000001       -15.636636773556763
  67.796126729999997       -15.718598204535359
  69.829876949999999       -15.703939739720425
  71.903898150000003       -15.685586788911458
  74.018585150000007       -15.644045954049544
  76.174332750000005       -15.594665052625949


# Temperature: 710.000000
# Parameters: -15.724311 0.414538 3.835194 69.672910
  56.417206380000003       -14.990669598123594
  58.217621819999998       -15.211039266500949
  60.055939350000003       -15.384217255913731
  61.932553790000000       -15.510169414992870
  63.847859960000001       -15.595813972052234
  65.802252670000001       -15.656736240316958
  67.796126729999997       -15.740014336951250
  69.829876949999999       -15.725668554707545
  71.903898150000003       -15.707902452329030
  74.018585150000007       -15.666915356221772
  76.174332750000005       -15.618219061033695


# Temperature: 720.000000
# Parameters: -15.746134 0.414270 3.808653 69.729534
  56.417206380000003       -15.007687881314583
  58.217621819999998       -15.228754560914297
  60.055939350000003       -15.402581625794872
  61.932553790000000       -15.529092145053708
  63.847859960000001       -15.615227837607627
  65.802252670000001       -15.676979137081663
  67.796126729999997       -15.761574381309895
  69.829876949999999       -15.747541398753594
  71.903898150000003       -15.730362283686663
  74.018585150000007       -15.689929001993184
  76.174332750000005       -15.641917475759559


# Temperature: 730.000000
# Parameters: -15.768117 0.414022 3.782048 69.786123
  56.417206380000003       -15.024845843683160
  58.217621819999998       -15.246610009188496
  60.055939350000003       -15.421086562034549
  61.932553790000000       -15.548155716126063
  63.847859960000001       -15.634782810536104
  65.802252670000001       -15.697363530915752
  67.796126729999997       -15.783276384984072
  69.829876949999999       -15.769556313012794
  71.903898150000003       -15.752964321029296
  74.018585150000007       -15.713084927335865
  76.174332750000005       -15.665758324484221


# Temperature: 740.000000
# Parameters: -15.790260 0.413793 3.755371 69.842672
  56.417206380000003       -15.042141674592514
  58.217621819999998       -15.264603784103913
  60.055939350000003       -15.439730221866732
  61.932553790000000       -15.567358271970360
  63.847859960000001       -15.654477024233829
  65.802252670000001       -15.717887540705425
  67.796126729999997       -15.805118447167880
  69.829876949999999       -15.791711394606390
  71.903898150000003       -15.775706653186765
  74.018585150000007       -15.736381219006800
  76.174332750000005       -15.689739687746098


# Temperature: 750.000000
# Parameters: -15.812560 0.413585 3.728638 69.899176
  56.417206380000003       -15.059573610045017
  58.217621819999998       -15.282734099897969
  60.055939350000003       -15.458510806055298
  61.932553790000000       -15.586698005059066
  63.847859960000001       -15.674308660809006
  65.802252670000001       -15.738549331976062
  67.796126729999997       -15.827098717840302
  69.829876949999999       -15.814004786258382
  71.903898150000003       -15.798587420810216
  74.018585150000007       -15.759816012475003
  76.174332750000005       -15.713859696868507


# Temperature: 760.000000
# Parameters: -15.835016 0.413397 3.701827 69.955631
  56.417206380000003       -15.077139927500095
  58.217621819999998       -15.300999221592972
  60.055939350000003       -15.477426560966881
  61.932553790000000       -15.606173152430980
  63.847859960000001       -15.694275946936170
  65.802252670000001       -15.759347118965083
  67.796126729999997       -15.849215393619511
  69.829876949999999       -15.836434683550516
  71.903898150000003       -15.821604812226413
  74.018585150000007       -15.783387496067236
  76.174332750000005       -15.738116531886796


# Temperature: 770.000000
# Parameters: -15.857625 0.413229 3.674965 70.012032
  56.417206380000003       -15.094838946910656
  58.217621819999998       -15.319397450486155
  60.055939350000003       -15.496475777534451
  61.932553790000000       -15.625781994654806
  63.847859960000001       -15.714377154892613
  65.802252670000001       -15.780279160476239
  67.796126729999997       -15.871466716726440
  69.829876949999999       -15.858999322485166
  71.903898150000003       -15.844757060328448
  74.018585150000007       -15.807093898530889
  76.174332750000005       -15.762508419475502


# Temperature: 780.000000
# Parameters: -15.880386 0.413081 3.648042 70.068375
  56.417206380000003       -15.112669029686655
  58.217621819999998       -15.337927134513933
  60.055939350000003       -15.515656788148032
  61.932553790000000       -15.645522853756306
  63.847859960000001       -15.734610598412686
  65.802252670000001       -15.801343758843190
  67.796126729999997       -15.893850974984774
  69.829876949999999       -15.881696988813166
  71.903898150000003       -15.868042444648600
  74.018585150000007       -15.830933498361810
  76.174332750000005       -15.787033629839064


# Temperature: 790.000000
# Parameters: -15.903298 0.412953 3.621074 70.124654
  56.417206380000003       -15.130628575585831
  58.217621819999998       -15.356586655814795
  60.055939350000003       -15.534967964581844
  61.932553790000000       -15.665394095291141
  63.847859960000001       -15.754974635797069
  65.802252670000001       -15.822539256820219
  67.796126729999997       -15.916366497675259
  69.829876949999999       -15.904526008705982
  71.903898150000003       -15.891459288249052
  74.018585150000007       -15.854904615512911
  76.174332750000005       -15.811690479821111


# Temperature: 800.000000
# Parameters: -15.926357 0.412845 3.594044 70.180865
  56.417206380000003       -15.148716021677263
  58.217621819999998       -15.375374440057131
  60.055939350000003       -15.554407717994311
  61.932553790000000       -15.685394122126326
  63.847859960000001       -15.775467659548511
  65.802252670000001       -15.843864038618667
  67.796126729999997       -15.939011655535690
  69.829876949999999       -15.927484747719276
  71.903898150000003       -15.915005954612621
  74.018585150000007       -15.879005610357719
  76.174332750000005       -15.836477324613044


# Temperature: 810.000000
# Parameters: -15.949564 0.412757 3.566970 70.237005
  56.417206380000003       -15.166929840268528
  58.217621819999998       -15.394288946074978
  60.055939350000003       -15.573974496855204
  61.932553790000000       -15.705521376513074
  63.847859960000001       -15.796088105699667
  65.802252670000001       -15.865316528870498
  67.796126729999997       -15.961784859724492
  69.829876949999999       -15.950571614938625
  71.903898150000003       -15.938680845569888
  74.018585150000007       -15.903234884726825
  76.174332750000005       -15.861392562936173


# Temperature: 820.000000
# Parameters: -15.972915 0.412690 3.539801 70.293068
  56.417206380000003       -15.185268540978553
  58.217621819999998       -15.413328671050143
  60.055939350000003       -15.593666787982073
  61.932553790000000       -15.725774333868241
  63.847859960000001       -15.816834444485265
  65.802252670000001       -15.886895186409749
  67.796126729999997       -15.984684556638584
  69.829876949999999       -15.973785054688088
  71.903898150000003       -15.962482404408496
  74.018585150000007       -15.927590878798588
  76.174332750000005       -15.886434628750296


# Temperature: 830.000000
# Parameters: -15.996410 0.412641 3.512638 70.349050
  56.417206380000003       -15.203730666591909
  58.217621819999998       -15.432492145330082
  60.055939350000003       -15.613483110321678
  61.932553790000000       -15.746151510029312
  63.847859960000001       -15.837705182414947
  65.802252670000001       -15.908598509454656
  67.796126729999997       -16.007709234131937
  69.829876949999999       -15.997123550675937
  71.903898150000003       -15.986409110691007
  74.018585150000007       -15.952072069026292
  76.174332750000005       -15.911601997472273


# Temperature: 840.000000
# Parameters: -16.020048 0.412613 3.485377 70.404946
  56.417206380000003       -15.222314792022376
  58.217621819999998       -15.451777933464315
  60.055939350000003       -15.633422018059276
  61.932553790000000       -15.766651451926561
  63.847859960000001       -15.858698861236858
  65.802252670000001       -15.930425029389095
  67.796126729999997       -16.030857410114891
  69.829876949999999       -16.020585618739656
  71.903898150000003       -16.010459477145623
  74.018585150000007       -15.976676969174568
  76.174332750000005       -15.936893176648177


# Temperature: 850.000000
# Parameters: -16.043825 0.412605 3.458082 70.460754
  56.417206380000003       -15.241019524312959
  58.217621819999998       -15.471184630058728
  60.055939350000003       -15.653482098545771
  61.932553790000000       -15.787272739655904
  63.847859960000001       -15.879814054828357
  65.802252670000001       -15.952373311799018
  67.796126729999997       -16.054127641881980
  69.829876949999999       -16.044169813064499
  71.903898150000003       -16.034632054848331
  74.018585150000007       -16.001404126173689
  76.174332750000005       -15.962306711135426


# Temperature: 860.000000
# Parameters: -16.067742 0.412617 3.430753 70.516467
  56.417206380000003       -15.259843501599450
  58.217621819999998       -15.490710864957702
  60.055939350000003       -15.673661970224853
  61.932553790000000       -15.808013986478901
  63.847859960000001       -15.901049371268870
  65.802252670000001       -15.974441955436014
  67.796126729999997       -16.077518516784103
  69.829876949999999       -16.067874718928518
  71.903898150000003       -16.058925425967889
  74.018585150000007       -16.026252122192425
  76.174332750000005       -15.987841177920663


# Temperature: 870.000000
# Parameters: -16.091796 0.412649 3.403353 70.572082
  56.417206380000003       -15.278785391037575
  58.217621819999998       -15.510355293916275
  60.055939350000003       -15.693960282633004
  61.932553790000000       -15.828873835713475
  63.847859960000001       -15.922403446621338
  65.802252670000001       -15.996629589108037
  67.796126729999997       -16.101028654301384
  69.829876949999999       -16.091698953738977
  71.903898150000003       -16.083338204802292
  74.018585150000007       -16.051219569455906
  76.174332750000005       -16.013495188192593


# Temperature: 880.000000
# Parameters: -16.115987 0.412700 3.375947 70.627597
  56.417206380000003       -15.297843890875857
  58.217621819999998       -15.530116604818703
  60.055939350000003       -15.714375714326641
  61.932553790000000       -15.849850960733914
  63.847859960000001       -15.943874950114344
  65.802252670000001       -16.018934873752261
  67.796126729999997       -16.124656706043151
  69.829876949999999       -16.115641167032361
  71.903898150000003       -16.107869038815167
  74.018585150000007       -16.076305114391342
  76.174332750000005       -16.039267383196282


# Temperature: 890.000000
# Parameters: -16.140312 0.412771 3.348474 70.683004
  56.417206380000003       -15.317017724237045
  58.217621819999998       -15.549993513532756
  60.055939350000003       -15.734906971845696
  61.932553790000000       -15.870944062898015
  63.847859960000001       -15.965462579996403
  65.802252670000001       -16.041356498289364
  67.796126729999997       -16.148401353675109
  69.829876949999999       -16.139700037365081
  71.903898150000003       -16.132516604490078
  74.018585150000007       -16.101507430373015
  76.174332750000005       -16.065156435269600


# Temperature: 900.000000
# Parameters: -16.164771 0.412864 3.320896 70.738300
  56.417206380000003       -15.336305642227403
  58.217621819999998       -15.569984762873283
  60.055939350000003       -15.755552791786464
  61.932553790000000       -15.892151874656369
  63.847859960000001       -15.987165059390271
  65.802252670000001       -16.063893182732819
  67.796126729999997       -16.172261306846458
  69.829876949999999       -16.163874272313503
  71.903898150000003       -16.157279606294100
  74.018585150000007       -16.126825221868000
  76.174332750000005       -16.091161045770335


# Temperature: 910.000000
# Parameters: -16.189361 0.412974 3.293374 70.793484
  56.417206380000003       -15.355706423936704
  58.217621819999998       -15.590089121565795
  60.055939350000003       -15.776311936655892
  61.932553790000000       -15.913473151260941
  63.847859960000001       -16.008981143547913
  65.802252670000001       -16.086543673006762
  67.796126729999997       -16.196235303189926
  69.829876949999999       -16.188162609510339
  71.903898150000003       -16.182156778750681
  74.018585150000007       -16.152257221326892
  76.174332750000005       -16.117279944039804


# Temperature: 920.000000
# Parameters: -16.214082 0.413105 3.265794 70.848550
  56.417206380000003       -15.375218871256100
  58.217621819999998       -15.610305385282889
  60.055939350000003       -15.797183193835171
  61.932553790000000       -15.934906678020063
  63.847859960000001       -16.030909609486251
  65.802252670000001       -16.109306739909549
  67.796126729999997       -16.220322108321739
  69.829876949999999       -16.212563810426118
  71.903898150000003       -16.207146882293916
  74.018585150000007       -16.177802189183787
  76.174332750000005       -16.143511887402827


# Temperature: 930.000000
# Parameters: -16.238933 0.413256 3.238148 70.903493
  56.417206380000003       -15.394841811987405
  58.217621819999998       -15.630632374571388
  60.055939350000003       -15.818165377652566
  61.932553790000000       -15.956451264079874
  63.847859960000001       -16.052949264278567
  65.802252670000001       -16.132181185332339
  67.796126729999997       -16.244520512732365
  69.829876949999999       -16.237076665551303
  71.903898150000003       -16.232248704304993
  74.018585150000007       -16.203458911783443
  76.174332750000005       -16.169855660131308


# Temperature: 940.000000
# Parameters: -16.263912 0.413426 3.210480 70.958311
  56.417206380000003       -15.414574098806662
  58.217621819999998       -15.651068932779502
  60.055939350000003       -15.839257325237726
  61.932553790000000       -15.978105742424319
  63.847859960000001       -16.075098936763105
  65.802252670000001       -16.155165829821957
  67.796126729999997       -16.268829334895774
  69.829876949999999       -16.261699989214165
  71.903898150000003       -16.257461058075748
  74.018585150000007       -16.229226200344851
  76.174332750000005       -16.196310070334953


# Temperature: 950.000000
# Parameters: -16.289018 0.413617 3.182758 71.012998
  56.417206380000003       -15.434414606154867
  58.217621819999998       -15.671613929166096
  60.055939350000003       -15.860457899630960
  61.932553790000000       -15.999868971947993
  63.847859960000001       -16.097357481688757
  65.802252670000001       -16.178259525018021
  67.796126729999997       -16.293247414014470
  69.829876949999999       -16.286432622690057
  71.903898150000003       -16.282782782808688
  74.018585150000007       -16.255102891997655
  76.174332750000005       -16.222873954106994


# Temperature: 960.000000
# Parameters: -16.314249 0.413827 3.155007 71.067552
  56.417206380000003       -15.454362231274395
  58.217621819999998       -15.692266253718561
  60.055939350000003       -15.881765984601101
  61.932553790000000       -16.021739833310459
  63.847859960000001       -16.119723775569373
  65.802252670000001       -16.201461140179390
  67.796126729999997       -16.317773618310891
  69.829876949999999       -16.311273427982858
  71.903898150000003       -16.308212738434843
  74.018585150000007       -16.281087846672889
  76.174332750000005       -16.249546170342025


