        0.000000000000000        66.387013058173508
       10.000000000000000        66.387020856078593
       20.000000000000000        66.387169246496313
       30.000000000000000        66.388116408971626
       40.000000000000000        66.391321671175064
       50.000000000000000        66.398199504434388
       60.000000000000000        66.409503973806395
       70.000000000000000        66.425387326388062
       80.000000000000000        66.445639588253911
       90.000000000000000        66.469880942319705
      100.000000000000000        66.497674069837188
      110.000000000000000        66.528587527898608
      120.000000000000000        66.562224414579376
      130.000000000000000        66.598231748059874
      140.000000000000000        66.636304878049287
      150.000000000000000        66.676181228071627
      160.000000000000000        66.717636424787869
      170.000000000000000        66.760481684434538
      180.000000000000000        66.804554679973364
      190.000000000000000        66.849717124854052
      200.000000000000000        66.895851105094621
      210.000000000000000        66.942855903822547
      220.000000000000000        66.990643447260894
      230.000000000000000        67.039137836546246
      240.000000000000000        67.088275486248051
      250.000000000000000        67.137997103190330
      260.000000000000000        67.188253833130929
      270.000000000000000        67.239000442365281
      280.000000000000000        67.290198410398702
      290.000000000000000        67.341812024945142
      300.000000000000000        67.393811266393143
      310.000000000000000        67.446166987599554
      320.000000000000000        67.498854473931814
      330.000000000000000        67.551851219767869
      340.000000000000000        67.605135897759297
      350.000000000000000        67.658689574942372
      360.000000000000000        67.712494602479410
      370.000000000000000        67.766536337644681
      380.000000000000000        67.820797683599210
      390.000000000000000        67.875266184827524
      400.000000000000000        67.929928640102702
      410.000000000000000        67.984773322423536
      420.000000000000000        68.039788312493798
      430.000000000000000        68.094963246788737
      440.000000000000000        68.150288384154365
      450.000000000000000        68.205754401894708
      460.000000000000000        68.261350701670438
      470.000000000000000        68.317069715121377
      480.000000000000000        68.372902829087579
      490.000000000000000        68.428843077716763
      500.000000000000000        68.484881521207967
      510.000000000000000        68.541010149932845
      520.000000000000000        68.597223725851265
      530.000000000000000        68.653514120413590
      540.000000000000000        68.709874764057503
      550.000000000000000        68.766298701193648
      560.000000000000000        68.822780043700661
      570.000000000000000        68.879312847818071
      580.000000000000000        68.935889935634606
      590.000000000000000        68.992506271859227
      600.000000000000000        69.049156016228935
      610.000000000000000        69.105833109172082
      620.000000000000000        69.162531712051688
      630.000000000000000        69.219246492862482
      640.000000000000000        69.275971901512889
      650.000000000000000        69.332703365641365
      660.000000000000000        69.389433606870838
      670.000000000000000        69.446159818041082
      680.000000000000000        69.502875231489199
      690.000000000000000        69.559575245496518
      700.000000000000000        69.616255231175614
      710.000000000000000        69.672910063705942
      720.000000000000000        69.729533964003551
      730.000000000000000        69.786122774290448
      740.000000000000000        69.842671912608836
      750.000000000000000        69.899176184779549
      760.000000000000000        69.955631449786921
      770.000000000000000        70.012032489031455
      780.000000000000000        70.068374889275773
      790.000000000000000        70.124653844875411
      800.000000000000000        70.180865361617009
      810.000000000000000        70.237004740663082
      820.000000000000000        70.293067724778922
      830.000000000000000        70.349049527986239
      840.000000000000000        70.404946192810442
      850.000000000000000        70.460753551294616
      860.000000000000000        70.516466859120698
      870.000000000000000        70.572082297027237
      880.000000000000000        70.627597140626449
      890.000000000000000        70.683004122680885
      900.000000000000000        70.738299909258842
      910.000000000000000        70.793483867157633
      920.000000000000000        70.848549515435067
      930.000000000000000        70.903492741930108
      940.000000000000000        70.958310536807474
      950.000000000000000        71.012997617781522
      960.000000000000000        71.067551615097116
