   0.000000000000000       134.359763255994721
  10.000000000000000       134.293276342135698
  20.000000000000000       133.958429924226522
  30.000000000000000       133.401659813251513
  40.000000000000000       132.718786570568852
  50.000000000000000       131.966976406728463
  60.000000000000000       131.176156541593883
  70.000000000000000       130.361779282302678
  80.000000000000000       129.532009755499416
  90.000000000000000       128.691323859617569
 100.000000000000000       127.842277984855443
 110.000000000000000       126.986387676268109
 120.000000000000000       126.124584589664209
 130.000000000000000       125.257458647460723
 140.000000000000000       124.385392326917980
 150.000000000000000       123.508639149593677
 160.000000000000000       122.627370017707946
 170.000000000000000       121.741699878703258
 180.000000000000000       120.851707168710561
 190.000000000000000       119.957444619954870
 200.000000000000000       119.058946348425891
 210.000000000000000       118.156233930776295
 220.000000000000000       117.249318549527246
 230.000000000000000       116.338204997593010
 240.000000000000000       115.422892255333366
 250.000000000000000       114.503374816379107
 260.000000000000000       113.579643557311343
 270.000000000000000       112.651688259360384
 280.000000000000000       111.719494230932582
 290.000000000000000       110.783045801666347
 300.000000000000000       109.842326325613755
 310.000000000000000       108.897316229304764
 320.000000000000000       107.947996975391405
 330.000000000000000       106.994345859793725
 340.000000000000000       106.036341494913273
 350.000000000000000       105.073959902920180
 360.000000000000000       104.107177408870129
 370.000000000000000       103.135969125401203
 380.000000000000000       102.160309442124017
 390.000000000000000       101.180169173627903
 400.000000000000000       100.195523907205313
 410.000000000000000        99.206343265008655
 420.000000000000000        98.212597810666068
 430.000000000000000        97.214256699580943
 440.000000000000000        96.211290396961942
 450.000000000000000        95.203667124977500
 460.000000000000000        94.191353503284134
 470.000000000000000        93.174316349584018
 480.000000000000000        92.152522498333155
 490.000000000000000        91.125935503662518
 500.000000000000000        90.094521771355033
 510.000000000000000        89.058242526316192
 520.000000000000000        88.017063828835759
 530.000000000000000        86.970946047487089
 540.000000000000000        85.919847890567937
 550.000000000000000        84.863736815465927
 560.000000000000000        83.802566265293919
 570.000000000000000        82.736302562025472
 580.000000000000000        81.664896782461796
 590.000000000000000        80.588313147340330
 600.000000000000000        79.506503103729514
 610.000000000000000        78.419433158469687
 620.000000000000000        77.327051340341569
 630.000000000000000        76.229315738385736
 640.000000000000000        75.126189905862589
 650.000000000000000        74.017616437246971
 660.000000000000000        72.903559066620659
 670.000000000000000        71.783975388092728
 680.000000000000000        70.658809727750665
 690.000000000000000        69.528026075433544
 700.000000000000000        68.391579780085323
 710.000000000000000        67.249420309167519
 720.000000000000000        66.101508962732453
 730.000000000000000        64.947793956541332
 740.000000000000000        63.788246285596486
 750.000000000000000        62.622809893416125
 760.000000000000000        61.451454896779204
 770.000000000000000        60.274135275295251
 780.000000000000000        59.090823675134430
 790.000000000000000        57.901470579900597
 800.000000000000000        56.706053165713371
 810.000000000000000        55.504535755501841
 820.000000000000000        54.296895376780519
 830.000000000000000        53.083120811379160
 840.000000000000000        51.863175432442119
 850.000000000000000        50.637058037107202
 860.000000000000000        49.404755361535010
 870.000000000000000        48.166272562994720
 880.000000000000000        46.921623396937662
 890.000000000000000        45.670823467725484
 900.000000000000000        44.413908405332428
 910.000000000000000        43.150898256014301
 920.000000000000000        41.881850890630872
 930.000000000000000        40.606871788081179
 940.000000000000000        39.326014490543862
 950.000000000000000        38.039423538581900
 960.000000000000000        36.747222700092557
 970.000000000000000        35.449535077770932
 980.000000000000000        34.146606687231404
 990.000000000000000        32.838652244546360
1000.000000000000000        31.525936586037446
