   0.000000000000000    0.000000000000000
  10.000000000000000    0.000000000000000
  20.000000000000000   17.365953157318291
  30.000000000000000   37.186659460508963
  40.000000000000000   54.186981499707329
  50.000000000000000   66.504956689488608
  60.000000000000000   75.166492155706507
  70.000000000000000   81.314662281604257
  80.000000000000000   85.783770632045346
  90.000000000000000   89.126200326334214
 100.000000000000000   91.699650817958172
 110.000000000000000   93.737268984573888
 120.000000000000000   95.393675462971444
 130.000000000000000   96.773437889345217
 140.000000000000000   97.949051657435490
 150.000000000000000   98.971744104026570
 160.000000000000000   99.878303124662494
 170.000000000000000  100.696072360355160
 180.000000000000000  101.445323556766382
 190.000000000000000  102.141315320605642
 200.000000000000000  102.796024026349201
 210.000000000000000  103.418814097921143
 220.000000000000000  104.017184549651574
 230.000000000000000  104.596856511314400
 240.000000000000000  105.162570122396573
 250.000000000000000  105.718762133328710
 260.000000000000000  106.268604857369795
 270.000000000000000  106.814476471580562
 280.000000000000000  107.359268252062620
 290.000000000000000  107.905049091507678
 300.000000000000000  108.453486105194315
 310.000000000000000  109.006361459812624
 320.000000000000000  109.564861466735607
 330.000000000000000  110.130533021141304
 340.000000000000000  110.704761794593651
 350.000000000000000  111.288748502178350
 360.000000000000000  111.883616998116494
 370.000000000000000  112.489786257367811
 380.000000000000000  113.108833451860121
 390.000000000000000  113.742389219475442
 400.000000000000000  114.390202624257654
 410.000000000000000  115.053481584700052
 420.000000000000000  115.734207803488246
 430.000000000000000  116.433210688800301
 440.000000000000000  117.150832035834895
 450.000000000000000  117.888096660288269
 460.000000000000000  118.646910434379237
 470.000000000000000  119.427907343703552
 480.000000000000000  120.232228476461032
 490.000000000000000  121.061369856097727
 500.000000000000000  121.916467754053883
 510.000000000000000  122.799258280894719
 520.000000000000000  123.709726678184239
 530.000000000000000  124.650666252966033
 540.000000000000000  125.624763931066269
 550.000000000000000  126.631800664006732
 560.000000000000000  127.673029250046227
 570.000000000000000  128.751002383232105
 580.000000000000000  129.868587489705533
 590.000000000000000  131.028214551095147
 600.000000000000000  132.231497706030495
 610.000000000000000  133.478179012256447
 620.000000000000000  134.774854693410447
 630.000000000000000  136.123012579930958
 640.000000000000000  137.521934637799859
 650.000000000000000  138.981414702138864
 660.000000000000000  140.500138922373282
 670.000000000000000  142.079594617668761
 680.000000000000000  143.730624475888902
 690.000000000000000  145.452369479450880
 700.000000000000000  147.248021443258040
 710.000000000000000  149.125238668802183
 720.000000000000000  151.089569629775355
 730.000000000000000  153.145859772042598
 740.000000000000000  155.297472865413880
 750.000000000000000  157.553815469291294
 760.000000000000000  159.922482731868513
 770.000000000000000  162.407987370563205
 780.000000000000000  165.019007254857570
 790.000000000000000  167.767150035116344
 800.000000000000000  170.661067193374038
 810.000000000000000  173.713878928514902
 820.000000000000000  176.933915078395501
 830.000000000000000  180.330124060163513
 840.000000000000000  183.923718013660988
 850.000000000000000  187.729264954803512
 860.000000000000000  191.763504763937078
 870.000000000000000  196.045667478820548
 880.000000000000000  200.592698913905792
 890.000000000000000  205.427434264548367
 900.000000000000000  210.578009864024352
 910.000000000000000  216.079585049056931
 920.000000000000000  221.958568596094835
 930.000000000000000  228.244679313269444
 940.000000000000000  234.983506965986464
 950.000000000000000  242.215796183969360
 960.000000000000000  249.996029243990790
 970.000000000000000  258.384932862577273
 980.000000000000000  267.437792840879411
 990.000000000000000  277.230366770335252
1000.000000000000000  287.848889021552168
