   0.000000000000000    0.000000000000000
  10.000000000000000    3.007414255843495
  20.000000000000000   19.454083863779744
  30.000000000000000   39.059781406466136
  40.000000000000000   54.809870760445946
  50.000000000000000   66.274547985608876
  60.000000000000000   74.454716539128597
  70.000000000000000   80.352679030346536
  80.000000000000000   84.700638125965781
  90.000000000000000   87.990532648990666
 100.000000000000000   90.546881631034253
 110.000000000000000   92.585070206535278
 120.000000000000000   94.250314762074424
 130.000000000000000   95.642425544992960
 140.000000000000000   96.831378535246486
 150.000000000000000   97.867208473815708
 160.000000000000000   98.786357608533891
 170.000000000000000   99.615841699742958
 180.000000000000000  100.376029418826690
 190.000000000000000  101.082499953552357
 200.000000000000000  101.747357900848328
 210.000000000000000  102.380140742508317
 220.000000000000000  102.988471944718668
 230.000000000000000  103.578515911379924
 240.000000000000000  104.155313095626227
 250.000000000000000  104.723068878848650
 260.000000000000000  105.285324116952296
 270.000000000000000  105.845077579114260
 280.000000000000000  106.404928481932856
 290.000000000000000  106.967167177035861
 300.000000000000000  107.533801628263376
 310.000000000000000  108.106652855360906
 320.000000000000000  108.687378428392435
 330.000000000000000  109.277501058056927
 340.000000000000000  109.878452634765409
 350.000000000000000  110.491587413276605
 360.000000000000000  111.118215432566444
 370.000000000000000  111.759586589221271
 380.000000000000000  112.416914892374592
 390.000000000000000  113.091441353187449
 400.000000000000000  113.784367471509569
 410.000000000000000  114.496887436652116
 420.000000000000000  115.230235564404865
 430.000000000000000  115.985664873588291
 440.000000000000000  116.764463628708057
 450.000000000000000  117.567917630348816
 460.000000000000000  118.397368329699233
 470.000000000000000  119.254219103611007
 480.000000000000000  120.139904398298498
 490.000000000000000  121.055942686447551
 500.000000000000000  122.003892675266698
 510.000000000000000  122.985375499718231
 520.000000000000000  124.002121900319395
 530.000000000000000  125.055901640282570
 540.000000000000000  126.148631951649463
 550.000000000000000  127.282278256423268
 560.000000000000000  128.458936161164871
 570.000000000000000  129.680788930342175
 580.000000000000000  130.950150802252011
 590.000000000000000  132.269468735097007
 600.000000000000000  133.641369892945278
 610.000000000000000  135.068573947111076
 620.000000000000000  136.553924543977899
 630.000000000000000  138.100552046273066
 640.000000000000000  139.711643826580598
 650.000000000000000  141.390667807407368
 660.000000000000000  143.141333396689390
 670.000000000000000  144.967398436126587
 680.000000000000000  146.873007578703550
 690.000000000000000  148.862553893695434
 700.000000000000000  150.940602711066617
 710.000000000000000  153.112123186163501
 720.000000000000000  155.382314578432386
 730.000000000000000  157.756685028224808
 740.000000000000000  160.241107325828693
 750.000000000000000  162.841803335008166
 760.000000000000000  165.565381705019604
 770.000000000000000  168.418824515933807
 780.000000000000000  171.409545193670311
 790.000000000000000  174.545409050215568
 800.000000000000000  177.834533288124646
 810.000000000000000  181.285646968644585
 820.000000000000000  184.907784226161709
 830.000000000000000  188.710538376308136
 840.000000000000000  192.703749304365715
 850.000000000000000  196.897549375385097
 860.000000000000000  201.302459981087338
 870.000000000000000  205.928942361350522
 880.000000000000000  210.787655348664345
 890.000000000000000  215.888618526919004
 900.000000000000000  221.242029337955387
 910.000000000000000  226.856959850763985
 920.000000000000000  232.739489765218423
 930.000000000000000  238.895283478534253
 940.000000000000000  245.326020662175438
 950.000000000000000  252.028038105371195
 960.000000000000000  258.993796351068681
 970.000000000000000  266.203267129360029
 980.000000000000000  273.624761998472877
 990.000000000000000  281.212121037967336
1000.000000000000000  288.893291388737225
