# temperature   10.000000000000000
#    0.000409660331403   -0.116133234939704   12.324158743234433 -580.102549022965604 10217.496422120711941
  62.324676261675947    0.774710200000000
  64.313613969441761    0.975809500000000
  66.344422519635614    1.229310200000000
  68.417538066866115    1.657657400000000
  70.533396765741841    2.228192800000000
  72.692434770871515    3.039881500000000
  74.895088236863714    4.258618600000000
  77.141793318327004    6.233073800000000
  79.432986169870119    9.432482400000000
  81.769102946101640   14.879329400000000
  84.150579801630130   23.983297600000000
  86.577852891064325   35.294165000000000


# temperature   20.000000000000000
#    0.000340646022403   -0.093674564254669    9.682121229097275 -445.171668860750003 7676.588324769345490
  62.324676261675947    6.433858500000000
  64.313613969441761    7.963089600000000
  66.344422519635614    9.906573500000000
  68.417538066866115   12.591181100000000
  70.533396765741841   15.477045600000000
  72.692434770871515   19.324580500000000
  74.895088236863714   24.019232899999999
  77.141793318327004   30.018073699999999
  79.432986169870119   37.157374699999998
  81.769102946101640   45.892716900000003
  84.150579801630130   56.264862999999998
  86.577852891064325   63.137168799999998


# temperature   30.000000000000000
#    0.000214772906981   -0.056938959373504    5.704590517397755 -254.892773118304063 4278.016376070468141
  62.324676261675947   17.695413299999998
  64.313613969441761   20.777631700000001
  66.344422519635614   24.402951200000000
  68.417538066866115   28.878488099999998
  70.533396765741841   33.286050400000001
  72.692434770871515   38.656080600000003
  74.895088236863714   44.549324400000003
  77.141793318327004   51.279790700000000
  79.432986169870119   58.340186899999999
  81.769102946101640   65.952073400000003
  84.150579801630130   73.959423299999997
  86.577852891064325   76.588130399999997


# temperature   40.000000000000000
#    0.000126090038303   -0.031482149700494    2.983304161182625 -125.798004216712826 1984.638080295761711
  62.324676261675947   30.454872399999999
  64.313613969441761   34.433468900000001
  66.344422519635614   38.871368699999998
  68.417538066866115   43.975403900000003
  70.533396765741841   48.741628499999997
  72.692434770871515   54.198592099999999
  74.895088236863714   59.820188100000003
  77.141793318327004   65.805774200000002
  79.432986169870119   71.647315399999997
  81.769102946101640   77.520936399999997
  84.150579801630130   83.313303700000006
  86.577852891064325   83.170682600000006


# temperature   50.000000000000000
#    0.000062207202374   -0.013195883340450    1.028059375862714  -32.720973334029026  323.478579049480061
  62.324676261675947   42.248134200000003
  64.313613969441761   46.511409299999997
  66.344422519635614   51.080095200000002
  68.417538066866115   56.072986100000001
  70.533396765741841   60.558134299999999
  72.692434770871515   65.473244100000002
  74.895088236863714   70.327017299999994
  77.141793318327004   75.263551600000000
  79.432986169870119   79.872515899999996
  81.769102946101640   84.319472500000003
  84.150579801630130   88.545277200000001
  86.577852891064325   86.699254100000005


# temperature   60.000000000000000
#    0.000011554025944    0.001352048342798   -0.535856028410495   42.237247215998082 -1022.555599144073426
  62.324676261675947   52.244492299999997
  64.313613969441761   56.401631799999997
  66.344422519635614   60.720680199999997
  68.417538066866115   65.267109300000001
  70.533396765741841   69.236004100000002
  72.692434770871515   73.453563200000005
  74.895088236863714   77.499905699999999
  77.141793318327004   81.491890999999995
  79.432986169870119   85.115039699999997
  81.769102946101640   88.522114599999995
  84.150579801630130   91.687258099999994
  86.577852891064325   88.767439999999993


# temperature   70.000000000000000
#   -0.000031319009859    0.013717061681227   -1.871923514943555  106.610122412379738 -2182.747678060120506
  62.324676261675947   60.384548299999999
  64.313613969441761   64.239425499999996
  66.344422519635614   68.150221000000002
  68.417538066866115   72.154758799999996
  70.533396765741841   75.577661399999997
  72.692434770871515   79.136431599999995
  74.895088236863714   82.482642600000005
  77.141793318327004   85.716083600000005
  79.432986169870119   88.596047499999997
  81.769102946101640   91.259049599999997
  84.150579801630130   93.697005799999999
  86.577852891064325   90.070853400000004


# temperature   80.000000000000000
#   -0.000068867480500    0.024580315658740   -3.049708969840869  163.522058311245672 -3209.714960063082799
  62.324676261675947   66.904054799999997
  64.313613969441761   70.385389700000005
  66.344422519635614   73.853267900000006
  68.417538066866115   77.332030399999994
  70.533396765741841   80.259314200000006
  72.692434770871515   83.255090300000006
  74.895088236863714   86.031674499999994
  77.141793318327004   88.675803700000003
  79.432986169870119   91.000401100000005
  81.769102946101640   93.125249600000004
  84.150579801630130   95.051304999999999
  86.577852891064325   90.940751500000005


# temperature   90.000000000000000
#   -0.000102362578614    0.034289970996683   -4.104442161101176  214.552624397012977 -4130.297429657952307
  62.324676261675947   72.105865800000004
  64.313613969441761   75.209127199999998
  66.344422519635614   78.257067599999999
  68.417538066866115   81.267497599999999
  70.533396765741841   83.770981100000000
  72.692434770871515   86.303303999999997
  74.895088236863714   88.625716400000002
  77.141793318327004   90.814079300000003
  79.432986169870119   92.720121800000001
  81.769102946101640   94.448169600000000
  84.150579801630130   96.003594699999994
  86.577852891064325   91.548414800000003


# temperature  100.000000000000000
#   -0.000132590184413    0.043062353339725   -5.058268923672278  260.715249362693328 -4962.206512089156604
  62.324676261675947   76.269164099999998
  64.313613969441761   79.020499999999998
  66.344422519635614   81.693189099999998
  68.417538066866115   84.301747000000006
  70.533396765741841   86.451527600000006
  72.692434770871515   88.606992700000006
  74.895088236863714   90.568202799999995
  77.141793318327004   92.401735599999995
  79.432986169870119   93.987768000000003
  81.769102946101640   95.417073200000004
  84.150579801630130   96.697019699999998
  86.577852891064325   91.988826299999999


# temperature  110.000000000000000
#   -0.000160104418275    0.051052031488935   -5.927316219596219  302.765935142151420 -5718.993747159465784
  62.324676261675947   79.623533600000002
  64.313613969441761   82.060331300000001
  66.344422519635614   84.406972800000005
  68.417538066866115   86.676148299999994
  70.533396765741841   88.533137600000003
  72.692434770871515   90.382444100000001
  74.895088236863714   92.054911200000006
  77.141793318327004   93.609162600000005
  79.432986169870119   94.946624200000002
  81.769102946101640   96.146472399999993
  84.150579801630130   97.216808200000003
  86.577852891064325   92.317821100000003


# temperature  120.000000000000000
#   -0.000185326373380    0.058378020574536   -6.724207495884077  341.307171590636926 -6411.629405649360706
  62.324676261675947   82.348794799999993
  64.313613969441761   84.510150400000001
  66.344422519635614   86.577114800000004
  68.417538066866115   88.561214500000006
  70.533396765741841   90.175916099999995
  72.692434770871515   91.775403999999995
  74.895088236863714   93.215102200000004
  77.141793318327004   94.546823799999999
  79.432986169870119   95.688182100000006
  81.769102946101640   96.708531399999998
  84.150579801630130   97.616049099999998
  86.577852891064325   92.569858600000003


# temperature  130.000000000000000
#   -0.000208588601122    0.065135267692194   -7.459131493049583  376.830799331660955 -7049.142550903949996
  62.324676261675947   84.582915799999995
  64.313613969441761   86.505410999999995
  66.344422519635614   88.333627699999994
  68.417538066866115   90.078228300000006
  70.533396765741841   91.491710499999996
  72.692434770871515   92.885950899999997
  74.895088236863714   94.136189099999996
  77.141793318327004   95.288406899999998
  79.432986169870119   96.272784400000006
  81.769102946101640   97.150379200000003
  84.150579801630130   97.929113500000000
  86.577852891064325   92.767095200000000


# temperature  140.000000000000000
#   -0.000230159385976    0.071400921487031   -8.140431055520402  409.742273605205355 -7639.003885171887305
  62.324676261675947   86.431042599999998
  64.313613969441761   88.147189200000000
  66.344422519635614   89.771674899999994
  68.417538066866115   91.314441200000005
  70.533396765741841   92.559880800000002
  72.692434770871515   93.784162400000000
  74.895088236863714   94.878665999999996
  77.141793318327004   95.884375000000006
  79.432986169870119   96.741396300000005
  81.769102946101640   97.503770200000005
  84.150579801630130   98.179005799999999
  86.577852891064325   92.924281500000006


# temperature  150.000000000000000
#   -0.000250258172482    0.077238394833712   -8.774997571975625  440.377783525764130 -8187.414802486396184
  62.324676261675947   87.973356999999993
  64.313613969441761   89.511306200000007
  66.344422519635614   90.961573799999996
  68.417538066866115   92.333456299999995
  70.533396765741841   93.437654199999997
  72.692434770871515   94.520050699999999
  74.895088236863714   95.485309599999994
  77.141793318327004   96.370119000000003
  79.432986169870119   97.122551700000002
  81.769102946101640   97.790691600000002
  84.150579801630130   98.381571500000007
  86.577852891064325   93.051535700000002


# temperature  160.000000000000000
#   -0.000269066262026    0.082700250652817   -9.368561092073460  469.017422583103325 -8699.540450705346302
  62.324676261675947   89.271285599999999
  64.313613969441761   90.655091799999994
  66.344422519635614   91.955855499999998
  68.417538066866115   93.182277400000004
  70.533396765741841   94.166958199999996
  72.692434770871515   95.129954799999993
  74.895088236863714   95.986972699999995
  77.141793318327004   96.770997100000002
  79.432986169870119   97.436583999999996
  81.769102946101640   98.026737900000001
  84.150579801630130   98.548002299999993
  86.577852891064325   93.155980499999998


# temperature  170.000000000000000
#   -0.000286734845987    0.087830418408445   -9.925919640559728  495.895931633308010 -9179.704925872996682
  62.324676261675947   90.372204199999999
  64.313613969441761   91.622294800000006
  66.344422519635614   92.794216599999999
  68.417538066866115   93.896113600000007
  70.533396765741841   94.778979100000001
  72.692434770871515   95.640722499999995
  74.895088236863714   96.406313900000001
  77.141793318327004   97.105533600000001
  79.432986169870119   97.698280900000000
  81.769102946101640   98.223206700000006
  84.150579801630130   98.686378800000000
  86.577852891064325   93.242744900000005


# temperature  180.000000000000000
#   -0.000303390983744    0.092665868257691  -10.451115568046047  521.211115296455091 -9631.546383317245272
  62.324676261675947   91.312938799999998
  64.313613969441761   92.446625499999996
  66.344422519635614   93.506999300000004
  68.417538066866115   94.501682900000006
  70.533396765741841   95.297245500000002
  72.692434770871515   96.072497600000005
  74.895088236863714   96.760249900000005
  77.141793318327004   97.387497499999995
  79.432986169870119   97.918594299999995
  81.769102946101640   98.388438899999997
  84.150579801630130   98.802650000000000
  86.577852891064325   93.315596600000006


# temperature  190.000000000000000
#   -0.000319142277871    0.097237937966242  -10.947577409516750  545.130703764688292 -10058.144544095754100
  62.324676261675947   92.122352000000006
  64.313613969441761   93.154312899999994
  66.344422519635614   94.117653799999999
  68.417538066866115   95.019510499999996
  70.533396765741841   95.739745499999998
  72.692434770871515   96.440609100000003
  74.895088236863714   97.061601300000007
  77.141793318327004   97.627286100000006
  79.432986169870119   98.105768699999999
  81.769102946101640   98.528696800000006
  84.150579801630130   98.901272199999994
  86.577852891064325   93.377352500000001


# temperature  200.000000000000000
#   -0.000334080499180    0.101573369171084  -11.418231516366346  567.797786515473149 -10462.121924682716781
  62.324676261675947   92.823255700000004
  64.313613969441761   93.765960000000007
  66.344422519635614   94.644496500000002
  68.417538066866115   95.465546599999996
  70.533396765741841   96.120401000000001
  72.692434770871515   96.756874999999994
  74.895088236863714   97.320217799999995
  77.141793318327004   97.832862399999996
  79.432986169870119   98.266102500000002
  81.769102946101640   98.648754100000005
  84.150579801630130   98.985635700000003
  86.577852891064325   93.430152500000005


# temperature  210.000000000000000
#   -0.000348284465527    0.105695136268279  -11.865592001449871  589.335215345265851 -10845.726039750397831
  62.324676261675947   93.433828199999994
  64.313613969441761   94.297899799999996
  66.344422519635614   95.101977599999998
  68.417538066866115   95.852320700000007
  70.533396765741841   96.450110600000002
  72.692434770871515   97.030516100000000
  74.895088236863714   97.543762000000001
  77.141793318327004   98.010405399999996
  79.432986169870119   98.404472100000007
  81.769102946101640   98.752299600000001
  84.150579801630130   99.058356099999997
  86.577852891064325   93.475645400000005


# temperature  220.000000000000000
#   -0.000361822286534    0.109623094750232  -12.291831308113059  609.849065996754348 -11210.894011693682842
  62.324676261675947   93.968672100000006
  64.313613969441761   94.763193700000002
  66.344422519635614   95.501605299999994
  68.417538066866115   96.189774499999999
  70.533396765741841   96.737495899999999
  72.692434770871515   97.268806499999997
  74.895088236863714   97.738263599999996
  77.141793318327004   98.164766099999994
  79.432986169870119   98.524698900000004
  81.769102946101640   98.842219499999999
  84.150579801630130   99.121476799999996
  86.577852891064325   93.515117700000005


# temperature  230.000000000000000
#   -0.000374753170258    0.113374505534228  -12.698837540164876  629.431459157462996 -11559.305249263104997
  62.324676261675947   94.439608000000007
  64.313613969441761   95.172373800000003
  66.344422519635614   95.852626200000003
  68.417538066866115   96.485870300000002
  70.533396765741841   96.989444700000007
  72.692434770871515   97.477542799999995
  74.895088236863714   97.908517000000003
  77.141793318327004   98.299794300000002
  79.432986169870119   98.629810899999995
  81.769102946101640   98.920797399999998
  84.150579801630130   99.176612800000001
  86.577852891064325   93.549585300000004


# temperature  240.000000000000000
#   -0.000387128854988    0.116964450651181  -13.088259917353460  648.162795458258643 -11892.423080963177199
  62.324676261675947   94.856274999999997
  64.313613969441761   95.533999699999995
  66.344422519635614   96.162531799999996
  68.417538066866115   96.747040999999996
  70.533396765741841   97.211509500000005
  72.692434770871515   97.661388200000005
  74.895088236863714   98.058371699999995
  77.141793318327004   98.418576099999996
  79.432986169870119   98.722231600000001
  81.769102946101640   98.989859199999998
  84.150579801630130   99.225053799999998
  86.577852891064325   93.579858700000003


# temperature  250.000000000000000
#   -0.000398994864104    0.120406199199038  -13.461548935238069  666.113732865021007 -12211.531537649498205
  62.324676261675947   95.226588300000003
  64.313613969441761   95.855079399999994
  66.344422519635614   96.437438799999995
  68.417538066866115   96.978526700000003
  70.533396765741841   97.408203900000004
  72.692434770871515   97.824126199999995
  74.895088236863714   98.190946299999993
  77.141793318327004   98.523607499999997
  79.432986169870119   98.803918999999993
  81.769102946101640   99.050878200000000
  84.150579801630130   99.267839699999996
  86.577852891064325   93.606591100000003


# temperature  260.000000000000000
#   -0.000410391327532    0.123711445649583  -13.819982417475046  683.346467740777030 -12517.759180022618239
  62.324676261675947   95.557090599999995
  64.313613969441761   96.141390599999994
  66.344422519635614   96.682378400000005
  68.417538066866115   97.184627899999995
  70.533396765741841   97.583226199999999
  72.692434770871515   97.968851900000004
  74.895088236863714   98.308787699999996
  77.141793318327004   98.616924800000007
  79.432986169870119   98.876468700000004
  81.769102946101640   99.105053999999996
  84.150579801630130   99.305816300000004
  86.577852891064325   93.630313299999997


# temperature  270.000000000000000
#   -0.000421353922973    0.126890585728960  -14.164695902797348  699.916232151873146 -12812.106866578355039
  62.324676261675947   95.853224400000002
  64.313613969441761   96.397728499999999
  66.344422519635614   96.901516900000004
  68.417538066866115   97.368899099999993
  70.533396765741841   97.739628499999995
  72.692434770871515   98.098115899999996
  74.895088236863714   98.413992300000004
  77.141793318327004   98.700201800000002
  79.432986169870119   98.941191099999998
  81.769102946101640   99.153370800000005
  84.150579801630130   99.339677199999997
  86.577852891064325   93.651460299999997


# temperature  280.000000000000000
#   -0.000431914373696    0.129952860615756  -14.496698387464512  715.872066820610826 -13095.462081088509876
  62.324676261675947   96.119543300000004
  64.313613969441761   96.628096999999997
  66.344422519635614   97.098326900000004
  68.417538066866115   97.534298100000001
  70.533396765741841   97.879947200000004
  72.692434770871515   98.214034900000001
  74.895088236863714   98.508297900000002
  77.141793318327004   98.774824800000005
  79.432986169870119   98.999170399999997
  81.769102946101640   99.196642600000004
  84.150579801630130   99.369995700000004
  86.577852891064325   93.670391600000002


# temperature  290.000000000000000
#   -0.000442101137212    0.132906558745488  -14.816894526485095  731.257911846523939 -13368.619054155384219
  62.324676261675947   96.359879500000005
  64.313613969441761   96.835859200000002
  66.344422519635614   97.275720199999995
  68.417538066866115   97.683301200000002
  70.533396765741841   98.006303000000003
  72.692434770871515   98.318376900000004
  74.895088236863714   98.593154600000005
  77.141793318327004   98.841949400000004
  79.432986169870119   99.051309700000004
  81.769102946101640   99.235546900000003
  84.150579801630130   99.397248500000003
  86.577852891064325   93.687405799999993


# temperature  300.000000000000000
#   -0.000451939715250    0.135759106086588  -15.126094547972405  746.113096439566789 -13632.287877364558881
  62.324676261675947   96.577474499999994
  64.313613969441761   97.023855600000005
  66.344422519635614   97.436152399999997
  68.417538066866115   97.817993999999999
  70.533396765741841   98.120480299999997
  72.692434770871515   98.412627799999996
  74.895088236863714   98.669779700000007
  77.141793318327004   98.902545099999998
  79.432986169870119   99.098366299999995
  81.769102946101640   99.270651400000006
  84.150579801630130   99.421834899999993
  86.577852891064325   93.702753200000004


# temperature  310.000000000000000
#   -0.000461453116222    0.138517200939390  -15.425028998391182  760.473058811412557 -13887.107683225245637
  62.324676261675947   96.775084399999997
  64.313613969441761   97.194497499999997
  66.344422519635614   97.581705099999994
  68.417538066866115   97.940142300000005
  70.533396765741841   98.223988199999994
  72.692434770871515   98.498043400000000
  74.895088236863714   98.739201300000005
  77.141793318327004   98.957429800000000
  79.432986169870119   99.140978799999999
  81.769102946101640   99.302434500000004
  84.150579801630130   99.444091499999999
  86.577852891064325   93.716644400000007


# temperature  320.000000000000000
#   -0.000470662148289    0.141186900109208  -15.714358269350843  774.369817355573446 -14133.655387097627681
  62.324676261675947   96.955063699999997
  64.313613969441761   97.349842199999998
  66.344422519635614   97.714152299999995
  68.417538066866115   98.051249299999995
  70.533396765741841   98.318110399999995
  72.692434770871515   98.575690499999993
  74.895088236863714   98.802292300000005
  77.141793318327004   99.007297800000003
  79.432986169870119   99.179688600000006
  81.769102946101640   99.331301900000000
  84.150579801630130   99.464303299999997
  86.577852891064325   93.729257799999999


# temperature  330.000000000000000
#   -0.000479585669770    0.143773691414743  -15.994680483508823  787.832354071105669 -14372.452674658161413
  62.324676261675947   97.119432900000007
  64.313613969441761   97.491652900000005
  66.344422519635614   97.835012699999993
  68.417538066866115   98.152600500000005
  70.533396765741841   98.403943900000002
  72.692434770871515   98.646480600000004
  74.895088236863714   98.859797799999996
  77.141793318327004   99.052740999999997
  79.432986169870119   99.214957400000003
  81.769102946101640   99.357599100000002
  84.150579801630130   99.482712899999996
  86.577852891064325   93.740745399999994


# temperature  340.000000000000000
#   -0.000488240876435    0.146282578185150  -16.266540817895386  800.887073150826268 -14603.974443384913684
  62.324676261675947   97.269933399999999
  64.313613969441761   97.621447599999996
  66.344422519635614   97.945592399999995
  68.417538066866115   98.245300599999993
  70.533396765741841   98.482430500000007
  72.692434770871515   98.711195300000000
  74.895088236863714   98.912356399999993
  77.141793318327004   99.094266800000000
  79.432986169870119   99.247180599999993
  81.769102946101640   99.381621999999993
  84.150579801630130   99.499528400000003
  86.577852891064325   93.751237099999997


# temperature  350.000000000000000
#   -0.000496643448456    0.148718121974874  -16.530436174867820  813.558029768153915 -14828.653000651178445
  62.324676261675947   97.408071800000002
  64.313613969441761   97.740538500000000
  66.344422519635614   98.047019399999996
  68.417538066866115   98.330302700000004
  70.533396765741841   98.554382399999994
  72.692434770871515   98.770508500000005
  74.895088236863714   98.960518300000004
  77.141793318327004   99.132312099999993
  79.432986169870119   99.276698499999995
  81.769102946101640   99.403625300000002
  84.150579801630130   99.514928400000002
  86.577852891064325   93.760844800000001


# temperature  360.000000000000000
#   -0.000504807720095    0.151084491778025  -16.786820535951840  825.867189826481422 -15046.882773225988785
  62.324676261675947   97.535157299999995
  64.313613969441761   97.850064599999996
  66.344422519635614   98.140271999999996
  68.417538066866115   98.408433000000002
  70.533396765741841   98.620502999999999
  72.692434770871515   98.825003400000000
  74.895088236863714   99.004759600000000
  77.141793318327004   99.167254499999999
  79.432986169870119   99.303805299999993
  81.769102946101640   99.423828799999995
  84.150579801630130   99.529067299999994
  86.577852891064325   93.769665099999997


# temperature  370.000000000000000
#   -0.000512746842239    0.153385511912074  -17.036110257042235  837.834691108567654 -15259.025123010684183
  62.324676261675947   97.652331099999998
  64.313613969441761   97.951018099999999
  66.344422519635614   98.226201700000004
  68.417538066866115   98.480409899999998
  70.533396765741841   98.681404000000001
  72.692434770871515   98.875186700000000
  74.895088236863714   99.045493699999994
  77.141793318327004   99.199421900000004
  79.432986169870119   99.328756299999995
  81.769102946101640   99.442423599999998
  84.150579801630130   99.542079099999995
  86.577852891064325   93.777781500000003


# temperature  380.000000000000000
#   -0.000520472911730    0.155624699473762  -17.278688135653162  849.479040117754039 -15465.411903744605297
  62.324676261675947   97.760591800000000
  64.313613969441761   98.044266300000004
  66.344422519635614   98.305552500000005
  68.417538066866115   98.546860800000005
  70.533396765741841   98.737618999999995
  72.692434770871515   98.921500499999993
  74.895088236863714   99.083080899999999
  77.141793318327004   99.229100099999997
  79.432986169870119   99.351773800000004
  81.769102946101640   99.459575700000002
  84.150579801630130   99.554080299999995
  86.577852891064325   93.785267099999999


# temperature  390.000000000000000
#   -0.000527997090547    0.157805299614226  -17.514907326941540  860.817305741333712 -15666.349035913975968
  62.324676261675947   97.860816000000000
  64.313613969441761   98.130570300000002
  66.344422519635614   98.378976399999999
  68.417538066866115   98.608335400000001
  70.533396765741841   98.789615200000000
  72.692434770871515   98.964331700000002
  74.895088236863714   99.117836600000004
  77.141793318327004   99.256539200000006
  79.432986169870119   99.373052400000006
  81.769102946101640   99.475430500000002
  84.150579801630130   99.565172899999993
  86.577852891064325   93.792185399999994


# temperature  400.000000000000000
#   -0.000535329664069    0.159930301718039  -17.745093026926529  871.865197448942240 -15862.117856367156492
  62.324676261675947   97.953775800000003
  64.313613969441761   98.210599700000003
  66.344422519635614   98.447047299999994
  68.417538066866115   98.665316799999999
  70.533396765741841   98.837803500000007
  72.692434770871515   99.004020100000005
  74.895088236863714   99.150037800000007
  77.141793318327004   99.281958299999999
  79.432986169870119   99.392762599999998
  81.769102946101640   99.490115399999993
  84.150579801630130   99.575446299999996
  86.577852891064325   93.798592499999998


# temperature  410.000000000000000
#   -0.000542480162209    0.162002475465198  -17.969546497501895  882.637265207855535 -16052.978826537275381
  62.324676261675947   98.040153200000006
  64.313613969441761   98.284945800000003
  66.344422519635614   98.510271099999997
  68.417538066866115   98.718231200000005
  70.533396765741841   98.882545800000003
  72.692434770871515   99.040865199999999
  74.895088236863714   99.179928300000000
  77.141793318327004   99.305550900000000
  79.432986169870119   99.411054800000002
  81.769102946101640   99.503742799999998
  84.150579801630130   99.584979099999998
  86.577852891064325   93.804537400000001


# temperature  420.000000000000000
#   -0.000549457414014    0.164024386465671  -18.188546743210729  893.146979556525594 -16239.172951883580026
  62.324676261675947   98.120552300000000
  64.313613969441761   98.354132199999995
  66.344422519635614   98.569095899999994
  68.417538066866115   98.767455400000003
  70.533396765741841   98.924162300000006
  72.692434770871515   99.075131799999994
  74.895088236863714   99.207723700000003
  77.141793318327004   99.327487599999998
  79.432986169870119   99.428061700000001
  81.769102946101640   99.516411700000006
  84.150579801630130   99.593840799999995
  86.577852891064325   93.810063400000004


# temperature  430.000000000000000
#   -0.000556269632461    0.165998421013193  -18.402353218429578  903.406863319501895 -16420.924172448718309
  62.324676261675947   98.195509900000005
  64.313613969441761   98.418623499999995
  66.344422519635614   98.623919200000003
  68.417538066866115   98.813323999999994
  70.533396765741841   98.962936799999994
  72.692434770871515   99.107054399999996
  74.895088236863714   99.233615099999994
  77.141793318327004   99.347919599999997
  79.432986169870119   99.443900700000000
  81.769102946101640   99.528209899999993
  84.150579801630130   99.602092999999996
  86.577852891064325   93.815209199999998


# temperature  440.000000000000000
#   -0.000562924450646    0.167926796577920  -18.611206972432072  913.428547526941657 -16598.440379549650970
  62.324676261675947   98.265504100000001
  64.313613969441761   98.478833699999996
  66.344422519635614   98.675094599999994
  68.417538066866115   98.856134299999994
  70.533396765741841   98.999121700000003
  72.692434770871515   99.136841599999997
  74.895088236863714   99.257772099999997
  77.141793318327004   99.366981199999998
  79.432986169870119   99.458676400000002
  81.769102946101640   99.539215200000001
  84.150579801630130   99.609790200000006
  86.577852891064325   93.820008599999994


# temperature  450.000000000000000
#   -0.000569428995291    0.169811583310185  -18.815333001257603  923.222885571757388 -16771.915478511298716
  62.324676261675947   98.330961700000003
  64.313613969441761   98.535132099999998
  66.344422519635614   98.722937900000005
  68.417538066866115   98.896151500000002
  70.533396765741841   99.032942100000000
  72.692434770871515   99.164679599999999
  74.895088236863714   99.280346100000003
  77.141793318327004   99.384792200000007
  79.432986169870119   99.472481700000003
  81.769102946101640   99.549497200000005
  84.150579801630130   99.616981100000004
  86.577852891064325   93.824492199999995


# temperature  460.000000000000000
#   -0.000575789903321    0.171654708875804  -19.014940784877822  932.799980244811991 -16941.529895734063757
  62.324676261675947   98.392264999999995
  64.313613969441761   98.587849300000002
  66.344422519635614   98.767731299999994
  68.417538066866115   98.933612999999994
  70.533396765741841   99.064599200000004
  72.692434770871515   99.190734300000003
  74.895088236863714   99.301472200000006
  77.141793318327004   99.401459599999995
  79.432986169870119   99.485399700000002
  81.769102946101640   99.559117799999996
  84.150579801630130   99.623709099999999
  86.577852891064325   93.828686899999994


# temperature  470.000000000000000
#   -0.000582013393716    0.173457979491603  -19.210226587506838  942.169295215858483 -17107.452589125387021
  62.324676261675947   98.449756899999997
  64.313613969441761   98.637281599999994
  66.344422519635614   98.809728000000007
  68.417538066866115   98.968731199999993
  70.533396765741841   99.094273299999998
  72.692434770871515   99.215154600000005
  74.895088236863714   99.321271600000003
  77.141793318327004   99.417079000000001
  79.432986169870119   99.497504699999993
  81.769102946101640   99.568132500000004
  84.150579801630130   99.630013099999999
  86.577852891064325   93.832617200000001


# temperature  480.000000000000000
#   -0.000588105284927    0.175223084657328  -19.401373939269689  951.339676934230965 -17269.841414550541231
  62.324676261675947   98.503745800000004
  64.313613969441761   98.683695599999993
  66.344422519635614   98.849155300000007
  68.417538066866115   99.001697199999995
  70.533396765741841   99.122126399999999
  72.692434770871515   99.238074400000002
  74.895088236863714   99.339852800000003
  77.141793318327004   99.431736500000000
  79.432986169870119   99.508863700000006
  81.769102946101640   99.576591100000002
  84.150579801630130   99.635928000000007
  86.577852891064325   93.836304799999994


# temperature  490.000000000000000
#   -0.000594071030002    0.176951607663699  -19.588554814835376  960.319413452283698 -17428.844219530903501
  62.324676261675947   98.554509600000003
  64.313613969441761   98.727331399999997
  66.344422519635614   98.886218299999996
  68.417538066866115   99.032683000000006
  70.533396765741841   99.148304100000004
  72.692434770871515   99.259613799999997
  74.895088236863714   99.357313700000006
  77.141793318327004   99.445509299999998
  79.432986169870119   99.519536400000007
  81.769102946101640   99.584538400000000
  84.150579801630130   99.641485099999997
  86.577852891064325   93.839769200000006


# temperature  500.000000000000000
#   -0.000599915765883    0.178645040131238  -19.771931235300364  969.116312621181237 -17584.600261866242363
  62.324676261675947   98.602299299999999
  64.313613969441761   98.768405700000002
  66.344422519635614   98.921101699999994
  68.417538066866115   99.061843699999997
  70.533396765741841   99.172937899999994
  72.692434770871515   99.279881300000000
  74.895088236863714   99.373742399999998
  77.141793318327004   99.458467200000001
  79.432986169870119   99.529577200000006
  81.769102946101640   99.592014800000001
  84.150579801630130   99.646712699999995
  86.577852891064325   93.843028000000004


# temperature  510.000000000000000
#   -0.000605644299303    0.180304777319697  -19.951654698956244  977.737672160027500 -17737.239625409496512
  62.324676261675947   98.647341999999995
  64.313613969441761   98.807114700000000
  66.344422519635614   98.953972699999994
  68.417538066866115   99.089319700000004
  70.533396765741841   99.196146799999994
  72.692434770871515   99.298974999999999
  74.895088236863714   99.389218700000001
  77.141793318327004   99.470673199999993
  79.432986169870119   99.539034900000004
  81.769102946101640   99.599056700000006
  84.150579801630130   99.651636400000001
  86.577852891064325   93.846097299999997


# temperature  520.000000000000000
#   -0.000611261171839    0.181932137691526  -20.127868377638439  986.190388781666684 -17886.885237852009595
  62.324676261675947   98.689843699999997
  64.313613969441761   98.843636000000004
  66.344422519635614   98.984983000000000
  68.417538066866115   99.115237899999997
  70.533396765741841   99.218038300000003
  72.692434770871515   99.316983800000003
  74.895088236863714   99.403814699999998
  77.141793318327004   99.482184300000000
  79.432986169870119   99.547953699999994
  81.769102946101640   99.605697100000000
  84.150579801630130   99.656279200000000
  86.577852891064325   93.848991499999997


# temperature  530.000000000000000
#   -0.000616770655583    0.183528361215171  -20.300706886135927  994.480945009581546 -18033.652593195332884
  62.324676261675947   98.729991299999995
  64.313613969441761   98.878130900000002
  66.344422519635614   99.014269999999996
  68.417538066866115   99.139713799999996
  70.533396765741841   99.238710100000006
  72.692434770871515   99.333988099999999
  74.895088236863714   99.417595800000001
  77.141793318327004   99.493052199999994
  79.432986169870119   99.556373899999997
  81.769102946101640   99.611965999999995
  84.150579801630130   99.660662099999996
  86.577852891064325   93.851723600000000


# temperature  540.000000000000000
#   -0.000622176784927    0.185094618823904  -20.470297335555269 1002.615461233118026 -18177.650709244993777
  62.324676261675947   98.767955200000003
  64.313613969441761   98.910746399999994
  66.344422519635614   99.041958800000003
  68.417538066866115   99.162852200000003
  70.533396765741841   99.258251200000004
  72.692434770871515   99.350061299999993
  74.895088236863714   99.430621500000001
  77.141793318327004   99.503323899999998
  79.432986169870119   99.564331800000005
  81.769102946101640   99.617890599999996
  84.150579801630130   99.664804099999998
  86.577852891064325   93.854305400000001


# temperature  550.000000000000000
#   -0.000627483382168    0.186632019988428  -20.636760172525026 1010.599737046310679 -18318.982886337707896
  62.324676261675947   98.803890300000006
  64.313613969441761   98.941616199999999
  66.344422519635614   99.068163299999995
  68.417538066866115   99.184748600000006
  70.533396765741841   99.276742200000001
  72.692434770871515   99.365269900000001
  74.895088236863714   99.442946000000006
  77.141793318327004   99.513042200000001
  79.432986169870119   99.571860700000002
  81.769102946101640   99.623495599999998
  84.150579801630130   99.668722599999995
  86.577852891064325   93.856747900000002


# temperature  560.000000000000000
#   -0.000632694027876    0.188141603530612  -20.800208117220613 1018.439197024301279 -18457.745670985645120
  62.324676261675947   98.837938300000005
  64.313613969441761   98.970862400000001
  66.344422519635614   99.092987699999995
  68.417538066866115   99.205490299999994
  70.533396765741841   99.294257200000004
  72.692434770871515   99.379674899999998
  74.895088236863714   99.454618800000006
  77.141793318327004   99.522246100000004
  79.432986169870119   99.578990899999994
  81.769102946101640   99.628803599999998
  84.150579801630130   99.672433400000003
  86.577852891064325   93.859060799999995


# temperature  570.000000000000000
#   -0.000637812153388    0.189624365335950  -20.960749265848094 1026.139044545606566 -18594.031701269843325
  62.324676261675947   98.870228800000007
  64.313613969441761   98.998596599999999
  66.344422519635614   99.116527000000005
  68.417538066866115   99.225156999999996
  70.533396765741841   99.310863299999994
  72.692434770871515   99.393331900000007
  74.895088236863714   99.465684800000005
  77.141793318327004   99.530971300000004
  79.432986169870119   99.585749899999996
  81.769102946101640   99.633835199999993
  84.150579801630130   99.675950799999995
  86.577852891064325   93.861253199999993


# temperature  580.000000000000000
#   -0.000642840993546    0.191081244080766  -21.118485483747079 1033.704181882725607 -18727.928222021957481
  62.324676261675947   98.900880400000005
  64.313613969441761   99.024921199999994
  66.344422519635614   99.138868200000005
  68.417538066866115   99.243821400000002
  70.533396765741841   99.326622499999999
  72.692434770871515   99.406291600000003
  74.895088236863714   99.476185400000006
  77.141793318327004   99.539250400000000
  79.432986169870119   99.592163200000002
  81.769102946101640   99.638609200000005
  84.150579801630130   99.679288099999994
  86.577852891064325   93.863333200000000


# temperature  590.000000000000000
#   -0.000647783592587    0.192513122922798  -21.273512586769741 1041.139218850242514 -18859.517235808994883
  62.324676261675947   98.930001799999999
  64.313613969441761   99.049929700000007
  66.344422519635614   99.160091100000002
  68.417538066866115   99.261550600000007
  70.533396765741841   99.341591199999996
  72.692434770871515   99.418600699999999
  74.895088236863714   99.486158399999994
  77.141793318327004   99.547113300000007
  79.432986169870119   99.598253799999995
  81.769102946101640   99.643142999999995
  84.150579801630130   99.682457299999996
  86.577852891064325   93.865308499999998


# temperature  600.000000000000000
#   -0.000652642874991    0.193920850302063  -21.425922622502544 1048.448583582238825 -18988.877509746758733
  62.324676261675947   98.957693000000006
  64.313613969441761   99.073708400000001
  66.344422519635614   99.180268999999996
  68.417538066866115   99.278405800000002
  70.533396765741841   99.355821399999996
  72.692434770871515   99.430301999999998
  74.895088236863714   99.495638700000001
  77.141793318327004   99.554587299999994
  79.432986169870119   99.604043099999998
  81.769102946101640   99.647452299999998
  84.150579801630130   99.685469699999999
  86.577852891064325   93.867186000000004


# temperature  610.000000000000000
#   -0.000657421606860    0.195305228851460  -21.575802684150840 1055.636466533845578 -19116.083587779841764
  62.324676261675947   98.984045899999998
  64.313613969441761   99.096336399999998
  66.344422519635614   99.199469300000004
  68.417538066866115   99.294443400000006
  70.533396765741841   99.369360799999995
  72.692434770871515   99.441434799999996
  74.895088236863714   99.504658000000006
  77.141793318327004   99.561697699999996
  79.432986169870119   99.609550600000006
  81.769102946101640   99.651551799999993
  84.150579801630130   99.688335199999997
  86.577852891064325   93.868971900000005


# temperature  620.000000000000000
#   -0.000662122409150    0.196667018798202  -21.723235228927397 1062.706833241571076 -19241.205969816488505
  62.324676261675947   99.009145200000006
  64.313613969441761   99.117886600000006
  66.344422519635614   99.217753999999999
  68.417538066866115   99.309715600000004
  70.533396765741841   99.382253399999996
  72.692434770871515   99.452035300000006
  74.895088236863714   99.513245699999999
  77.141793318327004   99.568467799999993
  79.432986169870119   99.614794300000000
  81.769102946101640   99.655454899999995
  84.150579801630130   99.691063400000004
  86.577852891064325   93.870672200000001


# temperature  630.000000000000000
#   -0.000666747807364    0.198006952908959  -21.868299758159289 1069.663507991730967 -19364.312666292902577
  62.324676261675947   99.033069100000006
  64.313613969441761   99.138426300000006
  66.344422519635614   99.235180299999996
  68.417538066866115   99.324270100000007
  70.533396765741841   99.394539699999996
  72.692434770871515   99.462136900000004
  74.895088236863714   99.521429100000006
  77.141793318327004   99.574918699999998
  79.432986169870119   99.619790800000004
  81.769102946101640   99.659173800000005
  84.150579801630130   99.693662900000007
  86.577852891064325   93.872292299999998


# temperature  640.000000000000000
#   -0.000671300159049    0.199325714800587  -22.011070395192640 1076.510054187232299 -19485.466991001041606
  62.324676261675947   99.055889600000000
  64.313613969441761   99.158017599999994
  66.344422519635614   99.251801200000003
  68.417538066866115   99.338151100000005
  70.533396765741841   99.406256999999997
  72.692434770871515   99.471770399999997
  74.895088236863714   99.529232899999997
  77.141793318327004   99.581070400000002
  79.432986169870119   99.624555299999997
  81.769102946101640   99.662719999999993
  84.150579801630130   99.696141499999996
  86.577852891064325   93.873837100000003


# temperature  650.000000000000000
#   -0.000675781753625    0.200623968780906  -22.151619216108376 1083.249938838298931 -19604.730590942814160
  62.324676261675947   99.077673399999995
  64.313613969441761   99.176717900000000
  66.344422519635614   99.267665300000004
  68.417538066866115   99.351399599999993
  70.533396765741841   99.417439999999999
  72.692434770871515   99.480964200000003
  74.895088236863714   99.536680399999995
  77.141793318327004   99.586940900000002
  79.432986169870119   99.629102000000003
  81.769102946101640   99.666104000000004
  84.150579801630130   99.698506800000004
  86.577852891064325   93.875311100000005


# temperature  660.000000000000000
#   -0.000680194750239    0.201902340867560  -22.290014086897489 1089.886423648124264 -19722.161399811728188
  62.324676261675947   99.098482300000001
  64.313613969441761   99.194580400000007
  66.344422519635614   99.282817899999998
  68.417538066866115   99.364053299999995
  70.533396765741841   99.428120500000006
  72.692434770871515   99.489744799999997
  74.895088236863714   99.543792800000006
  77.141793318327004   99.592547300000007
  79.432986169870119   99.633443999999997
  81.769102946101640   99.669335599999997
  84.150579801630130   99.700765500000003
  86.577852891064325   93.876718699999998


# temperature  670.000000000000000
#   -0.000684541229654    0.203161434729281  -22.426320492639100 1096.422657881877058 -19837.815395443714806
  62.324676261675947   99.118373399999996
  64.313613969441761   99.211654100000004
  66.344422519635614   99.297300800000002
  68.417538066866115   99.376147300000000
  70.533396765741841   99.438328299999995
  72.692434770871515   99.498136299999999
  74.895088236863714   99.550590000000000
  77.141793318327004   99.597904999999997
  79.432986169870119   99.637593300000006
  81.769102946101640   99.672423800000004
  84.150579801630130   99.702923900000002
  86.577852891064325   93.878063900000001


# temperature  680.000000000000000
#   -0.000688823158466    0.204401820730377  -22.560600283846707 1102.861614853904712 -19951.745396658148820
  62.324676261675947   99.137399900000005
  64.313613969441761   99.227985000000004
  66.344422519635614   99.311152899999996
  68.417538066866115   99.387714099999997
  70.533396765741841   99.448090800000003
  72.692434770871515   99.506161599999999
  74.895088236863714   99.557090299999999
  77.141793318327004   99.603028600000002
  79.432986169870119   99.641561199999998
  81.769102946101640   99.675376900000003
  84.150579801630130   99.704987900000006
  86.577852891064325   93.879350099999996


# temperature  690.000000000000000
#   -0.000693042432460    0.205624048537704  -22.692913047076264 1109.206157976048189 -20064.002252179776406
  62.324676261675947   99.155610999999993
  64.313613969441761   99.243615300000002
  66.344422519635614   99.324410200000003
  68.417538066866115   99.398783800000004
  70.533396765741841   99.457433499999993
  72.692434770871515   99.513841600000006
  74.895088236863714   99.563310799999996
  77.141793318327004   99.607931500000007
  79.432986169870119   99.645358200000004
  81.769102946101640   99.678202700000000
  84.150579801630130   99.706962899999994
  86.577852891064325   93.880580899999998


# temperature  700.000000000000000
#   -0.000697200853058    0.206828640537881  -22.823315420406949 1115.459009374626930 -20174.634303720657044
  62.324676261675947   99.173052700000000
  64.313613969441761   99.258584499999998
  66.344422519635614   99.337106300000002
  68.417538066866115   99.409384500000002
  70.533396765741841   99.466380099999995
  72.692434770871515   99.521195700000007
  74.895088236863714   99.569267199999999
  77.141793318327004   99.612626100000000
  79.432986169870119   99.648993800000000
  81.769102946101640   99.680908400000007
  84.150579801630130   99.708853899999994
  86.577852891064325   93.881759299999999


# temperature  710.000000000000000
#   -0.000701300172878    0.208016105241956  -22.951862567263564 1121.622821679372692 -20283.688691933846712
  62.324676261675947   99.189767599999996
  64.313613969441761   99.272929300000001
  66.344422519635614   99.349272400000004
  68.417538066866115   99.419542300000003
  70.533396765741841   99.474952599999995
  72.692434770871515   99.528242199999994
  74.895088236863714   99.574974299999994
  77.141793318327004   99.617124200000006
  79.432986169870119   99.652477099999999
  81.769102946101640   99.683500699999996
  84.150579801630130   99.710665700000007
  86.577852891064325   93.882888300000005


# temperature  720.000000000000000
#   -0.000705342030523    0.209186917478255  -23.078605929524283 1127.700065208806791 -20391.209239804698882
  62.324676261675947   99.205795400000000
  64.313613969441761   99.286683999999994
  66.344422519635614   99.360937500000006
  68.417538066866115   99.429281500000002
  70.533396765741841   99.483171700000000
  72.692434770871515   99.534998000000002
  74.895088236863714   99.580445800000007
  77.141793318327004   99.621436500000002
  79.432986169870119   99.655816500000000
  81.769102946101640   99.685985900000006
  84.150579801630130   99.712402499999996
  86.577852891064325   93.883970700000006


# temperature  730.000000000000000
#   -0.000709328024564    0.210341541015073  -23.203595810284384 1133.693158427141725 -20497.238910847667285
  62.324676261675947   99.221173300000004
  64.313613969441761   99.299880299999998
  66.344422519635614   99.372128700000005
  68.417538066866115   99.438624799999999
  70.533396765741841   99.491056400000005
  72.692434770871515   99.541478799999993
  74.895088236863714   99.585694500000002
  77.141793318327004   99.625573200000005
  79.432986169870119   99.659019799999996
  81.769102946101640   99.688369800000004
  84.150579801630130   99.714068600000004
  86.577852891064325   93.885008900000003


# temperature  740.000000000000000
#   -0.000713259672579    0.211480415774896  -23.326879886686097 1139.604391584399082 -20601.818347825785168
  62.324676261675947   99.235935799999993
  64.313613969441761   99.312548199999995
  66.344422519635614   99.382871300000005
  68.417538066866115   99.447593299999994
  70.533396765741841   99.498624699999993
  72.692434770871515   99.547699300000005
  74.895088236863714   99.590732399999993
  77.141793318327004   99.629543499999997
  79.432986169870119   99.662094400000001
  81.769102946101640   99.690657700000003
  84.150579801630130   99.715667600000003
  86.577852891064325   93.886005299999994


# temperature  750.000000000000000
#   -0.000717138434787    0.212603965160443  -23.448504058438875 1145.435970204667910 -20704.986703488091734
  62.324676261675947   99.250115300000004
  64.313613969441761   99.324715299999994
  66.344422519635614   99.393189000000007
  68.417538066866115   99.456206699999996
  70.533396765741841   99.505893200000003
  72.692434770871515   99.553673399999994
  74.895088236863714   99.595570499999994
  77.141793318327004   99.633356399999997
  79.432986169870119   99.665046899999993
  81.769102946101640   99.692854900000000
  84.150579801630130   99.717203100000006
  86.577852891064325   93.886962100000005


# temperature  760.000000000000000
#   -0.000720965738919    0.213712603235104  -23.568513217036504 1151.190051298612616 -20806.782270863608574
  62.324676261675947   99.263742100000002
  64.313613969441761   99.336407699999995
  66.344422519635614   99.403103900000005
  68.417538066866115   99.464483700000002
  70.533396765741841   99.512877500000002
  72.692434770871515   99.559413699999993
  74.895088236863714   99.600219199999998
  77.141793318327004   99.637020000000007
  79.432986169870119   99.667883799999998
  81.769102946101640   99.694965999999994
  84.150579801630130   99.718678400000002
  86.577852891064325   93.887881500000006


# temperature  770.000000000000000
#   -0.000724742907554    0.214806713343417  -23.686948903410897 1156.868630150417175 -20907.240446431846067
  62.324676261675947   99.276844499999996
  64.313613969441761   99.347649799999999
  66.344422519635614   99.412636500000005
  68.417538066866115   99.472441399999994
  70.533396765741841   99.519592399999993
  72.692434770871515   99.564932499999998
  74.895088236863714   99.604688400000001
  77.141793318327004   99.640541999999996
  79.432986169870119   99.670610999999994
  81.769102946101640   99.696995500000000
  84.150579801630130   99.720096699999999
  86.577852891064325   93.888765199999995


# temperature  780.000000000000000
#   -0.000728471251110    0.215886675398255  -23.803852293152040 1162.473684589336699 -21006.396327238740923
  62.324676261675947   99.289448899999996
  64.313613969441761   99.358464400000003
  66.344422519635614   99.421806399999994
  68.417538066866115   99.480096000000003
  70.533396765741841   99.526051300000006
  72.692434770871515   99.570240799999993
  74.895088236863714   99.608987200000001
  77.141793318327004   99.643929700000001
  79.432986169870119   99.673234100000002
  81.769102946101640   99.698947399999994
  84.150579801630130   99.721460800000003
  86.577852891064325   93.889615300000003


# temperature  790.000000000000000
#   -0.000732152017207    0.216952851240288  -23.919262618456859 1168.007099856648665 -21104.283377480333002
  62.324676261675947   99.301580400000006
  64.313613969441761   99.368872800000005
  66.344422519635614   99.430631700000006
  68.417538066866115   99.487462699999995
  70.533396765741841   99.532267300000001
  72.692434770871515   99.575349299999999
  74.895088236863714   99.613123999999999
  77.141793318327004   99.647189699999998
  79.432986169870119   99.675758400000007
  81.769102946101640   99.700825800000004
  84.150579801630130   99.722773500000002
  86.577852891064325   93.890433200000004


# temperature  800.000000000000000
#   -0.000735786393250    0.218005584938779  -24.033217150564482 1173.470665288037253 -21200.933322400476754
  62.324676261675947   99.313262199999997
  64.313613969441761   99.378895099999994
  66.344422519635614   99.439129300000005
  68.417538066866115   99.494555899999995
  70.533396765741841   99.538252200000002
  72.692434770871515   99.580267899999996
  74.895088236863714   99.617107000000004
  77.141793318327004   99.650328400000006
  79.432986169870119   99.678188700000007
  81.769102946101640   99.702634300000000
  84.150579801630130   99.724037300000006
  86.577852891064325   93.891220700000005


# temperature  810.000000000000000
#   -0.000739375560400    0.219045219174150  -24.145753055410065 1178.866167274977897 -21296.377885824615078
  62.324676261675947   99.324516299999999
  64.313613969441761   99.388550199999997
  66.344422519635614   99.447315399999994
  68.417538066866115   99.501388800000001
  70.533396765741841   99.544017499999995
  72.692434770871515   99.585005800000005
  74.895088236863714   99.620943600000004
  77.141793318327004   99.653351799999996
  79.432986169870119   99.680529699999994
  81.769102946101640   99.704376300000007
  84.150579801630130   99.725254600000000
  86.577852891064325   93.891979199999994


# temperature  820.000000000000000
#   -0.000742920597869    0.220072066478234  -24.256904167344420 1184.195229140506171 -21390.645822416416195
  62.324676261675947   99.335363200000003
  64.313613969441761   99.397855699999994
  66.344422519635614   99.455204899999998
  68.417538066866115   99.507974000000004
  70.533396765741841   99.549573600000002
  72.692434770871515   99.589571899999996
  74.895088236863714   99.624640999999997
  77.141793318327004   99.656265300000001
  79.432986169870119   99.682785600000003
  81.769102946101640   99.706054899999998
  84.150579801630130   99.726427700000002
  86.577852891064325   93.892710199999996


# temperature  830.000000000000000
#   -0.000746422609716    0.221086447124404  -24.366705216841595 1189.459519883504527 -21483.766765662701800
  62.324676261675947   99.345822400000003
  64.313613969441761   99.406828399999995
  66.344422519635614   99.462812000000000
  68.417538066866115   99.514323300000001
  70.533396765741841   99.554930700000000
  72.692434770871515   99.593974200000005
  74.895088236863714   99.628205800000003
  77.141793318327004   99.659074399999994
  79.432986169870119   99.684960599999997
  81.769102946101640   99.707673400000004
  84.150579801630130   99.727558700000003
  86.577852891064325   93.893414899999996


# temperature  840.000000000000000
#   -0.000749882600178    0.222088652181774  -24.475187741969400 1194.660553942568640 -21575.767564952304383
  62.324676261675947   99.355912000000004
  64.313613969441761   99.415483800000004
  66.344422519635614   99.470149899999996
  68.417538066866115   99.520447899999994
  70.533396765741841   99.560098100000005
  72.692434770871515   99.598220600000005
  74.895088236863714   99.631644199999997
  77.141793318327004   99.661783799999995
  79.432986169870119   99.687058500000006
  81.769102946101640   99.709234400000000
  84.150579801630130   99.728649500000003
  86.577852891064325   93.894094600000003


# temperature  850.000000000000000
#   -0.000753301588866    0.223078977266882  -24.582383781563024 1199.799870074069531 -21666.675521313994977
  62.324676261675947   99.365649300000001
  64.313613969441761   99.423836699999995
  66.344422519635614   99.477231300000000
  68.417538066866115   99.526358200000004
  70.533396765741841   99.565084600000006
  72.692434770871515   99.602318299999993
  74.895088236863714   99.634962200000004
  77.141793318327004   99.664398399999996
  79.432986169870119   99.689082799999994
  81.769102946101640   99.710740599999994
  84.150579801630130   99.729702099999997
  86.577852891064325   93.894750500000001


# temperature  860.000000000000000
#   -0.000756680532376    0.224057699565039  -24.688323358236833 1204.878909247787078 -21756.516172946121515
  62.324676261675947   99.375050500000000
  64.313613969441761   99.431901199999999
  66.344422519635614   99.484067999999994
  68.417538066866115   99.532064099999999
  70.533396765741841   99.569898600000002
  72.692434770871515   99.606274200000001
  74.895088236863714   99.638165299999997
  77.141793318327004   99.666922299999996
  79.432986169870119   99.691036999999994
  81.769102946101640   99.712194699999998
  84.150579801630130   99.730718199999998
  86.577852891064325   93.895383600000002


# temperature  870.000000000000000
#   -0.000760020340408    0.225025082694276  -24.793035030527612 1209.899042578934996 -21845.313825717996224
  62.324676261675947   99.384130799999994
  64.313613969441761   99.439690200000001
  66.344422519635614   99.490671000000006
  68.417538066866115   99.537575000000004
  70.533396765741841   99.574547899999999
  72.692434770871515   99.610094700000005
  74.895088236863714   99.641258800000003
  77.141793318327004   99.669359900000003
  79.432986169870119   99.692924199999993
  81.769102946101640   99.713599000000002
  84.150579801630130   99.731699500000005
  86.577852891064325   93.895994999999999


# temperature  880.000000000000000
#   -0.000763321937614    0.225981395004565  -24.896547909542669 1214.861669421287615 -21933.093329365619866
  62.324676261675947   99.392904700000003
  64.313613969441761   99.447216200000000
  66.344422519635614   99.497050900000005
  68.417538066866115   99.542899599999998
  70.533396765741841   99.579040000000006
  72.692434770871515   99.613785899999996
  74.895088236863714   99.644247600000000
  77.141793318327004   99.671714899999998
  79.432986169870119   99.694747599999999
  81.769102946101640   99.714955700000004
  84.150579801630130   99.732647499999999
  86.577852891064325   93.896585799999997


# temperature  890.000000000000000
#   -0.000766586154456    0.226926876742526  -24.998887975410153 1219.768034768156667 -22019.876702588648186
  62.324676261675947   99.401385800000000
  64.313613969441761   99.454490800000002
  66.344422519635614   99.503217699999993
  68.417538066866115   99.548046099999993
  70.533396765741841   99.583381900000006
  72.692434770871515   99.617353699999995
  74.895088236863714   99.647136300000000
  77.141793318327004   99.673991099999995
  79.432986169870119   99.696509899999995
  81.769102946101640   99.716267000000002
  84.150579801630130   99.733563799999999
  86.577852891064325   93.897156699999996


# temperature  900.000000000000000
#   -0.000769813873409    0.227861784186798  -25.100083048714730 1224.619476866825607 -22105.687733348066104
  62.324676261675947   99.409586899999994
  64.313613969441761   99.461525300000005
  66.344422519635614   99.509180599999993
  68.417538066866115   99.553022499999997
  70.533396765741841   99.587580099999997
  72.692434770871515   99.620803400000000
  74.895088236863714   99.649929499999999
  77.141793318327004   99.676191900000006
  79.432986169870119   99.698213800000005
  81.769102946101640   99.717534799999996
  84.150579801630130   99.734449699999999
  86.577852891064325   93.897708699999995


# temperature  910.000000000000000
#   -0.000773005864498    0.228786340143445  -25.200157227084425 1229.417150589100174 -22190.546844154963765
  62.324676261675947   99.417520300000007
  64.313613969441761   99.468329900000001
  66.344422519635614   99.514948700000005
  68.417538066866115   99.557836199999997
  70.533396765741841   99.591640999999996
  72.692434770871515   99.624140199999999
  74.895088236863714   99.652631200000002
  77.141793318327004   99.678320700000000
  79.432986169870119   99.699861999999996
  81.769102946101640   99.718761099999995
  84.150579801630130   99.735306600000001
  86.577852891064325   93.898242600000003


# temperature  920.000000000000000
#   -0.000776162927497    0.229700776679287  -25.299135683272453 1234.162265963233722 -22274.475521250620659
  62.324676261675947   99.425197400000002
  64.313613969441761   99.474914499999997
  66.344422519635614   99.520530199999996
  68.417538066866115   99.562494099999995
  70.533396765741841   99.595570499999994
  72.692434770871515   99.627369000000002
  74.895088236863714   99.655245399999998
  77.141793318327004   99.680380400000004
  79.432986169870119   99.701456699999994
  81.769102946101640   99.719947700000006
  84.150579801630130   99.736135800000000
  86.577852891064325   93.898759200000001


# temperature  930.000000000000000
#   -0.000779285811059    0.230605310543101  -25.397041871164252 1238.855947423024190 -22357.493663825593103
  62.324676261675947   99.432629199999994
  64.313613969441761   99.481288699999993
  66.344422519635614   99.525933199999997
  68.417538066866115   99.567003000000000
  70.533396765741841   99.599374200000000
  72.692434770871515   99.630494400000003
  74.895088236863714   99.657775799999996
  77.141793318327004   99.682374199999998
  79.432986169870119   99.703000299999999
  81.769102946101640   99.721096200000005
  84.150579801630130   99.736938300000006
  86.577852891064325   93.899259200000003


# temperature  940.000000000000000
#   -0.000782375247808    0.231500154172833  -25.493898817779090 1243.499301000241985 -22439.620888801633555
  62.324676261675947   99.439825900000002
  64.313613969441761   99.487461100000004
  66.344422519635614   99.531165099999996
  68.417538066866115   99.571369000000004
  70.533396765741841   99.603057300000003
  72.692434770871515   99.633520700000005
  74.895088236863714   99.660225999999994
  77.141793318327004   99.684304800000007
  79.432986169870119   99.704494900000000
  81.769102946101640   99.722208300000005
  84.150579801630130   99.737715399999999
  86.577852891064325   93.899743400000006


# temperature  950.000000000000000
#   -0.000785431959993    0.232385517003654  -25.589729224357523 1248.093417030914907 -22520.876537751715659
  62.324676261675947   99.446797500000002
  64.313613969441761   99.493440300000003
  66.344422519635614   99.536233199999998
  68.417538066866115   99.575598200000002
  70.533396765741841   99.606624999999994
  72.692434770871515   99.636452100000000
  74.895088236863714   99.662599400000005
  77.141793318327004   99.686174800000003
  79.432986169870119   99.705942600000000
  81.769102946101640   99.723285399999995
  84.150579801630130   99.738467999999997
  86.577852891064325   93.900212400000001


# temperature  960.000000000000000
#   -0.000788456620551    0.233261594002665  -25.684554204403614 1252.639308595512603 -22601.278553303796798
  62.324676261675947   99.453553099999993
  64.313613969441761   99.499234200000004
  66.344422519635614   99.541144099999997
  68.417538066866115   99.579696299999995
  70.533396765741841   99.610082000000006
  72.692434770871515   99.639292499999996
  74.895088236863714   99.664899100000000
  77.141793318327004   99.687986699999996
  79.432986169870119   99.707345399999994
  81.769102946101640   99.724329100000006
  84.150579801630130   99.739197300000001
  86.577852891064325   93.900666799999996


# temperature  970.000000000000000
#   -0.000791449897261    0.234128578557847  -25.778394691326110 1257.137979692755380 -22680.844714104085142
  62.324676261675947   99.460101699999996
  64.313613969441761   99.504850399999995
  66.344422519635614   99.545904300000004
  68.417538066866115   99.583668500000002
  70.533396765741841   99.613432900000006
  72.692434770871515   99.642045699999997
  74.895088236863714   99.667128099999999
  77.141793318327004   99.689742899999999
  79.432986169870119   99.708704999999995
  81.769102946101640   99.725340799999998
  84.150579801630130   99.739904199999998
  86.577852891064325   93.901107199999998


# temperature  980.000000000000000
#   -0.000794412443617    0.234986660288665  -25.871271251578850 1261.590418726016878 -22759.592562646426813
  62.324676261675947   99.466451500000005
  64.313613969441761   99.510296100000005
  66.344422519635614   99.550519899999998
  68.417538066866115   99.587519999999998
  70.533396765741841   99.616681799999995
  72.692434770871515   99.644715099999999
  74.895088236863714   99.669289300000003
  77.141793318327004   99.691445700000003
  79.432986169870119   99.710023300000003
  81.769102946101640   99.726321600000006
  84.150579801630130   99.740589499999999
  86.577852891064325   93.901534200000000


# temperature  990.000000000000000
#   -0.000797344869954    0.235836015891610  -25.963203005443631 1265.997542423374625 -22837.538320619180013
  62.324676261675947   99.472610500000002
  64.313613969441761   99.515578099999999
  66.344422519635614   99.554996700000004
  68.417538066866115   99.591255700000005
  70.533396765741841   99.619833000000000
  72.692434770871515   99.647304199999994
  74.895088236863714   99.671385400000005
  77.141793318327004   99.693097100000003
  79.432986169870119   99.711301899999995
  81.769102946101640   99.727272799999994
  84.150579801630130   99.741254200000000
  86.577852891064325   93.901948300000001


# temperature 1000.000000000000000
#   -0.000800247797795    0.236676825589070  -26.054209485967139 1270.360288769803901 -22914.698622232743219
  62.324676261675947   99.478586300000003
  64.313613969441761   99.520702900000003
  66.344422519635614   99.559340300000002
  68.417538066866115   99.594880099999997
  70.533396765741841   99.622890299999995
  72.692434770871515   99.649816099999995
  74.895088236863714   99.673418999999996
  77.141793318327004   99.694699400000005
  79.432986169870119   99.712542299999996
  81.769102946101640   99.728195700000001
  84.150579801630130   99.741899099999998
  86.577852891064325   93.902350100000007


