   0.000000000000000    0.000000000000000
  10.000000000000000    0.000105675198886
  20.000000000000000    0.001498370331141
  30.000000000000000    0.003126259072779
  40.000000000000000    0.004406419591661
  50.000000000000000    0.005326284975795
  60.000000000000000    0.005978222495852
  70.000000000000000    0.006446962532062
  80.000000000000000    0.006792506164488
  90.000000000000000    0.007054523073542
 100.000000000000000    0.007258918713258
 110.000000000000000    0.007422762124772
 120.000000000000000    0.007557495294020
 130.000000000000000    0.007670943407889
 140.000000000000000    0.007768568056681
 150.000000000000000    0.007854256622415
 160.000000000000000    0.007930827469315
 170.000000000000000    0.008000358950181
 180.000000000000000    0.008064408242875
 190.000000000000000    0.008124158872752
 200.000000000000000    0.008180522478634
 210.000000000000000    0.008234209928587
 220.000000000000000    0.008285781868825
 230.000000000000000    0.008335685173888
 240.000000000000000    0.008384279372080
 250.000000000000000    0.008431856380105
 260.000000000000000    0.008478655350501
 270.000000000000000    0.008524873620150
 280.000000000000000    0.008570675164166
 290.000000000000000    0.008616197316865
 300.000000000000000    0.008661555746473
 310.000000000000000    0.008706848394590
 320.000000000000000    0.008752158791146
 330.000000000000000    0.008797558337576
 340.000000000000000    0.008843108504412
 350.000000000000000    0.008888862245378
 360.000000000000000    0.008934865514811
 370.000000000000000    0.008981158158745
 380.000000000000000    0.009027774816938
 390.000000000000000    0.009074745515945
 400.000000000000000    0.009122096579404
 410.000000000000000    0.009169850580030
 420.000000000000000    0.009218027121020
 430.000000000000000    0.009266642910634
 440.000000000000000    0.009315712228828
 450.000000000000000    0.009365246938511
 460.000000000000000    0.009415256604014
 470.000000000000000    0.009465748680251
 480.000000000000000    0.009516728639614
 490.000000000000000    0.009568199839696
 500.000000000000000    0.009620163797242
 510.000000000000000    0.009672619819099
 520.000000000000000    0.009725565279409
 530.000000000000000    0.009778995378108
 540.000000000000000    0.009832903061101
 550.000000000000000    0.009887279075168
 560.000000000000000    0.009942111486620
 570.000000000000000    0.009997385966051
 580.000000000000000    0.010053085028804
 590.000000000000000    0.010109188364838
 600.000000000000000    0.010165672110310
 610.000000000000000    0.010222509091400
 620.000000000000000    0.010279667724996
 630.000000000000000    0.010337112374767
 640.000000000000000    0.010394802456671
 650.000000000000000    0.010452692042323
 660.000000000000000    0.010510729505838
 670.000000000000000    0.010568856730414
 680.000000000000000    0.010627008108670
 690.000000000000000    0.010685110493708
 700.000000000000000    0.010743081512015
 710.000000000000000    0.010800829095199
 720.000000000000000    0.010858250066065
 730.000000000000000    0.010915228902340
 740.000000000000000    0.010971636211374
 750.000000000000000    0.011027327138504
 760.000000000000000    0.011082139386139
 770.000000000000000    0.011135891037659
 780.000000000000000    0.011188378027313
 790.000000000000000    0.011239371413574
 800.000000000000000    0.011288613888075
 810.000000000000000    0.011335816052924
 820.000000000000000    0.011380652142630
 830.000000000000000    0.011422754788115
 840.000000000000000    0.011461709434797
 850.000000000000000    0.011497047109737
 860.000000000000000    0.011528236864583
 870.000000000000000    0.011554676040570
 880.000000000000000    0.011575679697513
 890.000000000000000    0.011590467397003
 900.000000000000000    0.011598148156778
 910.000000000000000    0.011597702218584
 920.000000000000000    0.011587959327896
 930.000000000000000    0.011567573278607
 940.000000000000000    0.011534990225696
 950.000000000000000    0.011488412039376
 960.000000000000000    0.011425750051676
 970.000000000000000    0.011344568323613
 980.000000000000000    0.011242019170813
 990.000000000000000    0.011114754977099
1000.000000000000000    0.010958825253282
