   0.000000000000000       -13.027090126348781
  10.000000000000000       -13.027060836335778
  20.000000000000000       -13.027294346160552
  30.000000000000000       -13.028517814082091
  40.000000000000000       -13.031098272220111
  50.000000000000000       -13.035113622933988
  60.000000000000000       -13.040518279760663
  70.000000000000000       -13.047223630884204
  80.000000000000000       -13.055131922782200
  90.000000000000000       -13.064149447843826
 100.000000000000000       -13.074190993767088
 110.000000000000000       -13.085180719978354
 120.000000000000000       -13.097051662084167
 130.000000000000000       -13.109744783910692
 140.000000000000000       -13.123207947659266
 150.000000000000000       -13.137394956761790
 160.000000000000000       -13.152264718289572
 170.000000000000000       -13.167780514208083
 180.000000000000000       -13.183909401519031
 190.000000000000000       -13.200621696631796
 200.000000000000000       -13.217890542642134
 210.000000000000000       -13.235691551674648
 220.000000000000000       -13.254002493900350
 230.000000000000000       -13.272803044484910
 240.000000000000000       -13.292074556971023
 250.000000000000000       -13.311799875329498
 260.000000000000000       -13.331963174332698
 270.000000000000000       -13.352549821526232
 280.000000000000000       -13.373546246786528
 290.000000000000000       -13.394939846785315
 300.000000000000000       -13.416718890286912
 310.000000000000000       -13.438872432525709
 320.000000000000000       -13.461390254446776
 330.000000000000000       -13.484262786834369
 340.000000000000000       -13.507481067458608
 350.000000000000000       -13.531036682780064
 360.000000000000000       -13.554921731421969
 370.000000000000000       -13.579128779755296
 380.000000000000000       -13.603650830134907
 390.000000000000000       -13.628481280808883
 400.000000000000000       -13.653613918048523
 410.000000000000000       -13.679042865020914
 420.000000000000000       -13.704762576150371
 430.000000000000000       -13.730767809804728
 440.000000000000000       -13.757053615025459
 450.000000000000000       -13.783615307576360
 460.000000000000000       -13.810448455790141
 470.000000000000000       -13.837548870488710
 480.000000000000000       -13.864912590319273
 490.000000000000000       -13.892535865134493
 500.000000000000000       -13.920415156917445
 510.000000000000000       -13.948547114410875
 520.000000000000000       -13.976928583021468
 530.000000000000000       -14.005556578476160
 540.000000000000000       -14.034428286194816
 550.000000000000000       -14.063541070719330
 560.000000000000000       -14.092892439842673
 570.000000000000000       -14.122480068660337
 580.000000000000000       -14.152301762706131
 590.000000000000000       -14.182355494179802
 600.000000000000000       -14.212639356083857
 610.000000000000000       -14.243151605072816
 620.000000000000000       -14.273890604174602
 630.000000000000000       -14.304854865475951
 640.000000000000000       -14.336043040711292
 650.000000000000000       -14.367453881278854
 660.000000000000000       -14.399086298217540
 670.000000000000000       -14.430939321689188
 680.000000000000000       -14.463012089326753
 690.000000000000000       -14.495303896630698
 700.000000000000000       -14.527814152228922
 710.000000000000000       -14.560542388480449
 720.000000000000000       -14.593488282146296
 730.000000000000000       -14.626651625823362
 740.000000000000000       -14.660032374338007
 750.000000000000000       -14.693630585920479
 760.000000000000000       -14.727446490265516
 770.000000000000000       -14.761480441612397
 780.000000000000000       -14.795732963420193
 790.000000000000000       -14.830204707255655
 800.000000000000000       -14.864896513730821
 810.000000000000000       -14.899809369319014
 820.000000000000000       -14.934944452166109
 830.000000000000000       -14.970303125898020
 840.000000000000000       -15.005886922160887
 850.000000000000000       -15.041697600019843
 860.000000000000000       -15.077737122563073
 870.000000000000000       -15.114007686163482
 880.000000000000000       -15.150511735742137
 890.000000000000000       -15.187251964919769
 900.000000000000000       -15.224231346904796
 910.000000000000000       -15.261453144365701
 920.000000000000000       -15.298920951825913
 930.000000000000000       -15.336638721935044
 940.000000000000000       -15.374610746775145
 950.000000000000000       -15.412841756696551
 960.000000000000000       -15.451336895322866
 970.000000000000000       -15.490101797060905
 980.000000000000000       -15.529142637491988
 990.000000000000000       -15.568466154743993
1000.000000000000000       -15.608079724854212
