   0.000000000000000         0.000000000000000
  10.000000000000000         2.885107152846668
  20.000000000000000         3.027680103467994
  30.000000000000000         3.308543421697540
  40.000000000000000         3.435328104513770
  50.000000000000000         3.499477427244282
  60.000000000000000         3.539313641942913
  70.000000000000000         3.568498510822398
  80.000000000000000         3.592493650470296
  90.000000000000000         3.613703331761484
 100.000000000000000         3.633276811152820
 110.000000000000000         3.651805566512115
 120.000000000000000         3.669616472695691
 130.000000000000000         3.686909420450277
 140.000000000000000         3.703802622263672
 150.000000000000000         3.720380653682964
 160.000000000000000         3.736699624867620
 170.000000000000000         3.752803516018977
 180.000000000000000         3.768734555709111
 190.000000000000000         3.784515352052010
 200.000000000000000         3.800168528124009
 210.000000000000000         3.815714532919809
 220.000000000000000         3.831175805689839
 230.000000000000000         3.846567909192797
 240.000000000000000         3.861896766075386
 250.000000000000000         3.877180606324884
 260.000000000000000         3.892435919212248
 270.000000000000000         3.907666887428195
 280.000000000000000         3.922883076550566
 290.000000000000000         3.938100329865164
 300.000000000000000         3.953321631842324
 310.000000000000000         3.968557331860609
 320.000000000000000         3.983815974165826
 330.000000000000000         3.999102445292496
 340.000000000000000         4.014424739892593
 350.000000000000000         4.029789756029486
 360.000000000000000         4.045208231254691
 370.000000000000000         4.060683938994996
 380.000000000000000         4.076218220758916
 390.000000000000000         4.091825206264621
 400.000000000000000         4.107508146712277
 410.000000000000000         4.123267449337979
 420.000000000000000         4.139111375124135
 430.000000000000000         4.155047489069948
 440.000000000000000         4.171085023475425
 450.000000000000000         4.187224367724993
 460.000000000000000         4.203470154235567
 470.000000000000000         4.219830547881800
 480.000000000000000         4.236309080180512
 490.000000000000000         4.252914693206745
 500.000000000000000         4.269651412371668
 510.000000000000000         4.286522013561753
 520.000000000000000         4.303535726208781
 530.000000000000000         4.320693722719560
 540.000000000000000         4.338007208629124
 550.000000000000000         4.355479479338705
 560.000000000000000         4.373117618651276
 570.000000000000000         4.390925635424606
 580.000000000000000         4.408908817877096
 590.000000000000000         4.427073741336942
 600.000000000000000         4.445432025724154
 610.000000000000000         4.463988321877229
 620.000000000000000         4.482742705255060
 630.000000000000000         4.501710443328057
 640.000000000000000         4.520892168340108
 650.000000000000000         4.540297884317874
 660.000000000000000         4.559942139842612
 670.000000000000000         4.579820909428156
 680.000000000000000         4.599946114481402
 690.000000000000000         4.620330095514846
 700.000000000000000         4.640975936586543
 710.000000000000000         4.661897736801518
 720.000000000000000         4.683103901486461
 730.000000000000000         4.704601513136242
 740.000000000000000         4.726402063231154
 750.000000000000000         4.748514863840763
 760.000000000000000         4.770952604512972
 770.000000000000000         4.793725914001770
 780.000000000000000         4.816849289100851
 790.000000000000000         4.840337987566632
 800.000000000000000         4.864198701387820
 810.000000000000000         4.888450001849725
 820.000000000000000         4.913104832557656
 830.000000000000000         4.938187125653529
 840.000000000000000         4.963711579769384
 850.000000000000000         4.989695920298106
 860.000000000000000         5.016165418368611
 870.000000000000000         5.043138727778499
 880.000000000000000         5.070648096889209
 890.000000000000000         5.098709880219600
 900.000000000000000         5.127377846054594
 910.000000000000000         5.156697229833146
 920.000000000000000         5.186661927270464
 930.000000000000000         5.217353713332520
 940.000000000000000         5.248824523762914
 950.000000000000000         5.281121150176260
 960.000000000000000         5.314388495826926
 970.000000000000000         5.348660326962506
 980.000000000000000         5.384031261802950
 990.000000000000000         5.420688801795849
1000.000000000000000         5.458767289707305
