# Temperature: 0.000000
# Parameters: -13.027090 0.838607 6.108082 72.922657
  62.324676261675947       -12.094584214484442
  64.313613969441761       -12.454540929112092
  66.344422519635614       -12.716147799015788
  68.417538066866115       -12.891809574199923
  70.533396765741841       -12.991443444253449
  72.692434770871515       -13.026739638903843
  74.895088236863714       -13.006142073650322
  77.141793318327004       -12.937807377809593
  79.432986169870119       -12.828332996196911
  81.769102946101640       -12.684608755809576
  84.150579801630130       -12.512227435799836
  86.577852891064325       -12.317003489486888


# Temperature: 10.000000
# Parameters: -13.027061 0.838192 6.120170 72.922050
  62.324676261675947       -12.094590995821973
  64.313613969441761       -12.454549407079536
  66.344422519635614       -12.716158070000798
  68.417538066866115       -12.891823151384953
  70.533396765741841       -12.991462564246534
  72.692434770871515       -13.026765801413896
  74.895088236863714       -13.006177939183754
  77.141793318327004       -12.937859966081989
  79.432986169870119       -12.828418422601406
  81.769102946101640       -12.684766059417043
  84.150579801630130       -12.512588860465321
  86.577852891064325       -12.317875452584403


# Temperature: 20.000000
# Parameters: -13.027294 0.836102 6.162297 72.924803
  62.324676261675947       -12.094693752311267
  64.313613969441761       -12.454678819417822
  66.344422519635614       -12.716321178632189
  68.417538066866115       -12.892040114801723
  70.533396765741841       -12.991748487326138
  72.692434770871515       -13.027147448830091
  74.895088236863714       -13.006693608962584
  77.141793318327004       -12.938580742560282
  79.432986169870119       -12.829457310452085
  81.769102946101640       -12.686340637694128
  84.150579801630130       -12.515156096796273
  86.577852891064325       -12.322070515668413


# Temperature: 30.000000
# Parameters: -13.028518 0.832627 6.213665 72.936643
  62.324676261675947       -12.095131286944891
  64.313613969441761       -12.455218956113216
  66.344422519635614       -12.716990615731822
  68.417538066866115       -12.892894819327855
  70.533396765741841       -12.992813530431889
  72.692434770871515       -13.028496160788158
  74.895088236863714       -13.008406943997816
  77.141793318327004       -12.940796604451950
  79.432986169870119       -12.832351601478297
  81.769102946101640       -12.690222731116815
  84.150579801630130       -12.520585115604916
  86.577852891064325       -12.329525232864205


# Temperature: 40.000000
# Parameters: -13.031098 0.828365 6.265224 72.956901
  62.324676261675947       -12.096171266152506
  64.313613969441761       -12.456465482652902
  66.344422519635614       -12.718488872609793
  68.417538066866115       -12.894729988351989
  70.533396765741841       -12.995008893883442
  72.692434770871515       -13.031158536911246
  74.895088236863714       -13.011636431884600
  77.141793318327004       -12.944761719770026
  79.432986169870119       -12.837242313920459
  81.769102946101640       -12.696371068151892
  84.150579801630130       -12.528568071321741
  86.577852891064325       -12.339638122437856


# Temperature: 50.000000
# Parameters: -13.035114 0.823673 6.314989 72.983545
  62.324676261675947       -12.097992712891921
  64.313613969441761       -12.458595666288478
  66.344422519635614       -12.720984999729685
  68.417538066866115       -12.897694823736904
  70.533396765741841       -12.998457356890519
  72.692434770871515       -13.035215893136989
  74.895088236863714       -13.016407731429787
  77.141793318327004       -12.950425873658427
  79.432986169870119       -12.843986515258706
  81.769102946101640       -12.704529261797541
  84.150579801630130       -12.538716147569572
  86.577852891064325       -12.351917170005279


# Temperature: 60.000000
# Parameters: -13.040518 0.818737 6.362883 73.014858
  62.324676261675947       -12.100684943275679
  64.313613969441761       -12.461684874906823
  66.344422519635614       -12.724534895709622
  68.417538066866115       -12.901817272718812
  70.533396765741841       -13.003156939878814
  72.692434770871515       -13.040627148634622
  74.895088236863714       -13.022634750843176
  77.141793318327004       -12.957649691648905
  79.432986169870119       -12.852387799592682
  81.769102946101640       -12.714438892619890
  84.150579801630130       -12.550705644565205
  86.577852891064325       -12.366001154040550


# Temperature: 70.000000
# Parameters: -13.047224 0.813654 6.409212 73.049622
  62.324676261675947       -12.104276744045318
  64.313613969441761       -12.465745625428822
  66.344422519635614       -12.729131235088245
  68.417538066866115       -12.907065183279853
  70.533396765741841       -13.009051092318039
  72.692434770871515       -13.047306569181030
  74.895088236863714       -13.030200692131444
  77.141793318327004       -12.966282399619923
  79.432986169870119       -12.862261624994328
  81.769102946101640       -12.725881051829933
  84.150579801630130       -12.564283507417501
  86.577852891064325       -12.381623780342483


# Temperature: 80.000000
# Parameters: -13.055132 0.808475 6.454285 73.087015
  62.324676261675947       -12.108761056101052
  64.313613969441761       -12.470756197467709
  66.344422519635614       -12.734735613087594
  68.417538066866115       -12.913380843055810
  70.533396765741841       -13.016064101191342
  72.692434770871515       -13.055158057326143
  74.895088236863714       -13.038988803940454
  77.141793318327004       -12.976185768354338
  79.432986169870119       -12.873449360194035
  81.769102946101640       -12.738677163169610
  84.150579801630130       -12.579252024328916
  86.577852891064325       -12.398583668164303


# Temperature: 90.000000
# Parameters: -13.064149 0.803228 6.498343 73.126480
  62.324676261675947       -12.114111390458531
  64.313613969441761       -12.476678111622828
  66.344422519635614       -12.741296522427941
  68.417538066866115       -12.920698422391393
  70.533396765741841       -13.024117256136901
  72.692434770871515       -13.064088852912695
  74.895088236863714       -13.048892553043334
  77.141793318327004       -12.987239404495858
  79.432986169870119       -12.885817837880897
  81.769102946101640       -12.752681894792085
  84.150579801630130       -12.595454451362205
  86.577852891064325       -12.416724333711771


# Temperature: 100.000000
# Parameters: -13.074191 0.797928 6.541571 73.167636
  62.324676261675947       -12.120291803852346
  64.313613969441761       -12.483466021132605
  66.344422519635614       -12.748758728840453
  68.417538066866115       -12.928952195273943
  70.533396765741841       -13.033135645295420
  72.692434770871515       -13.074014278872438
  74.895088236863714       -13.059817909660561
  77.141793318327004       -12.999340084126915
  79.432986169870119       -12.899255525107385
  81.769102946101640       -12.767775945734426
  84.150579801630130       -12.612764305119914
  86.577852891064325       -12.435921165373403


# Temperature: 110.000000
# Parameters: -13.085181 0.792586 6.584109 73.210216
  62.324676261675947       -12.127262667485036
  64.313613969441761       -12.491073032887375
  66.344422519635614       -12.757067889382940
  68.417538066866115       -12.938080121222860
  70.533396765741841       -13.043050614749838
  72.692434770871515       -13.084858781798173
  74.895088236863714       -13.071682821991795
  77.141793318327004       -13.012399474703562
  79.432986169870119       -12.913668500918742
  81.769102946101640       -12.783860227420153
  84.150579801630130       -12.631077777140016
  86.577852891064325       -12.456072827600414


# Temperature: 120.000000
# Parameters: -13.097052 0.787207 6.626065 73.254031
  62.324676261675947       -12.134983857147345
  64.313613969441761       -12.499453437376344
  66.344422519635614       -12.766172662603889
  68.417538066866115       -12.948025156368921
  70.533396765741841       -13.053800291920618
  72.692434770871515       -13.096555525664634
  74.895088236863714       -13.084415835696007
  77.141793318327004       -13.026341710854274
  79.432986169870119       -12.928977014381102
  81.769102946101640       -12.800851437082336
  84.150579801630130       -12.650308337223969
  86.577852891064325       -12.477095415462173


# Temperature: 130.000000
# Parameters: -13.109745 0.781795 6.667527 73.298946
  62.324676261675947       -12.143416459175981
  64.313613969441761       -12.508564000074818
  66.344422519635614       -12.776025527319273
  68.417538066866115       -12.958735505305876
  70.533396765741841       -13.065329301584944
  72.692434770871515       -13.109045490137571
  74.895088236863714       -13.097954576563316
  77.141793318327004       -13.041101244831721
  79.432986169870119       -12.945112743233826
  81.769102946101640       -12.818678729798634
  84.150579801630130       -12.670382870675748
  86.577852891064325       -12.498918379417848


# Temperature: 140.000000
# Parameters: -13.123208 0.776352 6.708566 73.344860
  62.324676261675947       -12.152523602703967
  64.313613969441761       -12.518364490021632
  66.344422519635614       -12.786582955695742
  68.417538066866115       -12.970164386858102
  70.533396765741841       -13.077588164749432
  72.692434770871515       -13.122276478713744
  74.895088236863714       -13.112244357557991
  77.141793318327004       -13.056621052458782
  79.432986169870119       -12.962016636049874
  81.769102946101640       -12.837281221740239
  84.150579801630130       -12.691238845748671
  86.577852891064325       -12.521481616067662


# Temperature: 150.000000
# Parameters: -13.137395 0.770880 6.749241 73.391700
  62.324676261675947       -12.162270805827031
  64.313613969441761       -12.528817790716761
  66.344422519635614       -12.797805265041664
  68.417538066866115       -12.982269616400783
  70.533396765741841       -13.090532633264427
  72.692434770871515       -13.136202174536525
  74.895088236863714       -13.127236984855310
  77.141793318327004       -13.072851186277367
  79.432986169870119       -12.979637229079428
  81.769102946101640       -12.856606084183847
  84.150579801630130       -12.712822214882056
  86.577852891064325       -12.544733332078220


# Temperature: 160.000000
# Parameters: -13.152265 0.765380 6.789603 73.439410
  62.324676261675947       -12.172626063699854
  64.313613969441761       -12.539889806842965
  66.344422519635614       -12.809656344190563
  68.417538066866115       -12.995013129103800
  70.533396765741841       -13.104123043093972
  72.692434770871515       -13.150781318509820
  74.895088236863714       -13.142889756653714
  77.141793318327004       -13.089747602313812
  79.432986169870119       -12.997929323769881
  81.769102946101640       -12.876607085259788
  84.150579801630130       -12.735085821713943
  86.577852891064325       -12.568628441867386


# Temperature: 170.000000
# Parameters: -13.167781 0.759852 6.829697 73.487950
  62.324676261675947       -12.183559781168350
  64.313613969441761       -12.551549272526897
  66.344422519635614       -12.822103325990405
  68.417538066866115       -13.008360513539875
  70.533396765741841       -13.118323724589212
  72.692434770871515       -13.165976994163895
  74.895088236863714       -13.159164628851611
  77.141793318327004       -13.107271215894480
  79.432986169870119       -13.016852944120945
  81.769102946101640       -12.897243447810220
  84.150579801630130       -12.757988181207297
  86.577852891064325       -12.593127363276881


# Temperature: 180.000000
# Parameters: -13.183909 0.754297 6.869561 73.537288
  62.324676261675947       -12.195044640107097
  64.313613969441761       -12.563767522288899
  66.344422519635614       -12.835116255647165
  68.417538066866115       -13.022280583640493
  70.533396765741841       -13.133102490493789
  72.692434770871515       -13.181756022382384
  74.895088236863714       -13.176027538260971
  77.141793318327004       -13.125387141945257
  79.432986169870119       -13.036372502361449
  81.769102946101640       -12.918478960135312
  84.150579801630130       -12.781492521992067
  86.577852891064325       -12.618195068205758


# Temperature: 190.000000
# Parameters: -13.200622 0.748715 6.909229 73.587404
  62.324676261675947       -12.207055432554702
  64.313613969441761       -12.576518249555654
  66.344422519635614       -12.848667784979060
  68.417538066866115       -13.036744996254585
  70.533396765741841       -13.148430190280520
  72.692434770871515       -13.198088462881232
  74.895088236863714       -13.193447830499993
  77.141793318327004       -13.144064073135747
  79.432986169870119       -13.056456132527197
  81.769102946101640       -12.940281257749804
  84.150579801630130       -12.805566041174654
  86.577852891064325       -12.643800343638416


# Temperature: 200.000000
# Parameters: -13.217891 0.743107 6.948732 73.638281
  62.324676261675947       -12.219568888667018
  64.313613969441761       -12.589777281755683
  66.344422519635614       -12.862732886362878
  68.417538066866115       -13.051727911200690
  70.533396765741841       -13.164280332892199
  72.692434770871515       -13.214947177873201
  74.895088236863714       -13.211397792564819
  77.141793318327004       -13.163273769957513
  79.432986169870119       -13.077075145300729
  81.769102946101640       -12.962621249202812
  84.150579801630130       -12.830179291809934
  86.577852891064325       -12.669915210209430


# Temperature: 210.000000
# Parameters: -13.235692 0.737473 6.988099 73.689907
  62.324676261675947       -12.232563500524678
  64.313613969441761       -12.603522364742650
  66.344422519635614       -12.877288601918801
  68.417538066866115       -13.067205705213281
  70.533396765741841       -13.180628755085181
  72.692434770871515       -13.232307478646492
  74.895088236863714       -13.229852266242519
  77.141793318327004       -13.182990638898564
  79.432986169870119       -13.098203581311550
  81.769102946101640       -12.985472653831678
  84.150579801630130       -12.855305705108734
  86.577852891064325       -12.696514440265304


# Temperature: 220.000000
# Parameters: -13.254002 0.731812 7.027355 73.742276
  62.324676261675947       -12.246019362523434
  64.313613969441761       -12.617732972092931
  66.344422519635614       -12.892313816533044
  68.417538066866115       -13.083156708690481
  70.533396765741841       -13.197453343667116
  72.692434770871515       -13.250146815673265
  74.895088236863714       -13.248788316454656
  77.141793318327004       -13.203191392495507
  79.432986169870119       -13.119817850459778
  81.769102946101640       -13.008811611029246
  84.150579801630130       -12.880921186231543
  86.577852891064325       -12.723575177496004


# Temperature: 230.000000
# Parameters: -13.272803 0.726126 7.066524 73.795385
  62.324676261675947       -12.259918024201612
  64.313613969441761       -12.632390126840271
  66.344422519635614       -12.907789065082548
  68.417538066866115       -13.099560994263088
  70.533396765741841       -13.214733799191743
  72.692434770871515       -13.268444527794472
  74.895088236863714       -13.268184955567882
  77.141793318327004       -13.223854750842767
  79.432986169870119       -13.141896422024667
  81.769102946101640       -13.032616370352388
  84.150579801630130       -12.907003785741372
  86.577852891064325       -12.751076615642793


# Temperature: 240.000000
# Parameters: -13.292075 0.720413 7.105628 73.849233
  62.324676261675947       -12.274242348249711
  64.313613969441761       -12.647476253266831
  66.344422519635614       -12.923696354169659
  68.417538066866115       -13.116400179873569
  70.533396765741841       -13.232451427637203
  72.692434770871515       -13.287181616278904
  74.895088236863714       -13.288022917453000
  77.141793318327004       -13.244961195959545
  79.432986169870119       -13.164419572813001
  81.769102946101640       -13.056867021014716
  84.150579801630130       -12.933533433242182
  86.577852891064325       -12.778999737318790


# Temperature: 250.000000
# Parameters: -13.311800 0.714674 7.144688 73.903821
  62.324676261675947       -12.288976394430650
  64.313613969441761       -12.662975032839917
  66.344422519635614       -12.940019014949581
  68.417538066866115       -13.133657265020698
  70.533396765741841       -13.250588964213557
  72.692434770871515       -13.306340559302893
  74.895088236863714       -13.308284451236117
  77.141793318327004       -13.266492770723108
  79.432986169870119       -13.187369165363862
  81.769102946101640       -13.081545273200646
  84.150579801630130       -12.960491697964406
  86.577852891064325       -12.807327093250169


# Temperature: 260.000000
# Parameters: -13.331963 0.708908 7.183723 73.959153
  62.324676261675947       -12.304105303500023
  64.313613969441761       -12.678871283986528
  66.344422519635614       -12.956741566322100
  68.417538066866115       -13.151316485659875
  70.533396765741841       -13.269130421008111
  72.692434770871515       -13.325905149231360
  74.895088236863714       -13.328953155470430
  77.141793318327004       -13.288432898530601
  79.432986169870119       -13.210728474865434
  81.769102946101640       -13.106634266326507
  84.150579801630130       -12.987861606353901
  86.577852891064325       -12.836042616755835


# Temperature: 270.000000
# Parameters: -13.352550 0.703116 7.222752 74.015234
  62.324676261675947       -12.319615202891290
  64.313613969441761       -12.695150857414294
  66.344422519635614       -12.973849598851839
  68.417538066866115       -13.169363193977659
  70.533396765741841       -13.288060956395702
  72.692434770871515       -13.345860356845980
  74.895088236863714       -13.350013833036542
  77.141793318327004       -13.310766229907960
  79.432986169870119       -13.234482024363206
  81.769102946101640       -13.132118411503749
  84.150579801630130       -13.015627466915911
  86.577852891064325       -12.865131464137772


# Temperature: 280.000000
# Parameters: -13.373546 0.697298 7.261791 74.072072
  62.324676261675947       -12.335493112400995
  64.313613969441761       -12.711800534541700
  66.344422519635614       -12.991329672162042
  68.417538066866115       -13.187783738166328
  70.533396765741841       -13.307366752740393
  72.692434770871515       -13.366192203864726
  74.895088236863714       -13.371452364698452
  77.141793318327004       -13.333478515029460
  79.432986169870119       -13.258615453133842
  81.769102946101640       -13.157983253694232
  84.150579801630130       -13.043774740661760
  86.577852891064325       -12.894579885127754


# Temperature: 290.000000
# Parameters: -13.394940 0.691453 7.300859 74.129675
  62.324676261675947       -12.351726873711762
  64.313613969441761       -12.728807947693253
  66.344422519635614       -13.009169222692641
  68.417538066866115       -13.206565376400478
  70.533396765741841       -13.327034924153519
  72.692434770871515       -13.386887663444957
  74.895088236863714       -13.393255600278779
  77.141793318327004       -13.356556490747252
  79.432986169870119       -13.283115405787544
  81.769102946101640       -13.184215349411925
  84.150579801630130       -13.072289911555576
  86.577852891064325       -12.924375102661886


# Temperature: 300.000000
# Parameters: -13.416719 0.685582 7.339970 74.188053
  62.324676261675947       -12.368305071623908
  64.313613969441761       -12.746161499258232
  66.344422519635614       -13.027356487004697
  68.417538066866115       -13.225696186667944
  70.533396765741841       -13.347053422178902
  72.692434770871515       -13.407934565868612
  74.895088236863714       -13.415411261234699
  77.141793318327004       -13.379987784203712
  79.432986169870119       -13.307969423443305
  81.769102946101640       -13.210802170335253
  84.150579801630130       -13.101160384944496
  86.577852891064325       -12.954505212347245


# Temperature: 310.000000
# Parameters: -13.438872 0.679683 7.379140 74.247216
  62.324676261675947       -12.385216971869845
  64.313613969441761       -12.763850298468670
  66.344422519635614       -13.045880424048432
  68.417538066866115       -13.245164989037818
  70.533396765741841       -13.367410960133720
  72.692434770871515       -13.429321518737378
  74.895088236863714       -13.437907862925954
  77.141793318327004       -13.403760820589493
  79.432986169870119       -13.333165862887640
  81.769102946101640       -13.237732008992301
  84.150579801630130       -13.130374399462438
  86.577852891064325       -12.984959102657061


# Temperature: 320.000000
# Parameters: -13.461390 0.673758 7.418384 74.307177
  62.324676261675947       -12.402452469292777
  64.313613969441761       -12.781864098177367
  66.344422519635614       -13.064730657123345
  68.417538066866115       -13.264961287620569
  70.533396765741841       -13.388096943667941
  72.692434770871515       -13.451037835459285
  74.895088236863714       -13.460734633773617
  77.141793318327004       -13.427864758885104
  79.432986169870119       -13.358693816769767
  81.769102946101640       -13.264993902065264
  84.150579801630130       -13.159920943079557
  86.577852891064325       -13.015726369943755


# Temperature: 330.000000
# Parameters: -13.484263 0.667806 7.457717 74.367949
  62.324676261675947       -12.420002031879674
  64.313613969441761       -12.800193243036556
  66.344422519635614       -13.083897415838351
  68.417538066866115       -13.285075206309624
  70.533396765741841       -13.409101411688033
  72.692434770871515       -13.473073470990263
  74.895088236863714       -13.483881458256624
  77.141793318327004       -13.452289415165341
  79.432986169870119       -13.384543048306746
  81.769102946101640       -13.292577564059160
  84.150579801630130       -13.189789686770967
  86.577852891064325       -13.046797259362627


# Temperature: 340.000000
# Parameters: -13.507481 0.661827 7.497153 74.429546
  62.324676261675947       -12.437856657231361
  64.313613969441761       -12.818828620785871
  66.344422519635614       -13.103371487399725
  68.417538066866115       -13.305497433850761
  70.533396765741841       -13.430414979353500
  72.692434770871515       -13.495418967939980
  74.895088236863714       -13.507338815762635
  77.141793318327004       -13.477025210777990
  79.432986169870119       -13.410703929097894
  81.769102946101640       -13.320473324079831
  84.150579801630130       -13.219970921294733
  86.577852891064325       -13.078162603722721


# Temperature: 350.000000
# Parameters: -13.531037 0.655820 7.536706 74.491983
  62.324676261675947       -12.456007829032618
  64.313613969441761       -12.837761616649589
  66.344422519635614       -13.123144165826231
  68.417538066866115       -13.326219183421486
  70.533396765741841       -13.452028792474142
  72.692434770871515       -13.518065408896218
  74.895088236863714       -13.531097731875986
  77.141793318327004       -13.502063118449644
  79.432986169870119       -13.437167389376325
  81.769102946101640       -13.348672072976191
  84.150579801630130       -13.250455504334127
  86.577852891064325       -13.109813771665488


# Temperature: 360.000000
# Parameters: -13.554922 0.649786 7.576390 74.555277
  62.324676261675947       -12.474447481813684
  64.313613969441761       -12.856984079134563
  66.344422519635614       -13.143207219819889
  68.417538066866115       -13.347232148064696
  70.533396765741841       -13.473934483980125
  72.692434770871515       -13.541004369785703
  74.895088236863714       -13.555149728629235
  77.141793318327004       -13.527394617719381
  79.432986169870119       -13.463924867224064
  81.769102946101640       -13.377165217737469
  84.150579801630130       -13.281234812822015
  86.577852891064325       -13.141742624134899


# Temperature: 370.000000
# Parameters: -13.579129 0.643724 7.616218 74.619445
  62.324676261675947       -12.493167966748180
  64.313613969441761       -12.876488280646013
  66.344422519635614       -13.163552848199654
  68.417538066866115       -13.368528460268061
  70.533396765741841       -13.496124134537803
  72.692434770871515       -13.564227877380615
  74.895088236863714       -13.579486791337505
  77.141793318327004       -13.553011650372417
  79.432986169870119       -13.490968274369964
  81.769102946101640       -13.405944635890453
  84.150579801630130       -13.312300697338102
  86.577852891064325       -13.173941469811099


# Temperature: 380.000000
# Parameters: -13.603651 0.637634 7.656202 74.684504
  62.324676261675947       -12.512162020560330
  64.313613969441761       -12.896266888467599
  66.344422519635614       -13.184173655027177
  68.417538066866115       -13.390100662944079
  70.533396765741841       -13.518590239384059
  72.692434770871515       -13.587728383387935
  74.895088236863714       -13.604101329214298
  77.141793318327004       -13.578906589347334
  79.432986169870119       -13.518289948514109
  81.769102946101640       -13.435002640260995
  84.150579801630130       -13.343645448943283
  86.577852891064325       -13.206403032981193


# Temperature: 390.000000
# Parameters: -13.628481 0.631517 7.696358 74.750475
  62.324676261675947       -12.531422738577870
  64.313613969441761       -12.916312934705049
  66.344422519635614       -13.205062612295457
  68.417538066866115       -13.411941674191580
  70.533396765741841       -13.541325674124247
  72.692434770871515       -13.611498719883107
  74.895088236863714       -13.628986140132991
  77.141793318327004       -13.605072200388289
  79.432986169870119       -13.545882629490000
  81.769102946101640       -13.464331944771937
  84.150579801630130       -13.375261758759022
  86.577852891064325       -13.239120419337178


# Temperature: 400.000000
# Parameters: -13.653614 0.625371 7.736696 74.817377
  62.324676261675947       -12.550943546748536
  64.313613969441761       -12.936619789339078
  66.344422519635614       -13.226213039200321
  68.417538066866115       -13.434044765530775
  70.533396765741841       -13.564323669857952
  72.692434770871515       -13.635532082727222
  74.895088236863714       -13.654134383679750
  77.141793318327004       -13.631501614061513
  79.432986169870119       -13.573739422989638
  81.769102946101640       -13.493925635423178
  84.150579801630130       -13.407142692056690
  86.577852891064325       -13.272087085919583


# Temperature: 410.000000
# Parameters: -13.679043 0.619197 7.777232 74.885232
  62.324676261675947       -12.570718185057247
  64.313613969441761       -12.957181138460435
  66.344422519635614       -13.247618573120477
  68.417538066866115       -13.456403529774045
  70.533396765741841       -13.587577785195482
  72.692434770871515       -13.659821997364945
  74.895088236863714       -13.679539558352158
  77.141793318327004       -13.658188298808225
  79.432986169870119       -13.601853776725710
  81.769102946101640       -13.523777137126027
  84.150579801630130       -13.439281658201203
  86.577852891064325       -13.305296816243235


# Temperature: 420.000000
# Parameters: -13.704763 0.612995 7.817977 74.954062
  62.324676261675947       -12.590740677469737
  64.313613969441761       -12.977990961468521
  66.344422519635614       -13.269273151998275
  68.417538066866115       -13.479011864443109
  70.533396765741841       -13.611081887602195
  72.692434770871515       -13.684362298095991
  74.895088236863714       -13.705195471502844
  77.141793318327004       -13.685126040216101
  79.432986169870119       -13.630219451411660
  81.769102946101640       -13.553880196083961
  84.150579801630130       -13.471672386813218
  86.577852891064325       -13.338743694386590


# Temperature: 430.000000
# Parameters: -13.730768 0.606763 7.858946 75.023890
  62.324676261675947       -12.611005321568294
  64.313613969441761       -12.999043512415717
  66.344422519635614       -13.291170989465469
  68.417538066866115       -13.501863947931227
  70.533396765741841       -13.634830125414986
  72.692434770871515       -13.709147107346595
  74.895088236863714       -13.731096219647386
  77.141793318327004       -13.712308913035766
  79.432986169870119       -13.658830507288149
  81.769102946101640       -13.584228852845536
  84.150579801630130       -13.504308904967743
  86.577852891064325       -13.372422088408930


# Temperature: 440.000000
# Parameters: -13.757054 0.600503 7.900150 75.094740
  62.324676261675947       -12.631506664713951
  64.313613969441761       -13.020333302388137
  66.344422519635614       -13.313306559296823
  68.417538066866115       -13.524954220847521
  70.533396765741841       -13.658816913332318
  72.692434770871515       -13.734170813904566
  74.895088236863714       -13.757236170845061
  77.141793318327004       -13.739731264597969
  79.432986169870119       -13.687681273030250
  81.769102946101640       -13.614817423648713
  84.150579801630130       -13.537185514392778
  86.577852891064325       -13.406326625476119


# Temperature: 450.000000
# Parameters: -13.783615 0.594214 7.941604 75.166640
  62.324676261675947       -12.652239492645805
  64.313613969441761       -13.041855077740673
  66.344422519635614       -13.335674578827291
  68.417538066866115       -13.548277369434155
  70.533396765741841       -13.683036914794975
  72.692434770871515       -13.759428058409306
  74.895088236863714       -13.783609945006750
  77.141793318327004       -13.767387696157920
  79.432986169870119       -13.716766334346776
  81.769102946101640       -13.645640479692334
  84.150579801630130       -13.570296776959321
  86.577852891064325       -13.440452175277780


# Temperature: 460.000000
# Parameters: -13.810448 0.587896 7.983321 75.239615
  62.324676261675947       -12.673198810825328
  64.313613969441761       -13.063603814914861
  66.344422519635614       -13.358269992369198
  68.417538066866115       -13.571828311056366
  70.533396765741841       -13.707485023330394
  72.692434770871515       -13.784913714696149
  74.895088236863714       -13.810212396275682
  77.141793318327004       -13.795273045276025
  79.432986169870119       -13.746080516361017
  81.769102946101640       -13.676692833662575
  84.150579801630130       -13.603637491880010
  86.577852891064325       -13.474793836553763


# Temperature: 470.000000
# Parameters: -13.837549 0.581548 8.025315 75.313694
  62.324676261675947       -12.694379833035693
  64.313613969441761       -13.085574696601087
  66.344422519635614       -13.381087955665839
  68.417538066866115       -13.595602176583220
  70.533396765741841       -13.732156351151957
  72.692434770871515       -13.810622874249955
  74.895088236863714       -13.837038601626755
  77.141793318327004       -13.823382374417209
  79.432986169870119       -13.775618867027934
  81.769102946101640       -13.707969523150132
  84.150579801630130       -13.637202687417700
  86.577852891064325       -13.509346919474888


# Temperature: 480.000000
# Parameters: -13.864913 0.575171 8.067598 75.388905
  62.324676261675947       -12.715777967908220
  64.313613969441761       -13.107763104483585
  66.344422519635614       -13.404123825527218
  68.417538066866115       -13.619594301059767
  70.533396765741841       -13.757046214649048
  72.692434770871515       -13.836550835840857
  74.895088236863714       -13.864083842210848
  77.141793318327004       -13.851710950222387
  79.432986169870119       -13.805376641587747
  81.769102946101640       -13.739465791994535
  84.150579801630130       -13.670987600156941
  86.577852891064325       -13.544106934242256


# Temperature: 490.000000
# Parameters: -13.892536 0.568763 8.110185 75.465281
  62.324676261675947       -12.737388808558123
  64.313613969441761       -13.130164607839761
  66.344422519635614       -13.427373148429361
  68.417538066866115       -13.643800206087800
  70.533396765741841       -13.782150119877063
  72.692434770871515       -13.862693088941429
  74.895088236863714       -13.891343595063422
  77.141793318327004       -13.880254236253478
  79.432986169870119       -13.835349294274538
  81.769102946101640       -13.771177084065606
  84.150579801630130       -13.704987663603289
  86.577852891064325       -13.579069577613712


# Temperature: 500.000000
# Parameters: -13.920415 0.562326 8.153091 75.542853
  62.324676261675947       -12.759208121183809
  64.313613969441761       -13.152774947993789
  66.344422519635614       -13.450831643931490
  68.417538066866115       -13.668215594643723
  70.533396765741841       -13.807463753229582
  72.692434770871515       -13.889045306471711
  74.895088236863714       -13.918813518594545
  77.141793318327004       -13.909007879519860
  79.432986169870119       -13.865532459660573
  81.769102946101640       -13.803099027717046
  84.150579801630130       -13.739198498855462
  86.577852891064325       -13.614230720466725


# Temperature: 510.000000
# Parameters: -13.948547 0.555858 8.196329 75.621655
  62.324676261675947       -12.781231834702620
  64.313613969441761       -13.175590033134489
  66.344422519635614       -13.474495202603176
  68.417538066866115       -13.692836337605002
  70.533396765741841       -13.832982970037678
  72.692434770871515       -13.915603329252809
  74.895088236863714       -13.946489443261063
  77.141793318327004       -13.937967700114111
  79.432986169870119       -13.895921948510590
  81.769102946101640       -13.835227424385764
  84.150579801630130       -13.773615901131809
  86.577852891064325       -13.649586398470554


# Temperature: 520.000000
# Parameters: -13.976929 0.549359 8.239914 75.701723
  62.324676261675947       -12.803456032459426
  64.313613969441761       -13.198605927951053
  66.344422519635614       -13.498359867368661
  68.417538066866115       -13.717658462349485
  70.533396765741841       -13.858703787314937
  72.692434770871515       -13.942363160824760
  74.895088236863714       -13.974367359129470
  77.141793318327004       -13.967129676702042
  79.432986169870119       -13.926513735344695
  81.769102946101640       -13.867558239264024
  84.150579801630130       -13.808235828369611
  86.577852891064325       -13.685132802758403


# Temperature: 530.000000
# Parameters: -14.005557 0.542830 8.283861 75.783093
  62.324676261675947       -12.825876942898782
  64.313613969441761       -13.221818842232363
  66.344422519635614       -13.522421834543282
  68.417538066866115       -13.742678148609690
  70.533396765741841       -13.884622370283905
  72.692434770871515       -13.969320956045852
  74.895088236863714       -14.002443411730217
  77.141793318327004       -13.996489947559114
  79.432986169870119       -13.957303944964808
  81.769102946101640       -13.900087594044468
  84.150579801630130       -13.843054396042952
  86.577852891064325       -13.720866272672447


# Temperature: 540.000000
# Parameters: -14.034428 0.536269 8.328187 75.865804
  62.324676261675947       -12.848490933346374
  64.313613969441761       -13.245225124648432
  66.344422519635614       -13.546677437250654
  68.417538066866115       -13.767891716035688
  70.533396765741841       -13.910735028230391
  72.692434770871515       -13.996473012801205
  74.895088236863714       -14.030713889620586
  77.141793318327004       -14.026044789841922
  79.432986169870119       -13.988288851418243
  81.769102946101640       -13.932811753446574
  84.150579801630130       -13.878067864725605
  86.577852891064325       -13.756783282290282


# Temperature: 550.000000
# Parameters: -14.063541 0.529678 8.372905 75.949898
  62.324676261675947       -12.871294499644751
  64.313613969441761       -13.268821258604691
  66.344422519635614       -13.571123142313393
  68.417538066866115       -13.793295617976554
  70.533396765741841       -13.937038203102780
  72.692434770871515       -14.023815762674936
  74.895088236863714       -14.059175215056857
  77.141793318327004       -14.055790620624615
  79.432986169870119       -14.019464863487741
  81.769102946101640       -13.965727121070946
  84.150579801630130       -13.913272630763188
  86.577852891064325       -13.792880437315654


# Temperature: 560.000000
# Parameters: -14.092892 0.523054 8.418034 76.035417
  62.324676261675947       -12.894284263044053
  64.313613969441761       -13.292603849804886
  66.344422519635614       -13.595755541961697
  68.417538066866115       -13.818886434225368
  70.533396765741841       -13.963528467439168
  72.692434770871515       -14.051345768877308
  74.895088236863714       -14.087823942957883
  77.141793318327004       -14.085723985498207
  79.432986169870119       -14.050828519509327
  81.769102946101640       -13.998830231107915
  84.150579801630130       -13.948665223163902
  86.577852891064325       -13.829154466787038


# Temperature: 570.000000
# Parameters: -14.122480 0.516399 8.463587 76.122405
  62.324676261675947       -12.917456960874166
  64.313613969441761       -13.316569620032507
  66.344422519635614       -13.620571348651223
  68.417538066866115       -13.844660866873523
  70.533396765741841       -13.990202510893836
  72.692434770871515       -14.079059711734761
  74.895088236863714       -14.116656747431545
  77.141793318327004       -14.115841551315597
  79.432986169870119       -14.082376482190199
  81.769102946101640       -14.032117740046109
  84.150579801630130       -13.984242296343522
  86.577852891064325       -13.865602215822662


# Temperature: 580.000000
# Parameters: -14.152302 0.509712 8.509585 76.210910
  62.324676261675947       -12.940809442399020
  64.313613969441761       -13.340715409223650
  66.344422519635614       -13.645567387808098
  68.417538066866115       -13.870615727873604
  70.533396765741841       -14.017057139200803
  72.692434770871515       -14.106954389726335
  74.895088236863714       -14.145670417629047
  77.141793318327004       -14.146140103082281
  79.432986169870119       -14.114105530317294
  81.769102946101640       -14.065586420453915
  84.150579801630130       -14.020000618724728
  86.577852891064325       -13.902220641474795


# Temperature: 590.000000
# Parameters: -14.182355 0.502992 8.556043 76.300982
  62.324676261675947       -12.964338662598038
  64.313613969441761       -13.365038157847765
  66.344422519635614       -13.670740590573931
  68.417538066866115       -13.896747940075812
  70.533396765741841       -14.044089266918867
  72.692434770871515       -14.135026710155838
  74.895088236863714       -14.174861855672065
  77.141793318327004       -14.176616533592100
  79.432986169870119       -14.146012552538746
  81.769102946101640       -14.099233158906609
  84.150579801630130       -14.055937070664241
  86.577852891064325       -13.939006803401917


# Temperature: 600.000000
# Parameters: -14.212639 0.496240 8.602982 76.392671
  62.324676261675947       -12.988041676983991
  64.313613969441761       -13.389534911053362
  66.344422519635614       -13.696087990696547
  68.417538066866115       -13.923054528936559
  70.533396765741841       -14.071295912249449
  72.692434770871515       -14.163273682933283
  74.895088236863714       -14.204228064215627
  77.141793318327004       -14.207267843427230
  79.432986169870119       -14.178094542181746
  81.769102946101640       -14.133054944585682
  84.150579801630130       -14.092048639270697
  86.577852891064325       -13.975957861795861


# Temperature: 610.000000
# Parameters: -14.243152 0.489455 8.650416 76.486032
  62.324676261675947       -13.011915636420875
  64.313613969441761       -13.414202809340173
  66.344422519635614       -13.721606721420692
  68.417538066866115       -13.949532617336327
  70.533396765741841       -14.098674189781624
  72.692434770871515       -14.191692416429190
  74.895088236863714       -14.233766147484548
  77.141793318327004       -14.238091128521070
  79.432986169870119       -14.210348594143273
  81.769102946101640       -14.167048866169550
  84.150579801630130       -14.128332409076807
  86.577852891064325       -14.013071072199683


# Temperature: 620.000000
# Parameters: -14.273891 0.482637 8.698369 76.581124
  62.324676261675947       -13.035957781941779
  64.313613969441761       -13.439039085449878
  66.344422519635614       -13.747294004087353
  68.417538066866115       -13.976179420397550
  70.533396765741841       -14.126221309455691
  72.692434770871515       -14.220280115401721
  74.895088236863714       -14.263473301945581
  77.141793318327004       -14.269083583267527
  79.432986169870119       -14.242771896598668
  81.769102946101640       -14.201212109760704
  84.150579801630130       -14.164785564112210
  86.577852891064325       -14.050343779289108


# Temperature: 630.000000
# Parameters: -14.304855 0.475786 8.746860 76.678006
  62.324676261675947       -13.060165444748883
  64.313613969441761       -13.464041060220389
  66.344422519635614       -13.773147152279464
  68.417538066866115       -14.002992241338891
  70.533396765741841       -14.153934569308188
  72.692434770871515       -14.249034070632431
  74.895088236863714       -14.293346816307427
  77.141793318327004       -14.300242489120311
  79.432986169870119       -14.275361726855941
  81.769102946101640       -14.235541949557874
  84.150579801630130       -14.201405374429930
  86.577852891064325       -14.087773411690387


# Temperature: 640.000000
# Parameters: -14.336043 0.468901 8.795907 76.776742
  62.324676261675947       -13.084536034812766
  64.313613969441761       -13.489206135330880
  66.344422519635614       -13.799163561457634
  68.417538066866115       -14.029968469402405
  70.533396765741841       -14.181811351326180
  72.692434770871515       -14.277951658926257
  74.895088236863714       -14.323384061156464
  77.141793318327004       -14.331565213556528
  79.432986169870119       -14.308115451355768
  81.769102946101640       -14.270035747856030
  84.150579801630130       -14.238189200252085
  86.577852891064325       -14.125357481980311


# Temperature: 650.000000
# Parameters: -14.367454 0.461981 8.845536 76.877400
  62.324676261675947       -13.109067043981691
  64.313613969441761       -13.514531796411053
  66.344422519635614       -13.825340705850881
  68.417538066866115       -14.057105574671404
  70.533396765741841       -14.209849120410849
  72.692434770871515       -14.307030341038670
  74.895088236863714       -14.353582492066032
  77.141793318327004       -14.363049209040236
  79.432986169870119       -14.341030515307224
  81.769102946101640       -14.304690947791396
  84.150579801630130       -14.275134481605621
  86.577852891064325       -14.163093579431218


# Temperature: 660.000000
# Parameters: -14.399086 0.455028 8.895766 76.980049
  62.324676261675947       -13.133756037690189
  64.313613969441761       -13.540015599567603
  66.344422519635614       -13.851676139493042
  68.417538066866115       -14.084401101851892
  70.533396765741841       -14.238045417122493
  72.692434770871515       -14.336267651311415
  74.895088236863714       -14.383939641305021
  77.141793318327004       -14.394692001621767
  79.432986169870119       -14.374104444760643
  81.769102946101640       -14.339505072305027
  84.150579801630130       -14.312238739358737
  86.577852891064325       -14.200979366901713


# Temperature: 670.000000
# Parameters: -14.430939 0.448040 8.946621 77.084765
  62.324676261675947       -13.158600657031915
  64.313613969441761       -13.565655178639199
  66.344422519635614       -13.878167486894956
  68.417538066866115       -14.111852669236141
  70.533396765741841       -14.266397855607680
  72.692434770871515       -14.365661200781778
  74.895088236863714       -14.414453113692165
  77.141793318327004       -14.426491195083427
  79.432986169870119       -14.407334838316196
  81.769102946101640       -14.374475717924240
  84.150579801630130       -14.349499566929472
  86.577852891064325       -14.239012578763823


# Temperature: 680.000000
# Parameters: -14.463012 0.441017 8.998128 77.191627
  62.324676261675947       -13.183598608395382
  64.313613969441761       -13.591448233795798
  66.344422519635614       -13.904812444080868
  68.417538066866115       -14.139457968702700
  70.533396765741841       -14.294904121526399
  72.692434770871515       -14.395208669927616
  74.895088236863714       -14.445120587632463
  77.141793318327004       -14.458444461611659
  79.432986169870119       -14.440719368160329
  81.769102946101640       -14.409600552689776
  84.150579801630130       -14.386914631322144
  86.577852891064325       -14.277191016757284


# Temperature: 690.000000
# Parameters: -14.495304 0.433960 9.050309 77.300718
  62.324676261675947       -13.208747665536817
  64.313613969441761       -13.617392533611493
  66.344422519635614       -13.931608771333464
  68.417538066866115       -14.167214756388544
  70.533396765741841       -14.323561966869921
  72.692434770871515       -14.424907807630923
  74.895088236863714       -14.475939806825780
  77.141793318327004       -14.490549544906326
  79.432986169870119       -14.474255772810773
  81.769102946101640       -14.444877314082939
  84.150579801630130       -14.424481667945200
  86.577852891064325       -14.315512545843839


# Temperature: 700.000000
# Parameters: -14.527814 0.426866 9.103192 77.412127
  62.324676261675947       -13.234045666470877
  64.313613969441761       -13.643485908845960
  66.344422519635614       -13.958554296303138
  68.417538066866115       -14.195120851652659
  70.533396765741841       -14.352369208924380
  72.692434770871515       -14.454756427032127
  74.895088236863714       -14.506908582339689
  77.141793318327004       -14.522804251889298
  79.432986169870119       -14.507941856080116
  81.769102946101640       -14.480303803843467
  84.150579801630130       -14.462198475429101
  86.577852891064325       -14.353975095243666


# Temperature: 710.000000
# Parameters: -14.560542 0.419738 9.156805 77.525948
  62.324676261675947       -13.259490508288524
  64.313613969441761       -13.669726252444452
  66.344422519635614       -13.985646904680163
  68.417538066866115       -14.223174139148888
  70.533396765741841       -14.381323727161485
  72.692434770871515       -14.484752403457232
  74.895088236863714       -14.538024786390917
  77.141793318327004       -14.555206450631596
  79.432986169870119       -14.541775486039381
  81.769102946101640       -14.515877886933103
  84.150579801630130       -14.500062917699163
  86.577852891064325       -14.392576652216814


# Temperature: 720.000000
# Parameters: -14.593488 0.412573 9.211176 77.642280
  62.324676261675947       -13.285080148193444
  64.313613969441761       -13.696111514355673
  66.344422519635614       -14.012884544340386
  68.417538066866115       -14.251372559498099
  70.533396765741841       -14.410423460129254
  72.692434770871515       -14.514893670272121
  74.895088236863714       -14.569286350272494
  77.141793318327004       -14.587754070353396
  79.432986169870119       -14.575754588799466
  81.769102946101640       -14.551597488426316
  84.150579801630130       -14.538072918793430
  86.577852891064325       -14.431315258953934


# Temperature: 730.000000
# Parameters: -14.626652 0.405372 9.266337 77.761229
  62.324676261675947       -13.310812597283496
  64.313613969441761       -13.722639702568200
  66.344422519635614       -14.040265216017403
  68.417538066866115       -14.279714110324605
  70.533396765741841       -14.439666400269864
  72.692434770871515       -14.545178221991829
  74.895088236863714       -14.600691262280899
  77.141793318327004       -14.620445098314752
  79.432986169870119       -14.609877148511142
  81.769102946101640       -14.587460590401026
  84.150579801630130       -14.576226457680544
  86.577852891064325       -14.470189014649117


# Temperature: 740.000000
# Parameters: -14.660032 0.398135 9.322317 77.882906
  62.324676261675947       -13.336685921587129
  64.313613969441761       -13.749308877928357
  66.344422519635614       -14.067786977448256
  68.417538066866115       -14.308196845219742
  70.533396765741841       -14.469050599101806
  72.692434770871515       -14.575604102879860
  74.895088236863714       -14.632237566679628
  77.141793318327004       -14.653277574633455
  79.432986169870119       -14.644141205292206
  81.769102946101640       -14.623465230902179
  84.150579801630130       -14.614521571369020
  86.577852891064325       -14.509196068244927


# Temperature: 750.000000
# Parameters: -14.693631 0.390861 9.379153 78.007432
  62.324676261675947       -13.362698236881265
  64.313613969441761       -13.776117151030926
  66.344422519635614       -14.095447936118450
  68.417538066866115       -14.336818868559739
  70.533396765741841       -14.498574157892024
  72.692434770871515       -14.606169411093877
  74.895088236863714       -14.663923359553500
  77.141793318327004       -14.686249594357896
  79.432986169870119       -14.678544850045339
  81.769102946101640       -14.659609499796028
  84.150579801630130       -14.652956349725116
  86.577852891064325       -14.548334620505239


# Temperature: 760.000000
# Parameters: -14.727446 0.383550 9.436876 78.134934
  62.324676261675947       -13.388847709727710
  64.313613969441761       -13.803062685328438
  66.344422519635614       -14.123246250298385
  68.417538066866115       -14.365578334469289
  70.533396765741841       -14.528235227655932
  72.692434770871515       -14.636872297649298
  74.895088236863714       -14.695746788808650
  77.141793318327004       -14.719359302284934
  79.432986169870119       -14.713086226530976
  81.769102946101640       -14.695891537733727
  84.150579801630130       -14.691528930290705
  86.577852891064325       -14.587602919869543


# Temperature: 770.000000
# Parameters: -14.761480 0.376201 9.495526 78.265547
  62.324676261675947       -13.415132554363881
  64.313613969441761       -13.830143690912607
  66.344422519635614       -14.151180125934067
  68.417538066866115       -14.394473444748694
  70.533396765741841       -14.558032008120982
  72.692434770871515       -14.667710959164291
  74.895088236863714       -14.727706047953971
  77.141793318327004       -14.752604889850604
  79.432986169870119       -14.747763525148724
  81.769102946101640       -14.732309537187740
  84.150579801630130       -14.730237503465396
  86.577852891064325       -14.626999259343657


# Temperature: 780.000000
# Parameters: -14.795733 0.368816 9.555140 78.399416
  62.324676261675947       -13.441551030629959
  64.313613969441761       -13.857358422441479
  66.344422519635614       -14.179247815610690
  68.417538066866115       -14.423502450946721
  70.533396765741841       -14.587962747726658
  72.692434770871515       -14.698683638896215
  74.895088236863714       -14.759799379210390
  77.141793318327004       -14.785984598239411
  79.432986169870119       -14.782574986046663
  81.769102946101640       -14.768861732087588
  84.150579801630130       -14.769080304215139
  86.577852891064325       -14.666521977536165


# Temperature: 790.000000
# Parameters: -14.830205 0.361392 9.615760 78.536697
  62.324676261675947       -13.468101440859604
  64.313613969441761       -13.884705180175859
  66.344422519635614       -14.207447616479783
  68.417538066866115       -14.452663643996340
  70.533396765741841       -14.618025735333083
  72.692434770871515       -14.729788627778039
  74.895088236863714       -14.792025070401600
  77.141793318327004       -14.819496713202195
  79.432986169870119       -14.817518890829927
  81.769102946101640       -14.805546406111254
  84.150579801630130       -14.808055614145065
  86.577852891064325       -14.706169454512699


# Temperature: 800.000000
# Parameters: -14.864897 0.353931 9.677429 78.677554
  62.324676261675947       -13.494782131952801
  64.313613969441761       -13.912182306870033
  66.344422519635614       -14.235777866113498
  68.417538066866115       -14.481955361469703
  70.533396765741841       -14.648219306439552
  72.692434770871515       -14.761024255090504
  74.895088236863714       -14.824381449771915
  77.141793318327004       -14.853139561946842
  79.432986169870119       -14.852593567742829
  81.769102946101640       -14.842361884393776
  84.150579801630130       -14.847161757353783
  86.577852891064325       -14.745940112832372


# Temperature: 810.000000
# Parameters: -14.899809 0.346432 9.740194 78.822167
  62.324676261675947       -13.521591489157322
  64.313613969441761       -13.939788185698916
  66.344422519635614       -14.264236946650321
  68.417538066866115       -14.511375981359592
  70.533396765741841       -14.678541835929568
  72.692434770871515       -14.792388895717114
  74.895088236863714       -14.856866890131986
  77.141793318327004       -14.886911513138299
  79.432986169870119       -14.887797383377464
  81.769102946101640       -14.879306533527245
  84.150579801630130       -14.886397099396961
  86.577852891064325       -14.785832413402071


# Temperature: 820.000000
# Parameters: -14.934944 0.338894 9.804102 78.970726
  62.324676261675947       -13.548527940214406
  64.313613969441761       -13.967521238185190
  66.344422519635614       -14.292823275467233
  68.417538066866115       -14.540923920006563
  70.533396765741841       -14.708991739107262
  72.692434770871515       -14.823880961852717
  74.895088236863714       -14.889479802640237
  77.141793318327004       -14.920810978971415
  79.432986169870119       -14.923128747855824
  81.769102946101640       -14.916378762597233
  84.150579801630130       -14.925760046250888
  86.577852891064325       -14.825844855476459


# Temperature: 830.000000
# Parameters: -14.970303 0.331319 9.869203 79.123436
  62.324676261675947       -13.575589947067371
  64.313613969441761       -13.995379927308599
  66.344422519635614       -14.321535313471124
  68.417538066866115       -14.570597633135369
  70.533396765741841       -14.739567469624538
  72.692434770871515       -14.855498906112791
  74.895088236863714       -14.922218637839290
  77.141793318327004       -14.954836405843109
  79.432986169870119       -14.958586107574833
  81.769102946101640       -14.953577015927804
  84.150579801630130       -14.965249044312484
  86.577852891064325       -14.865975975621549


# Temperature: 840.000000
# Parameters: -15.005887 0.323704 9.935554 79.280518
  62.324676261675947       -13.602776010007304
  64.313613969441761       -14.023362748178098
  66.344422519635614       -14.350371553698096
  68.417538066866115       -14.600395612745691
  70.533396765741841       -14.770267517408216
  72.692434770871515       -14.887241216351308
  74.895088236863714       -14.955081881510266
  77.141793318327004       -14.988986281607353
  79.432986169870119       -14.994167948315608
  81.769102946101640       -14.990899778263655
  84.150579801630130       -15.004862576253592
  86.577852891064325       -14.906224342532566


# Temperature: 850.000000
# Parameters: -15.041698 0.316052 10.003212 79.442212
  62.324676261675947       -13.630084665600215
  64.313613969441761       -14.051468235286848
  66.344422519635614       -14.379330527532030
  68.417538066866115       -14.630316388148554
  70.533396765741841       -14.801090409696476
  72.692434770871515       -14.919106418770017
  74.895088236863714       -14.988068057782060
  77.141793318327004       -15.023259127283763
  79.432986169870119       -15.029872789024914
  81.769102946101640       -15.028345568551545
  84.150579801630130       -15.044599159984546
  86.577852891064325       -14.946588563252510


# Temperature: 860.000000
# Parameters: -15.077737 0.308360 10.072240 79.608774
  62.324676261675947       -13.657514483577760
  64.313613969441761       -14.079694955257221
  66.344422519635614       -14.408410799522446
  68.417538066866115       -14.660358521820628
  70.533396765741841       -14.832034707929557
  72.692434770871515       -14.951093071699880
  74.895088236863714       -15.021175724985637
  77.141793318327004       -15.057653498094025
  79.432986169870119       -15.065699186997287
  81.769102946101640       -15.065912940976737
  84.150579801630130       -15.084457349690606
  86.577852891064325       -14.987067274880747


# Temperature: 870.000000
# Parameters: -15.114008 0.300630 10.142703 79.780484
  62.324676261675947       -13.685064065800807
  64.313613969441761       -14.108041507877234
  66.344422519635614       -14.437610966348084
  68.417538066866115       -14.690520608367798
  70.533396765741841       -14.863099003604066
  72.692434770871515       -14.983199766637503
  74.895088236863714       -15.054403472544749
  77.141793318327004       -15.092167985534743
  79.432986169870119       -15.101645729583629
  81.769102946101640       -15.103600484962980
  84.150579801630130       -15.124435731686244
  86.577852891064325       -15.027659146645863


# Temperature: 880.000000
# Parameters: -15.150512 0.292862 10.214670 79.957645
  62.324676261675947       -13.712732045223015
  64.313613969441761       -14.136506525064121
  66.344422519635614       -14.466929658889750
  68.417538066866115       -14.720801276598017
  70.533396765741841       -14.894281925527959
  72.692434770871515       -15.015425129281564
  74.895088236863714       -15.087749926158072
  77.141793318327004       -15.126801211158888
  79.432986169870119       -15.137711038336908
  81.769102946101640       -15.141406818953969
  84.150579801630130       -15.164532926488008
  86.577852891064325       -15.068362878869225


# Temperature: 890.000000
# Parameters: -15.187252 0.285055 10.288218 80.140585
  62.324676261675947       -13.740517089000116
  64.313613969441761       -14.165088669827908
  66.344422519635614       -14.496365537048188
  68.417538066866115       -14.751199184339180
  70.533396765741841       -14.925582129456275
  72.692434770871515       -15.047767815387099
  74.895088236863714       -15.121213737434941
  77.141793318327004       -15.161551827612223
  79.432986169870119       -15.173893764866461
  81.769102946101640       -15.179330595595463
  84.150579801630130       -15.204747584668802
  86.577852891064325       -15.109177200892145


# Temperature: 900.000000
# Parameters: -15.224231 0.277210 10.363426 80.329662
  62.324676261675947       -13.768417889162070
  64.313613969441761       -14.193786634198553
  66.344422519635614       -14.525917291816935
  68.417538066866115       -14.781713020511969
  70.533396765741841       -14.956998303273268
  72.692434770871515       -15.080226511801941
  74.895088236863714       -15.154793593223184
  77.141793318327004       -15.196418519669722
  79.432986169870119       -15.210192593947264
  81.769102946101640       -15.217370497589584
  84.150579801630130       -15.245078387894326
  86.577852891064325       -15.150100870039442


# Temperature: 910.000000
# Parameters: -15.261453 0.269327 10.440385 80.525268
  62.324676261675947       -13.796433170904480
  64.313613969441761       -14.222599138189530
  66.344422519635614       -14.555583642173037
  68.417538066866115       -14.812341503057000
  70.533396765741841       -14.988529162846707
  72.692434770871515       -15.112799931284577
  74.895088236863714       -15.188488207317715
  77.141793318327004       -15.231400000089874
  79.432986169870119       -15.246606236264952
  81.769102946101640       -15.255525234585544
  84.150579801630130       -15.285524045813789
  86.577852891064325       -15.191132673692300


# Temperature: 920.000000
# Parameters: -15.298921 0.261406 10.519188 80.727831
  62.324676261675947       -13.824561685333610
  64.313613969441761       -14.251524932907101
  66.344422519635614       -14.585363335077048
  68.417538066866115       -14.843083376861982
  70.533396765741841       -15.020173453064297
  72.692434770871515       -15.145486817686283
  74.895088236863714       -15.222296320460536
  77.141793318327004       -15.266495008578252
  79.432986169870119       -15.283133431525098
  81.769102946101640       -15.293793546288917
  84.150579801630130       -15.326083297096337
  86.577852891064325       -15.232271422033286


# Temperature: 930.000000
# Parameters: -15.336639 0.253448 10.599929 80.937817
  62.324676261675947       -13.852802208429953
  64.313613969441761       -14.280562792258909
  66.344422519635614       -14.615255144436613
  68.417538066866115       -14.873937414798128
  70.533396765741841       -15.051929943687972
  72.692434770871515       -15.178285941805427
  74.895088236863714       -15.256216702413582
  77.141793318327004       -15.301702314896792
  79.432986169870119       -15.319772948453211
  81.769102946101640       -15.332174199352357
  84.150579801630130       -15.366754908394627
  86.577852891064325       -15.273515954264898


# Temperature: 940.000000
# Parameters: -15.374611 0.245454 10.682723 81.155745
  62.324676261675947       -13.881153545193943
  64.313613969441761       -14.309711520208959
  66.344422519635614       -14.645257872142885
  68.417538066866115       -14.904902416683740
  70.533396765741841       -15.083797434536034
  72.692434770871515       -15.211196100351025
  74.895088236863714       -15.290248148849447
  77.141793318327004       -15.337020713681664
  79.432986169870119       -15.356523579612610
  81.769102946101640       -15.370665988412036
  84.150579801630130       -15.407537673308404
  86.577852891064325       -15.314865133427444


# Temperature: 950.000000
# Parameters: -15.412842 0.237423 10.767684 81.382179
  62.324676261675947       -13.909614524463818
  64.313613969441761       -14.338969943522635
  66.344422519635614       -14.675370342888396
  68.417538066866115       -14.935977206174924
  70.533396765741841       -15.115774748228166
  72.692434770871515       -15.244216114906333
  74.895088236863714       -15.324389481351385
  77.141793318327004       -15.372449023406840
  79.432986169870119       -15.393384144513693
  81.769102946101640       -15.409267730905498
  84.150579801630130       -15.448430408238787
  86.577852891064325       -15.356317847435466


# Temperature: 960.000000
# Parameters: -15.451337 0.229358 10.854941 81.617747
  62.324676261675947       -13.938183999952047
  64.313613969441761       -14.368336912803132
  66.344422519635614       -14.705591407276337
  68.417538066866115       -14.967160631802017
  70.533396765741841       -15.147860731221847
  72.692434770871515       -15.277344831928836
  74.895088236863714       -15.358639544304031
  77.141793318327004       -15.407986090529810
  79.432986169870119       -15.430353489613946
  81.769102946101640       -15.447978271217380
  84.150579801630130       -15.489431957570410
  86.577852891064325       -15.397873004932025


# Temperature: 970.000000
# Parameters: -15.490102 0.221258 10.944640 81.863149
  62.324676261675947       -13.966860848172479
  64.313613969441761       -14.397811304564295
  66.344422519635614       -14.735919938711278
  68.417538066866115       -14.998451565933163
  70.533396765741841       -15.180054256921654
  72.692434770871515       -15.310581122750254
  74.895088236863714       -15.392997209039102
  77.141793318327004       -15.443630784309434
  79.432986169870119       -15.467430481062959
  81.769102946101640       -15.486796476533693
  84.150579801630130       -15.530541188489286
  86.577852891064325       -15.439529541507277


# Temperature: 980.000000
# Parameters: -15.529143 0.213126 11.036925 82.119155
  62.324676261675947       -13.995643969476770
  64.313613969441761       -14.427392017084928
  66.344422519635614       -14.766354835472022
  68.417538066866115       -15.029848906847167
  70.533396765741841       -15.212354219460678
  72.692434770871515       -15.343923881503681
  74.895088236863714       -15.427461368653267
  77.141793318327004       -15.479381995769534
  79.432986169870119       -15.504614010920971
  81.769102946101640       -15.525721237878255
  84.150579801630130       -15.571756992019232
  86.577852891064325       -15.481286410370615


# Temperature: 990.000000
# Parameters: -15.568466 0.204963 11.131965 82.386629
  62.324676261675947       -14.024532285981529
  64.313613969441761       -14.457077971445216
  66.344422519635614       -14.796895016565898
  68.417538066866115       -15.061351569405650
  70.533396765741841       -15.244759536809829
  72.692434770871515       -15.377372024087169
  74.895088236863714       -15.462030936971725
  77.141793318327004       -15.515238640808160
  79.432986169870119       -15.541902994049607
  81.769102946101640       -15.564751470112691
  84.150579801630130       -15.613078279912592
  86.577852891064325       -15.523142589605673


# Temperature: 1000.000000
# Parameters: -15.608080 0.196769 11.229946 82.666540
  62.324676261675947       -14.053524741568314
  64.313613969441761       -14.486868110490290
  66.344422519635614       -14.827539422765190
  68.417538066866115       -15.092958496453750
  70.533396765741841       -15.277269146632104
  72.692434770871515       -15.410924488163722
  74.895088236863714       -15.496704853730332
  77.141793318327004       -15.551199656051887
  79.432986169870119       -15.579296366039022
  81.769102946101640       -15.603886108827149
  84.150579801630130       -15.654503988795948
  86.577852891064325       -15.565097075951757


