        0.000000000000000        72.922657087881433
       10.000000000000000        72.922049851401013
       20.000000000000000        72.924802793268285
       30.000000000000000        72.936642552514513
       40.000000000000000        72.956900603785186
       50.000000000000000        72.983545134510749
       60.000000000000000        73.014857815320212
       70.000000000000000        73.049622462130827
       80.000000000000000        73.087015477024110
       90.000000000000000        73.126480312361110
      100.000000000000000        73.167635628666957
      110.000000000000000        73.210215546834235
      120.000000000000000        73.254031074956259
      130.000000000000000        73.298945830382763
      140.000000000000000        73.344860001278363
      150.000000000000000        73.391699647353278
      160.000000000000000        73.439409890346639
      170.000000000000000        73.487949589639712
      180.000000000000000        73.537288403299740
      190.000000000000000        73.587404055546003
      200.000000000000000        73.638280510948618
      210.000000000000000        73.689906845261291
      220.000000000000000        73.742276136135501
      230.000000000000000        73.795385000716720
      240.000000000000000        73.849232642907538
      250.000000000000000        73.903820600246917
      260.000000000000000        73.959152619694677
      270.000000000000000        74.015234184995961
      280.000000000000000        74.072072208873479
      290.000000000000000        74.129675160931654
      300.000000000000000        74.188052866263419
      310.000000000000000        74.247216133443601
      320.000000000000000        74.307177191890318
      330.000000000000000        74.367949087275591
      340.000000000000000        74.429546096968849
      350.000000000000000        74.491983348848251
      360.000000000000000        74.555277137018123
      370.000000000000000        74.619444709830688
      380.000000000000000        74.684504265647561
      390.000000000000000        74.750474889419436
      400.000000000000000        74.817377055009132
      410.000000000000000        74.885231807309609
      420.000000000000000        74.954061537553514
      430.000000000000000        75.023889519949790
      440.000000000000000        75.094740423966229
      450.000000000000000        75.166639936593370
      460.000000000000000        75.239614928963206
      470.000000000000000        75.313693528202776
      480.000000000000000        75.388905274167655
      490.000000000000000        75.465280916406115
      500.000000000000000        75.542852940375383
      510.000000000000000        75.621654999231012
      520.000000000000000        75.701722590081886
      530.000000000000000        75.783092766889567
      540.000000000000000        75.865804311801895
      550.000000000000000        75.949898132589752
      560.000000000000000        76.035416753691919
      570.000000000000000        76.122405216588334
      580.000000000000000        76.210910270347526
      590.000000000000000        76.300981516979135
      600.000000000000000        76.392670567238127
      610.000000000000000        76.486032424097687
      620.000000000000000        76.581124109064461
      630.000000000000000        76.678006232113376
      640.000000000000000        76.776742426413250
      650.000000000000000        76.877399691272743
      660.000000000000000        76.980048960695356
      670.000000000000000        77.084765187850763
      680.000000000000000        77.191626976465798
      690.000000000000000        77.300718291845101
      700.000000000000000        77.412127367273115
      710.000000000000000        77.525948089349782
      720.000000000000000        77.642279931253526
      730.000000000000000        77.761228559337653
      740.000000000000000        77.882906133990375
      750.000000000000000        78.007432172256500
      760.000000000000000        78.134933807611077
      770.000000000000000        78.265546858211337
      780.000000000000000        78.399416100359034
      790.000000000000000        78.536696662999830
      800.000000000000000        78.677554492174849
      810.000000000000000        78.822167172717414
      820.000000000000000        78.970725961323410
      830.000000000000000        79.123435731898510
      840.000000000000000        79.280518285409016
      850.000000000000000        79.442211608558679
      860.000000000000000        79.608773940756748
      870.000000000000000        79.780484052454824
      880.000000000000000        79.957644688149216
      890.000000000000000        80.140584830357852
      900.000000000000000        80.329661812137317
      910.000000000000000        80.525268026482181
      920.000000000000000        80.727831054360337
      930.000000000000000        80.937817463454422
      940.000000000000000        81.155744745045666
      950.000000000000000        81.382178618492887
      960.000000000000000        81.617746933081975
      970.000000000000000        81.863149321196943
      980.000000000000000        82.119155219862705
      990.000000000000000        82.386629472537820
     1000.000000000000000        82.666539787223300
