   0.000000000000000        -0.005718167714714
  10.000000000000000        -0.005720927560558
  20.000000000000000        -0.005708415761782
  30.000000000000000        -0.005654609029864
  40.000000000000000        -0.005562558200766
  50.000000000000000        -0.005441513703530
  60.000000000000000        -0.005299299730530
  70.000000000000000        -0.005141455456357
  80.000000000000000        -0.004971733316719
  90.000000000000000        -0.004792670225068
 100.000000000000000        -0.004606005554081
 110.000000000000000        -0.004412953095990
 120.000000000000000        -0.004214376652567
 130.000000000000000        -0.004010900569680
 140.000000000000000        -0.003802982760595
 150.000000000000000        -0.003590963421609
 160.000000000000000        -0.003375096051107
 170.000000000000000        -0.003155571687935
 180.000000000000000        -0.002932532314749
 190.000000000000000        -0.002706083299837
 200.000000000000000        -0.002476301715836
 210.000000000000000        -0.002243241494964
 220.000000000000000        -0.002006938482893
 230.000000000000000        -0.001767412563619
 240.000000000000000        -0.001524671989791
 250.000000000000000        -0.001278714550334
 260.000000000000000        -0.001029528155335
 270.000000000000000        -0.000777092988119
 280.000000000000000        -0.000521382910337
 290.000000000000000        -0.000262364904753
 300.000000000000000         0.000000000000000
 310.000000000000000         0.000265755040710
 320.000000000000000         0.000534949668350
 330.000000000000000         0.000807636815960
 340.000000000000000         0.001083874748037
 350.000000000000000         0.001363725333686
 360.000000000000000         0.001647255445947
 370.000000000000000         0.001934535993985
 380.000000000000000         0.002225641887230
 390.000000000000000         0.002520651734500
 400.000000000000000         0.002819650071251
 410.000000000000000         0.003122723683261
 420.000000000000000         0.003429965052415
 430.000000000000000         0.003741470265160
 440.000000000000000         0.004057341276246
 450.000000000000000         0.004377684198969
 460.000000000000000         0.004702610024025
 470.000000000000000         0.005032234913179
 480.000000000000000         0.005366680868109
 490.000000000000000         0.005706074797321
 500.000000000000000         0.006050550822991
 510.000000000000000         0.006400247722089
 520.000000000000000         0.006755311893501
 530.000000000000000         0.007115896043758
 540.000000000000000         0.007482159906057
 550.000000000000000         0.007854271954650
 560.000000000000000         0.008232407103471
 570.000000000000000         0.008616750637582
 580.000000000000000         0.009007494578652
 590.000000000000000         0.009404842685066
 600.000000000000000         0.009809006659509
 610.000000000000000         0.010220212179379
 620.000000000000000         0.010638692765893
 630.000000000000000         0.011064696618091
 640.000000000000000         0.011498484031928
 650.000000000000000         0.011940328813119
 660.000000000000000         0.012390520667105
 670.000000000000000         0.012849365450841
 680.000000000000000         0.013317183434718
 690.000000000000000         0.013794316659350
 700.000000000000000         0.014281123994781
 710.000000000000000         0.014777987035928
 720.000000000000000         0.015285309625577
 730.000000000000000         0.015803520302033
 740.000000000000000         0.016333073390872
 750.000000000000000         0.016874452518434
 760.000000000000000         0.017428171472249
 770.000000000000000         0.017994778545255
 780.000000000000000         0.018574857391173
 790.000000000000000         0.019169032702916
 800.000000000000000         0.019777971810025
 810.000000000000000         0.020402387779716
 820.000000000000000         0.021043047686349
 830.000000000000000         0.021700771798182
 840.000000000000000         0.022376447193368
 850.000000000000000         0.023071023832007
 860.000000000000000         0.023785531219034
 870.000000000000000         0.024521078649994
 880.000000000000000         0.025278868909524
 890.000000000000000         0.026060206734701
 900.000000000000000         0.026866506458041
 910.000000000000000         0.027699319021374
 920.000000000000000         0.028560330639878
 930.000000000000000         0.029451376879090
 940.000000000000000         0.030374490843236
 950.000000000000000         0.031331888805604
 960.000000000000000         0.032326025696579
 970.000000000000000         0.033359631749837
 980.000000000000000         0.034435699450740
 990.000000000000000         0.035557585714937
1000.000000000000000         0.036729036299381
