   1  32   1   0  0.1607136E+02  0.1000000E-03
  CAR 
 unknown system                          
   0   0   0
   1   1
 256 256 256
 256
  0.1000000E-09
  0.6250000E-11
   0
  0.5000000E-15  0.8011876E-09  0.8011876E-09  0.8011876E-09
  0.0000000E+00  0.0000000E+00
  0.000
  0.000
  0.000
  0.000
  0.000
  0.000
  0.000
  0.000
  0.000
  0.000
  0.000
  0.000
  0.000
  0.000
  0.000
  0.000
  0.000
  0.000
  0.000
  0.000
  0.000
  0.000
  0.000
  0.000
  0.000
  0.000
  0.000
  0.000
  0.000
  0.000
  0.000
  0.000
  0.000
  0.000
  0.000
  0.000
  0.000
  0.000
  0.000
  0.000
  0.000
  0.000
  0.000
  0.000
  0.000
 30.363
  0.000
  0.000
  0.000
  0.000
  0.000
  0.000
  0.000
  0.000
  0.000
  0.000
  0.000
  0.000
  0.000
  0.000
  0.000
  0.000
  0.000
  0.081
  7.476
  0.000
  0.000
  0.000
  0.000
  0.000
  0.000
  0.000
  0.000
  0.000
  0.000
  0.000
  0.000
  0.000
 20.402
  0.000
  0.000
  0.000
  0.000
  0.000
  0.000
  0.000
  0.000
  0.000
  0.000
  0.000
  7.675
  0.000
  0.000
  0.000
  0.000
  0.000
  0.000
  0.000
  0.000
  0.000
  0.000
 12.203
  0.000
  0.000
  0.000
  0.000
  0.000
  0.000
  0.000
  0.000
  0.107
  3.266
  0.000
  0.000
  0.000
  0.000
  0.000
  0.000
  0.000
 17.424
  0.180
  0.000
  0.000
  0.000
  0.000
  0.000
  0.000
  0.000
  0.000
  0.000
  0.000
  0.000
  0.000
  0.000
  0.000
  9.986
  0.281
  0.000
  0.000
  0.000
  0.000
  0.000
  0.000
  6.105
  0.000
  0.000
  0.000
  0.000
  0.000
  0.000
  5.551
  0.000
  0.000
  0.000
  0.000
  0.000
  0.160
  4.910
  0.000
  0.000
  0.000
  0.000
  0.000
 14.109
  0.000
  0.000
  0.000
  0.000
  0.000
  0.000
  0.000
  0.000
  0.000
  0.000
  0.000
  8.164
  0.000
  0.000
  0.000
  0.000
  0.000
  0.000
  0.000
  0.000
  0.000
  0.000
  7.191
  0.037
  0.000
  0.000
  0.000
  0.000
  4.241
  0.000
  0.000
  0.000
  0.000
  9.669
  0.000
  0.000
  0.000
  0.000
  3.066
  0.000
  0.000
  0.000
  0.000
  5.840
  0.000
  0.000
  0.000
  0.000
  2.784
  0.000
  0.000
  0.000
  0.000
  5.315
  0.000
  0.000
  0.000
  0.000
  0.000
  0.000
  0.000
  0.000
  8.577
  0.000
  0.000
  0.000
  0.025
  2.321
  0.000
  0.000
  0.000
  9.068
  0.000
  0.000
  0.000
  4.384
  0.000
  0.000
  0.000
  0.022
  2.081
  0.000
  0.000
  0.000
  0.000
  0.000
  0.000
  0.000
  7.888
  0.000
  0.000
  0.000
