   1  36   1   0  0.1728916E+02  0.1000000E-03
  CAR 
 unknown system                          
   0   0   0
   1   1
 256 256 256
 256
  0.1000000E-09
  0.6250000E-11
   0
  0.5000000E-15  0.8820702E-09  0.8820702E-09  0.9207475E-09
  0.0000000E+00  0.0000000E+00
  0.000
  0.000
  0.000
  0.000
  0.000
  0.000
  0.000
  0.000
  0.000
  0.000
  0.000
  0.000
  0.000
  0.000
  0.000
  0.000
  0.000
  0.000
  0.000
  0.000
  0.000
  0.000
  0.000
  0.000
  0.000
  0.000
  0.000
  0.000
  0.000
  0.000
  0.000
  0.000
  0.000
  0.000
  0.000
  0.000
  0.000
  0.000
  0.000
  0.000
  0.000
  0.000
  0.000
  0.000
  0.000
 16.332
  0.290
 14.708
  0.000
  0.000
  0.000
  0.000
  0.000
  0.000
  0.000
  0.000
  0.000
  0.000
  0.000
  0.000
  0.000
  0.000
  0.000
  0.000
  0.000
  7.881
  0.000
  0.000
  0.000
  0.000
  0.000
  0.000
  0.000
  2.086
  0.000
  0.000
  0.000
  0.000
  0.000
  0.000
  7.005
  8.437
  0.000
  0.000
  0.000
  0.000
  0.000
  8.833
  0.000
  0.000
  0.000
  0.000
  0.000
  0.036
  3.751
  0.000
  0.000
  0.000
  0.000
  0.000
  0.000
  0.000
  0.000
  0.000
  4.157
  1.997
  0.000
  0.000
  0.000
  1.958
  3.615
  0.000
  0.000
  2.625
  2.507
  0.070
  0.000
  0.000
  0.000
  4.736
  0.000
  0.000
  0.021
  3.674
  7.231
  0.040
  0.000
  0.000
  0.000
  0.000
  0.000
  3.874
  0.036
  0.000
  0.000
  0.000
  0.000
  0.000
  0.000
  0.000
  0.571
  1.126
  0.000
  0.000
  4.333
  2.115
  0.000
  3.094
  2.073
  0.995
  0.000
  0.000
  0.000
  0.000
  3.305
  2.784
  0.933
  0.000
  0.000
  2.658
  0.000
  0.864
  2.134
  0.843
  0.000
  0.000
  0.000
  0.000
  2.382
  3.149
  1.540
  0.000
  0.000
  0.000
  1.871
  1.443
  0.000
  0.000
  0.707
  1.399
  0.000
  2.737
  1.354
  0.000
  1.324
  2.620
  0.972
  1.924
  0.634
  0.314
  0.000
  0.316
  1.842
  3.888
  1.192
  0.000
  0.000
  1.734
  1.144
  1.699
  0.561
  0.015
  1.626
  0.008
  0.539
  1.068
  0.000
  0.000
  1.556
  0.528
  1.003
  0.000
  0.000
  0.728
  0.014
  1.942
  0.962
  0.953
  2.807
  1.917
  2.524
  0.466
  0.000
  0.000
  2.671
  3.522
  0.476
  0.889
  1.931
  0.422
  0.000
  0.000
  0.000
  0.838
  0.808
  2.439
  0.202
  0.000
  1.965
  1.987
  1.943
  0.000
  0.000
  0.195
  1.126
  0.374
  0.742
  1.835
  0.735
  1.081
  0.005
  0.000
  1.414
  2.801
  0.348
  0.345
