   1  32   1   0  0.1063590E+02  0.1000000E-03
  CAR 
 unknown system                          
   0   0   0
   1   1
 256 256 256
 256
  0.1000000E-09
  0.6250000E-11
   0
  0.5000000E-15  0.6981918E-09  0.6981918E-09  0.6981918E-09
  0.0000000E+00  0.0000000E+00
  0.000
  0.000
  0.000
  0.000
  0.000
  0.000
  0.000
  0.000
  0.000
  0.000
  0.000
  0.000
  0.000
  0.000
  0.000
  0.000
  0.000
  0.000
  0.000
  0.000
  0.000
  0.000
  0.000
  0.000
  0.000
  0.000
  0.000
  0.000
  0.000
  0.000
  0.000
  0.000
  0.000
  0.000
  0.000
  0.000
  0.000
  0.000
  0.000
 26.662
  0.000
  0.000
  0.000
  0.000
  0.000
  0.000
  0.000
  0.000
  0.000
  0.000
  0.000
  0.000
  0.000
  0.000
  0.000
  6.682
  0.068
  0.000
  0.000
  0.000
  0.000
  0.000
  0.000
  0.000
  0.000
  0.000
  0.000
  0.000
 17.732
  0.000
  0.000
  0.000
  0.000
  0.000
  0.000
  0.000
  0.000
  0.000
  6.610
  0.137
  0.000
  0.000
  0.000
  0.000
  0.000
  0.000
  0.000
  0.000
 10.623
  0.000
  0.000
  0.000
  0.000
  0.000
  0.000
  0.000
  2.978
  0.000
  0.000
  0.000
  0.000
  0.000
  0.000
  0.000
 15.238
  0.000
  0.000
  0.000
  0.000
  0.000
  0.000
  0.000
  0.000
  0.000
  0.000
  0.000
  0.000
  0.000
  8.888
  0.000
  0.000
  0.000
  0.000
  0.000
  5.312
  0.055
  0.000
  0.000
  0.000
  0.000
  4.733
  0.150
  0.000
  0.000
  0.000
  0.000
  4.465
  0.000
  0.000
  0.000
  0.000
  0.000
 12.292
  0.000
  0.000
  0.000
  0.000
  0.000
  0.000
  0.000
  0.000
  0.000
  7.006
  0.147
  0.000
  0.000
  0.000
  0.000
  0.000
  0.000
  0.000
  0.000
  6.302
  0.000
  0.000
  0.000
  0.000
  3.707
  0.000
  0.000
  0.000
  0.000
  8.388
  0.000
  0.000
  0.000
  2.671
  0.000
  0.000
  0.000
  4.948
  0.158
  0.000
  0.000
  0.000
  2.418
  0.000
  0.000
  0.000
  4.634
  0.000
  0.000
  0.000
  0.000
  0.000
  0.000
  0.000
  7.466
  0.000
  0.000
  0.000
  2.049
  0.000
  0.000
  0.000
  7.881
  0.000
  0.000
  3.708
  0.118
  0.000
  0.000
  1.843
  0.000
  0.000
  0.000
  0.000
  0.000
  0.000
  6.800
  0.107
  0.000
  0.000
  0.000
  0.000
  0.000
  6.437
  0.050
  0.000
  0.000
  3.132
  0.000
  0.000
  3.052
  0.000
  0.000
  2.169
  0.061
  0.000
  0.000
  7.192
  0.000
  0.000
  1.403
  0.000
  0.000
  2.739
  0.000
  0.000
  0.000
  0.000
  0.000
  2.583
  0.027
  0.000
  2.496
