   1  36   1   0  0.1711627E+02  0.1000000E-03
  CAR 
 unknown system                          
   0   0   0
   1   1
 256 256 256
 256
  0.1000000E-09
  0.6250000E-11
   0
  0.5000000E-15  0.8820702E-09  0.8820702E-09  0.9115400E-09
  0.0000000E+00  0.0000000E+00
  0.000
  0.000
  0.000
  0.000
  0.000
  0.000
  0.000
  0.000
  0.000
  0.000
  0.000
  0.000
  0.000
  0.000
  0.000
  0.000
  0.000
  0.000
  0.000
  0.000
  0.000
  0.000
  0.000
  0.000
  0.000
  0.000
  0.000
  0.000
  0.000
  0.000
  0.000
  0.000
  0.000
  0.000
  0.000
  0.000
  0.000
  0.000
  0.000
  0.000
  0.000
  0.000
  0.000
  0.000
  0.000
 16.169
  0.287
 14.561
  0.000
  0.000
  0.000
  0.000
  0.000
  0.000
  0.000
  0.000
  0.000
  0.000
  0.000
  0.000
  0.000
  0.000
  0.000
  0.000
  0.000
  7.802
  0.000
  0.000
  0.000
  0.000
  0.000
  0.000
  2.064
  0.057
  0.000
  0.000
  0.000
  0.000
  0.000
  0.000
 10.331
  5.040
  0.000
  0.000
  0.000
  0.000
  8.906
  0.040
  0.000
  0.000
  0.000
  0.000
  0.000
  0.035
  3.714
  0.000
  0.000
  0.000
  0.000
  0.000
  0.000
  0.000
  0.000
  0.000
  6.102
  0.028
  0.000
  0.000
  0.000
  5.584
  0.000
  0.000
  2.645
  0.000
  2.553
  0.000
  0.000
  0.000
  0.044
  4.645
  0.000
  0.021
  2.210
  2.865
  5.779
  0.039
  0.000
  0.000
  0.000
  0.000
  2.621
  1.291
  0.000
  0.000
  0.000
  0.000
  0.000
  0.000
  0.000
  0.000
  0.565
  1.115
  0.000
  0.030
  6.383
  0.000
  1.069
  3.049
  2.010
  0.014
  0.000
  0.000
  0.000
  2.841
  1.402
  1.859
  0.898
  0.000
  1.764
  0.889
  0.012
  2.555
  0.423
  0.835
  0.000
  0.000
  0.783
  1.613
  0.011
  3.862
  0.778
  0.000
  0.000
  2.234
  1.089
  0.000
  0.000
  0.000
  0.739
  1.347
  1.360
  1.364
  1.340
  0.000
  3.597
  1.306
  1.292
  0.626
  0.628
  0.311
  0.922
  2.434
  1.204
  1.490
  1.180
  1.152
  0.594
  0.016
  1.683
  1.137
  0.540
  1.099
  0.544
  0.000
  0.534
  1.057
  0.531
  1.029
  0.513
  1.017
  0.000
  0.000
  0.741
  0.000
  0.000
  1.922
  0.952
  2.365
  2.584
  2.760
  0.459
  0.455
  0.000
  3.121
  2.226
  0.872
  0.441
  2.365
  0.855
  0.000
  0.000
  0.411
  0.831
  1.228
  0.406
  1.207
  0.610
  0.797
  3.122
  1.162
  0.391
  0.000
  0.190
  0.361
  0.762
  0.735
  1.474
  0.729
  1.084
  0.712
  0.005
  2.813
  1.410
  0.000
  0.689
  1.367
