   1  32   1   0  0.1750391E+02  0.1000000E-03
  CAR 
 unknown system                          
   0   0   0
   1   1
 256 256 256
 256
  0.1000000E-09
  0.6250000E-11
   0
  0.5000000E-15  0.8243185E-09  0.8243185E-09  0.8243185E-09
  0.0000000E+00  0.0000000E+00
  0.000
  0.000
  0.000
  0.000
  0.000
  0.000
  0.000
  0.000
  0.000
  0.000
  0.000
  0.000
  0.000
  0.000
  0.000
  0.000
  0.000
  0.000
  0.000
  0.000
  0.000
  0.000
  0.000
  0.000
  0.000
  0.000
  0.000
  0.000
  0.000
  0.000
  0.000
  0.000
  0.000
  0.000
  0.000
  0.000
  0.000
  0.000
  0.000
  0.000
  0.000
  0.000
  0.000
  0.000
  0.000
  0.000
 31.662
  0.000
  0.000
  0.000
  0.000
  0.000
  0.000
  0.000
  0.000
  0.000
  0.000
  0.000
  0.000
  0.000
  0.000
  0.000
  0.000
  0.000
  0.000
  7.896
  0.081
  0.000
  0.000
  0.000
  0.000
  0.000
  0.000
  0.000
  0.000
  0.000
  0.000
  0.000
  0.000
  0.000
 21.130
  0.000
  0.000
  0.000
  0.000
  0.000
  0.000
  0.000
  0.000
  0.000
  0.000
  0.000
  0.000
  7.831
  0.000
  0.000
  0.000
  0.000
  0.000
  0.000
  0.000
  0.000
  0.000
  0.000
 12.539
  0.000
  0.000
  0.000
  0.000
  0.000
  0.000
  0.000
  0.000
  0.000
  3.481
  0.000
  0.000
  0.000
  0.000
  0.000
  0.000
  0.000
  0.000
 17.955
  0.000
  0.000
  0.000
  0.000
  0.000
  0.000
  0.000
  0.000
  0.000
  0.000
  0.000
  0.000
  0.000
  0.000
  0.000
 10.408
  0.145
  0.000
  0.000
  0.000
  0.000
  0.000
  0.000
  6.294
  0.000
  0.000
  0.000
  0.000
  0.000
  0.000
  5.736
  0.000
  0.000
  0.000
  0.000
  0.000
  0.000
  5.250
  0.000
  0.000
  0.000
  0.000
  0.000
  0.051
 14.418
  0.000
  0.000
  0.000
  0.000
  0.000
  0.000
  0.000
  0.000
  0.000
  0.000
  0.000
  8.406
  0.000
  0.000
  0.000
  0.000
  0.000
  0.000
  0.000
  0.000
  0.000
  0.000
  0.000
  7.390
  0.000
  0.000
  0.000
  0.000
  4.388
  0.000
  0.000
  0.000
  0.000
  0.000
  9.919
  0.000
  0.000
  0.000
  0.000
  3.150
  0.000
  0.000
  0.000
  0.000
  6.008
  0.000
  0.000
  0.000
  0.000
  2.868
  0.000
  0.000
  0.000
  0.000
  5.482
  0.000
  0.000
  0.000
  0.000
  0.000
  0.000
  0.000
  0.000
  0.026
  8.764
  0.000
  0.000
  0.000
  2.428
  0.000
  0.000
  0.000
  0.000
  9.314
  0.000
  0.000
  0.000
  4.507
  0.000
  0.000
  0.000
  0.023
  2.142
  0.000
  0.000
  0.000
  0.000
