   1  32   1   0  0.1709689E+02  0.1000000E-03
  CAR 
 unknown system                          
   0   0   0
   1   1
 256 256 256
 256
  0.1000000E-09
  0.6250000E-11
   0
  0.5000000E-15  0.8178790E-09  0.8178790E-09  0.8178790E-09
  0.0000000E+00  0.0000000E+00
  0.000
  0.000
  0.000
  0.000
  0.000
  0.000
  0.000
  0.000
  0.000
  0.000
  0.000
  0.000
  0.000
  0.000
  0.000
  0.000
  0.000
  0.000
  0.000
  0.000
  0.000
  0.000
  0.000
  0.000
  0.000
  0.000
  0.000
  0.000
  0.000
  0.000
  0.000
  0.000
  0.000
  0.000
  0.000
  0.000
  0.000
  0.000
  0.000
  0.000
  0.000
  0.000
  0.000
  0.000
  0.000
  0.000
 30.926
  0.000
  0.000
  0.000
  0.000
  0.000
  0.000
  0.000
  0.000
  0.000
  0.000
  0.000
  0.000
  0.000
  0.000
  0.000
  0.000
  0.000
  0.000
  7.793
  0.000
  0.000
  0.000
  0.000
  0.000
  0.000
  0.000
  0.000
  0.000
  0.000
  0.000
  0.000
  0.000
  0.000
 20.639
  0.000
  0.000
  0.000
  0.000
  0.000
  0.000
  0.000
  0.000
  0.000
  0.000
  0.000
  7.816
  0.000
  0.000
  0.000
  0.000
  0.000
  0.000
  0.000
  0.000
  0.000
  0.000
 12.485
  0.000
  0.000
  0.000
  0.000
  0.000
  0.000
  0.000
  0.000
  0.000
  3.461
  0.000
  0.000
  0.000
  0.000
  0.000
  0.000
  0.000
  0.000
 17.825
  0.000
  0.000
  0.000
  0.000
  0.000
  0.000
  0.000
  0.000
  0.000
  0.000
  0.000
  0.000
  0.000
  0.000
  0.000
 10.458
  0.000
  0.000
  0.000
  0.000
  0.000
  0.000
  0.000
  6.232
  0.000
  0.000
  0.000
  0.000
  0.000
  0.000
  5.676
  0.000
  0.000
  0.000
  0.000
  0.000
  0.000
  5.192
  0.000
  0.000
  0.000
  0.000
  0.000
 14.473
  0.000
  0.000
  0.000
  0.000
  0.000
  0.000
  0.000
  0.000
  0.000
  0.000
  0.000
  0.000
  8.302
  0.000
  0.000
  0.000
  0.000
  0.000
  0.000
  0.000
  0.000
  0.000
  0.000
  7.371
  0.000
  0.000
  0.000
  0.000
  0.000
  4.330
  0.000
  0.000
  0.000
  0.000
  9.882
  0.000
  0.000
  0.000
  0.000
  3.104
  0.032
  0.000
  0.000
  0.000
  0.187
  5.739
  0.000
  0.000
  0.000
  0.089
  2.739
  0.000
  0.000
  0.000
  5.395
  0.056
  0.000
  0.000
  0.000
  0.000
  0.000
  0.000
  0.000
  0.000
  8.735
  0.000
  0.000
  0.000
  2.361
  0.050
  0.000
  0.000
  0.000
  9.249
  0.000
  0.000
  0.000
  4.475
  0.000
  0.000
  0.000
  0.000
  2.149
  0.000
  0.000
  0.000
  0.000
  0.000
  0.000
