# temperature   10.000000000000000
#    0.000431525223823   -0.122610364750040   13.039939561167868 -615.079691269932141 10855.272540334950463
  62.324676261675947    0.774710200000000
  64.313613969441761    0.975809500000000
  66.344422519635614    1.229310200000000
  68.417538066866115    1.657657400000000
  70.533396765741841    2.228192800000000
  72.692434770871515    3.039881500000000
  74.895088236863714    4.258618600000000
  77.141793318327004    6.233073800000000
  79.432986169870119    9.432482400000000
  81.769102946101640   14.879329400000000
  84.150579801630130   23.187488900000002
  86.577852891064325   35.294165000000000


# temperature   20.000000000000000
#    0.000388680183138   -0.107903927401363   11.254593217470658 -522.011638637393730 9077.694718820095659
  62.324676261675947    6.433858500000000
  64.313613969441761    7.963089600000000
  66.344422519635614    9.906573500000000
  68.417538066866115   12.591181100000000
  70.533396765741841   15.477045600000000
  72.692434770871515   19.324580500000000
  74.895088236863714   24.019232899999999
  77.141793318327004   30.018073699999999
  79.432986169870119   37.157374699999998
  81.769102946101640   45.892716900000003
  84.150579801630130   55.589531299999997
  86.577852891064325   63.137168799999998


# temperature   30.000000000000000
#    0.000273577028453   -0.074358753664271    7.629633703312994 -348.961386943008506 5993.271297336045791
  62.324676261675947   17.695413299999998
  64.313613969441761   20.777631700000001
  66.344422519635614   24.402951200000000
  68.417538066866115   28.878488099999998
  70.533396765741841   33.286050400000001
  72.692434770871515   38.656080600000003
  74.895088236863714   44.549324400000003
  77.141793318327004   51.279790700000000
  79.432986169870119   58.340186899999999
  81.769102946101640   65.952073400000003
  84.150579801630130   73.523944299999997
  86.577852891064325   76.588130399999997


# temperature   40.000000000000000
#    0.000189813812278   -0.050359313516544    5.069399723904285 -227.736557765471417 3843.394136455290663
  62.324676261675947   30.454872399999999
  64.313613969441761   34.433468900000001
  66.344422519635614   38.871368699999998
  68.417538066866115   43.975403900000003
  70.533396765741841   48.741628499999997
  72.692434770871515   54.198592099999999
  74.895088236863714   59.820188100000003
  77.141793318327004   65.805774200000002
  79.432986169870119   71.647315399999997
  81.769102946101640   77.520936399999997
  84.150579801630130   83.026759900000002
  86.577852891064325   83.170682600000006


# temperature   50.000000000000000
#    0.000128493413189   -0.032832128688910    3.198040242114956 -138.758642311013602 2256.978246550013409
  62.324676261675947   42.248134200000003
  64.313613969441761   46.511409299999997
  66.344422519635614   51.080095200000002
  68.417538066866115   56.072986100000001
  70.533396765741841   60.558134299999999
  72.692434770871515   65.473244100000002
  74.895088236863714   70.327017299999994
  77.141793318327004   75.263551600000000
  79.432986169870119   79.872515899999996
  81.769102946101640   84.319472500000003
  84.150579801630130   88.346870999999993
  86.577852891064325   86.699254100000005


# temperature   60.000000000000000
#    0.000079320779388   -0.018722784427542    1.682592673559309  -66.168837261684388  954.129953403558716
  62.324676261675947   52.244492299999997
  64.313613969441761   56.401631799999997
  66.344422519635614   60.720680199999997
  68.417538066866115   65.267109300000001
  70.533396765741841   69.236004100000002
  72.692434770871515   73.453563200000005
  74.895088236863714   77.499905699999999
  77.141793318327004   81.491890999999995
  79.432986169870119   85.115039699999997
  81.769102946101640   88.522114599999995
  84.150579801630130   91.543195100000005
  86.577852891064325   88.767439999999993


# temperature   70.000000000000000
#    0.000037373254693   -0.006631939169723    0.376823213889478   -3.276496844730286 -179.065931316937707
  62.324676261675947   60.384548299999999
  64.313613969441761   64.239425499999996
  66.344422519635614   68.150221000000002
  68.417538066866115   72.154758799999996
  70.533396765741841   75.577661399999997
  72.692434770871515   79.136431599999995
  74.895088236863714   82.482642600000005
  77.141793318327004   85.716083600000005
  79.432986169870119   88.596047499999997
  81.769102946101640   91.259049599999997
  84.150579801630130   93.588208899999998
  86.577852891064325   90.070853400000004


# temperature   80.000000000000000
#    0.000000439358470    0.004049256821430   -0.780843203995465   52.652307903058883 -1188.106718216273066
  62.324676261675947   66.904054799999997
  64.313613969441761   70.385389700000005
  66.344422519635614   73.853267900000006
  68.417538066866115   77.332030399999994
  70.533396765741841   80.259314200000006
  72.692434770871515   83.255090300000006
  74.895088236863714   86.031674499999994
  77.141793318327004   88.675803700000003
  79.432986169870119   91.000401100000005
  81.769102946101640   93.125249600000004
  84.150579801630130   94.966482400000004
  86.577852891064325   90.940751500000005


# temperature   90.000000000000000
#   -0.000032627876275    0.013632164379242   -1.821569631088591  102.998423427396304 -2096.208859398485856
  62.324676261675947   72.105865800000004
  64.313613969441761   75.209127199999998
  66.344422519635614   78.257067599999999
  68.417538066866115   81.267497599999999
  70.533396765741841   83.770981100000000
  72.692434770871515   86.303303999999997
  74.895088236863714   88.625716400000002
  77.141793318327004   90.814079300000003
  79.432986169870119   92.720121800000001
  81.769102946101640   94.448169600000000
  84.150579801630130   95.935727000000000
  86.577852891064325   91.548414800000003


# temperature  100.000000000000000
#   -0.000062546102624    0.022312897935557   -2.765268382419158  148.666135871025631 -2919.093665777043498
  62.324676261675947   76.269164099999998
  64.313613969441761   79.020499999999998
  66.344422519635614   81.693189099999998
  68.417538066866115   84.301747000000006
  70.533396765741841   86.451527600000006
  72.692434770871515   88.606992700000006
  74.895088236863714   90.568202799999995
  77.141793318327004   92.401735599999995
  79.432986169870119   93.987768000000003
  81.769102946101640   95.417073200000004
  84.150579801630130   96.641547000000003
  86.577852891064325   91.988826299999999


# temperature  110.000000000000000
#   -0.000089829616714    0.030234228988270   -3.626762712435794  190.347740562659880 -3669.151045622571019
  62.324676261675947   79.623533600000002
  64.313613969441761   82.060331300000001
  66.344422519635614   84.406972800000005
  68.417538066866115   86.676148299999994
  70.533396765741841   88.533137600000003
  72.692434770871515   90.382444100000001
  74.895088236863714   92.054911200000006
  77.141793318327004   93.609162600000005
  79.432986169870119   94.946624200000002
  81.769102946101640   96.146472399999993
  84.150579801630130   97.170653400000006
  86.577852891064325   92.317821100000003


# temperature  120.000000000000000
#   -0.000114875049698    0.037507926177308   -4.417875266112106  228.606595592524258 -4356.637737860384732
  62.324676261675947   82.348794799999993
  64.313613969441761   84.510150400000001
  66.344422519635614   86.577114800000004
  68.417538066866115   88.561214500000006
  70.533396765741841   90.175916099999995
  72.692434770871515   91.775403999999995
  74.895088236863714   93.215102200000004
  77.141793318327004   94.546823799999999
  79.432986169870119   95.688182100000006
  81.769102946101640   96.708531399999998
  84.150579801630130   97.577066400000007
  86.577852891064325   92.569858600000003


# temperature  130.000000000000000
#   -0.000137999265936    0.044224289561799   -5.148281244830683  263.909447126735643 -4990.125231414186601
  62.324676261675947   84.582915799999995
  64.313613969441761   86.505410999999995
  66.344422519635614   88.333627699999994
  68.417538066866115   90.078228300000006
  70.533396765741841   91.491710499999996
  72.692434770871515   92.885950899999997
  74.895088236863714   94.136189099999996
  77.141793318327004   95.288406899999998
  79.432986169870119   96.272784400000006
  81.769102946101640   97.150379200000003
  84.150579801630130   97.895764000000000
  86.577852891064325   92.767095200000000


# temperature  140.000000000000000
#   -0.000159460150794    0.050457387214830   -5.825983062236513  296.645115011293910 -5576.780897376433131
  62.324676261675947   86.431042599999998
  64.313613969441761   88.147189200000000
  66.344422519635614   89.771674899999994
  68.417538066866115   91.314441200000005
  70.533396765741841   92.559880800000002
  72.692434770871515   93.784162400000000
  74.895088236863714   94.878665999999996
  77.141793318327004   95.884375000000006
  79.432986169870119   96.741396300000005
  81.769102946101640   97.503770200000005
  84.150579801630130   98.150158399999995
  86.577852891064325   92.924281500000006


# temperature  150.000000000000000
#   -0.000179470021817    0.056268520750868   -6.457638793859828  327.138387346596289 -6122.598242741912145
  62.324676261675947   87.973356999999993
  64.313613969441761   89.511306200000007
  66.344422519635614   90.961573799999996
  68.417538066866115   92.333456299999995
  70.533396765741841   93.437654199999997
  72.692434770871515   94.520050699999999
  74.895088236863714   95.485309599999994
  77.141793318327004   96.370119000000003
  79.432986169870119   97.122551700000002
  81.769102946101640   97.790691600000002
  84.150579801630130   98.356377300000005
  86.577852891064325   93.051535700000002


# temperature  160.000000000000000
#   -0.000198205164744    0.061708767284037   -7.048814294446696  355.661334120444110 -6632.596114166937696
  62.324676261675947   89.271285599999999
  64.313613969441761   90.655091799999994
  66.344422519635614   91.955855499999998
  68.417538066866115   93.182277400000004
  70.533396765741841   94.166958199999996
  72.692434770871515   95.129954799999993
  74.895088236863714   95.986972699999995
  77.141793318327004   96.770997100000002
  79.432986169870119   97.436583999999996
  81.769102946101640   98.026737900000001
  84.150579801630130   98.525812099999996
  86.577852891064325   93.155980499999998


# temperature  170.000000000000000
#   -0.000215813178793    0.066820992158018   -7.604189993912200  382.442949833308887 -7110.993828170033339
  62.324676261675947   90.372204199999999
  64.313613969441761   91.622294800000006
  66.344422519635614   92.794216599999999
  68.417538066866115   93.896113600000007
  70.533396765741841   94.778979100000001
  72.692434770871515   95.640722499999995
  74.895088236863714   96.406313900000001
  77.141793318327004   97.105533600000001
  79.432986169870119   97.698280900000000
  81.769102946101640   98.223206700000006
  84.150579801630130   98.666687899999999
  86.577852891064325   93.242744900000005


# temperature  180.000000000000000
#   -0.000232418472218    0.071641380175066   -8.127721454128878  407.676798111381402 -7561.352209444128675
  62.324676261675947   91.312938799999998
  64.313613969441761   92.446625499999996
  66.344422519635614   93.506999300000004
  68.417538066866115   94.501682900000006
  70.533396765741841   95.297245500000002
  72.692434770871515   96.072497600000005
  74.895088236863714   96.760249900000005
  77.141793318327004   97.387497499999995
  79.432986169870119   97.918594299999995
  81.769102946101640   98.388438899999997
  84.150579801630130   98.785060400000006
  86.577852891064325   93.315596600000006


# temperature  190.000000000000000
#   -0.000248126684324    0.076200687513773   -8.622772939501637  431.527468518916123 -7986.693712576988219
  62.324676261675947   92.122352000000006
  64.313613969441761   93.154312899999994
  66.344422519635614   94.117653799999999
  68.417538066866115   95.019510499999996
  70.533396765741841   95.739745499999998
  72.692434770871515   96.440609100000003
  74.895088236863714   97.061601300000007
  77.141793318327004   97.627286100000006
  79.432986169870119   98.105768699999999
  81.769102946101640   98.528696800000006
  84.150579801630130   98.885465699999997
  86.577852891064325   93.377352500000001


# temperature  200.000000000000000
#   -0.000263028076452    0.080525208654145   -9.092221386576121  454.135635841404110 -8389.596824348705923
  62.324676261675947   92.823255700000004
  64.313613969441761   93.765960000000007
  66.344422519635614   94.644496500000002
  68.417538066866115   95.465546599999996
  70.533396765741841   96.120401000000001
  72.692434770871515   96.756874999999994
  74.895088236863714   97.320217799999995
  77.141793318327004   97.832862399999996
  79.432986169870119   98.266102500000002
  81.769102946101640   98.648754100000005
  84.150579801630130   98.971355099999997
  86.577852891064325   93.430152500000005


# temperature  210.000000000000000
#   -0.000277200320024    0.084637578379339   -9.538543377941917  475.622317932003625 -8772.275619157080655
  62.324676261675947   93.433828199999994
  64.313613969441761   94.297899799999996
  66.344422519635614   95.101977599999998
  68.417538066866115   95.852320700000007
  70.533396765741841   96.450110600000002
  72.692434770871515   97.030516100000000
  74.895088236863714   97.543762000000001
  77.141793318327004   98.010405399999996
  79.432986169870119   98.404472100000007
  81.769102946101640   98.752299600000001
  84.150579801630130   99.045391300000006
  86.577852891064325   93.475645400000005


# temperature  220.000000000000000
#   -0.000290710621847    0.088557384736592   -9.963881801859781  496.092146303009088 -9136.640885179931502
  62.324676261675947   93.968672100000006
  64.313613969441761   94.763193700000002
  66.344422519635614   95.501605299999994
  68.417538066866115   96.189774499999999
  70.533396765741841   96.737495899999999
  72.692434770871515   97.268806499999997
  74.895088236863714   97.738263599999996
  77.141793318327004   98.164766099999994
  79.432986169870119   98.524698900000004
  81.769102946101640   98.842219499999999
  84.150579801630130   99.109654500000005
  86.577852891064325   93.515117700000005


# temperature  230.000000000000000
#   -0.000303617473456    0.092301676385132  -10.370101305723397  515.636095427416535 -9484.351130996870779
  62.324676261675947   94.439608000000007
  64.313613969441761   95.172373800000003
  66.344422519635614   95.852626200000003
  68.417538066866115   96.485870300000002
  70.533396765741841   96.989444700000007
  72.692434770871515   97.477542799999995
  74.895088236863714   97.908517000000003
  77.141793318327004   98.299794300000002
  79.432986169870119   98.629810899999995
  81.769102946101640   98.920797399999998
  84.150579801630130   99.165788699999993
  86.577852891064325   93.549585300000004


# temperature  240.000000000000000
#   -0.000315972059030    0.095885371209640  -10.758832969653264  534.333679530197742 -9816.853522313635040
  62.324676261675947   94.856274999999997
  64.313613969441761   95.533999699999995
  66.344422519635614   96.162531799999996
  68.417538066866115   96.747040999999996
  70.533396765741841   97.211509500000005
  72.692434770871515   97.661388200000005
  74.895088236863714   98.058371699999995
  77.141793318327004   98.418576099999996
  79.432986169870119   98.722231600000001
  81.769102946101640   98.989859199999998
  84.150579801630130   99.215106800000001
  86.577852891064325   93.579858700000003


# temperature  250.000000000000000
#   -0.000327819433822    0.099321599632786  -11.131511964349153  552.254807716998243 -10135.418435206114737
  62.324676261675947   95.226588300000003
  64.313613969441761   95.855079399999994
  66.344422519635614   96.437438799999995
  68.417538066866115   96.978526700000003
  70.533396765741841   97.408203900000004
  72.692434770871515   97.824126199999995
  74.895088236863714   98.190946299999993
  77.141793318327004   98.523607499999997
  79.432986169870119   98.803918999999993
  81.769102946101640   99.050878200000000
  84.150579801630130   99.258667599999995
  86.577852891064325   93.606591100000003


# temperature  260.000000000000000
#   -0.000339199369499    0.102621949997329  -11.489404385260320  569.461103243608818 -10441.163980289913525
  62.324676261675947   95.557090599999995
  64.313613969441761   96.141390599999994
  66.344422519635614   96.682378400000005
  68.417538066866115   97.184627899999995
  70.533396765741841   97.583226199999999
  72.692434770871515   97.968851900000004
  74.895088236863714   98.308787699999996
  77.141793318327004   98.616924800000007
  79.432986169870119   98.876468700000004
  81.769102946101640   99.105053999999996
  84.150579801630130   99.297332100000006
  86.577852891064325   93.630313299999997


# temperature  270.000000000000000
#   -0.000350147228490    0.105796724635866  -11.833635450296626  586.007293841963815 -10735.081819985240145
  62.324676261675947   95.853224400000002
  64.313613969441761   96.397728499999999
  66.344422519635614   96.901516900000004
  68.417538066866115   97.368899099999993
  70.533396765741841   97.739628499999995
  72.692434770871515   98.098115899999996
  74.895088236863714   98.413992300000004
  77.141793318327004   98.700201800000002
  79.432986169870119   98.941191099999998
  81.769102946101640   99.153370800000005
  84.150579801630130   99.331806499999999
  86.577852891064325   93.651460299999997


# temperature  280.000000000000000
#   -0.000360694490450    0.108855092559236  -12.165206180535700  601.942030521388119 -11018.052332005074277
  62.324676261675947   96.119543300000004
  64.313613969441761   96.628096999999997
  66.344422519635614   97.098326900000004
  68.417538066866115   97.534298100000001
  70.533396765741841   97.879947200000004
  72.692434770871515   98.214034900000001
  74.895088236863714   98.508297900000002
  77.141793318327004   98.774824800000005
  79.432986169870119   98.999170399999997
  81.769102946101640   99.196642600000004
  84.150579801630130   99.362674299999995
  86.577852891064325   93.670391600000002


# temperature  290.000000000000000
#   -0.000370869397931    0.111805278525540  -12.485014194061694  617.308909517067150 -11290.863476900636670
  62.324676261675947   96.359879500000005
  64.313613969441761   96.835859200000002
  66.344422519635614   97.275720199999995
  68.417538066866115   97.683301200000002
  70.533396765741841   98.006303000000003
  72.692434770871515   98.318376900000004
  74.895088236863714   98.593154600000005
  77.141793318327004   98.841949400000004
  79.432986169870119   99.051309700000004
  81.769102946101640   99.235546900000003
  84.150579801630130   99.390421000000003
  86.577852891064325   93.687405799999993


# temperature  300.000000000000000
#   -0.000380697285475    0.114654658976328  -12.793864245824082  632.146992588883904 -11554.220469550686175
  62.324676261675947   96.577474499999994
  64.313613969441761   97.023855600000005
  66.344422519635614   97.436152399999997
  68.417538066866115   97.817993999999999
  70.533396765741841   98.120480299999997
  72.692434770871515   98.412627799999996
  74.895088236863714   98.669779700000007
  77.141793318327004   98.902545099999998
  79.432986169870119   99.098366299999995
  81.769102946101640   99.270651400000006
  84.150579801630130   99.415453099999993
  86.577852891064325   93.702753200000004


# temperature  310.000000000000000
#   -0.000390201008637    0.117409886930220  -13.092481878253103  646.491473422783997 -11808.757983762036019
  62.324676261675947   96.775084399999997
  64.313613969441761   97.194497499999997
  66.344422519635614   97.581705099999994
  68.417538066866115   97.940142300000005
  70.533396765741841   98.223988199999994
  72.692434770871515   98.498043400000000
  74.895088236863714   98.739201300000005
  77.141793318327004   98.957429800000000
  79.432986169870119   99.140978799999999
  81.769102946101640   99.302434500000004
  84.150579801630130   99.438113099999995
  86.577852891064325   93.716644400000007


# temperature  320.000000000000000
#   -0.000399401256155    0.120076983816179  -13.381523573554436  660.374179376464895 -12055.049451531880550
  62.324676261675947   96.955063699999997
  64.313613969441761   97.349842199999998
  66.344422519635614   97.714152299999995
  68.417538066866115   98.051249299999995
  70.533396765741841   98.318110399999995
  72.692434770871515   98.575690499999993
  74.895088236863714   98.802292300000005
  77.141793318327004   99.007297800000003
  79.432986169870119   99.179688600000006
  81.769102946101640   99.331301900000000
  84.150579801630130   99.458691200000004
  86.577852891064325   93.729257799999999


# temperature  330.000000000000000
#   -0.000408316776485    0.122661404906669  -13.661583857735154  673.823916696087053 -12293.613353843820732
  62.324676261675947   97.119432900000007
  64.313613969441761   97.491652900000005
  66.344422519635614   97.835012699999993
  68.417538066866115   98.152600500000005
  70.533396765741841   98.403943900000002
  72.692434770871515   98.646480600000004
  74.895088236863714   98.859797799999996
  77.141793318327004   99.052740999999997
  79.432986169870119   99.214957400000003
  81.769102946101640   99.357599100000002
  84.150579801630130   99.477434700000003
  86.577852891064325   93.740745399999994


# temperature  340.000000000000000
#   -0.000416964679412    0.125168128059878  -13.933205093055815  686.866952028730452 -12524.922080155443837
  62.324676261675947   97.269933399999999
  64.313613969441761   97.621447599999996
  66.344422519635614   97.945592399999995
  68.417538066866115   98.245300599999993
  70.533396765741841   98.482430500000007
  72.692434770871515   98.711195300000000
  74.895088236863714   98.912356399999993
  77.141793318327004   99.094266800000000
  79.432986169870119   99.247180599999993
  81.769102946101640   99.381621999999993
  84.150579801630130   99.494555000000005
  86.577852891064325   93.751237099999997


# temperature  350.000000000000000
#   -0.000425360559127    0.127601689359289  -14.196881367104325  699.527203002093074 -12749.405429820071731
  62.324676261675947   97.408071800000002
  64.313613969441761   97.740538500000000
  66.344422519635614   98.047019399999996
  68.417538066866115   98.330302700000004
  70.533396765741841   98.554382399999994
  72.692434770871515   98.770508500000005
  74.895088236863714   98.960518300000004
  77.141793318327004   99.132312099999993
  79.432986169870119   99.276698499999995
  81.769102946101640   99.403625300000002
  84.150579801630130   99.510234199999999
  86.577852891064325   93.760844800000001


# temperature  360.000000000000000
#   -0.000433518683016    0.129966237988254  -14.453064472140245  711.826528539508217 -12967.455878923323326
  62.324676261675947   97.535157299999995
  64.313613969441761   97.850064599999996
  66.344422519635614   98.140271999999996
  68.417538066866115   98.408433000000002
  70.533396765741841   98.620502999999999
  72.692434770871515   98.825003400000000
  74.895088236863714   99.004759600000000
  77.141793318327004   99.167254499999999
  79.432986169870119   99.303805299999993
  81.769102946101640   99.423828799999995
  84.150579801630130   99.524629500000003
  86.577852891064325   93.769665099999997


# temperature  370.000000000000000
#   -0.000441452154197    0.132265584113707  -14.702169200297471  723.784990009439525 -13179.433396022035595
  62.324676261675947   97.652331099999998
  64.313613969441761   97.951018099999999
  66.344422519635614   98.226201700000004
  68.417538066866115   98.480409899999998
  70.533396765741841   98.681404000000001
  72.692434770871515   98.875186700000000
  74.895088236863714   99.045493699999994
  77.141793318327004   99.199421900000004
  79.432986169870119   99.328756299999995
  81.769102946101640   99.442423599999998
  84.150579801630130   99.537877199999997
  86.577852891064325   93.777781500000003


# temperature  380.000000000000000
#   -0.000449173012192    0.134503227851745  -14.944576472576973  735.421002218068111 -13385.668162841806407
  62.324676261675947   97.760591800000000
  64.313613969441761   98.044266300000004
  66.344422519635614   98.305552500000005
  68.417538066866115   98.546860800000005
  70.533396765741841   98.737618999999995
  72.692434770871515   98.921500499999993
  74.895088236863714   99.083080899999999
  77.141793318327004   99.229100099999997
  79.432986169870119   99.351773800000004
  81.769102946101640   99.459575700000002
  84.150579801630130   99.550096100000005
  86.577852891064325   93.785267099999999


# temperature  390.000000000000000
#   -0.000456692375987    0.136682401618020  -15.180638036750707  746.751565279812212 -13586.464845858638000
  62.324676261675947   97.860816000000000
  64.313613969441761   98.130570300000002
  66.344422519635614   98.378976399999999
  68.417538066866115   98.608335400000001
  70.533396765741841   98.789615200000000
  72.692434770871515   98.964331700000002
  74.895088236863714   99.117836600000004
  77.141793318327004   99.256539200000006
  79.432986169870119   99.373052400000006
  81.769102946101640   99.475430500000002
  84.150579801630130   99.561389899999995
  86.577852891064325   93.792185399999994


# temperature  400.000000000000000
#   -0.000464020487971    0.138806082061624  -15.410677681452952  757.792319891437614 -13782.103527910561752
  62.324676261675947   97.953775800000003
  64.313613969441761   98.210599700000003
  66.344422519635614   98.447047299999994
  68.417538066866115   98.665316799999999
  70.533396765741841   98.837803500000007
  72.692434770871515   99.004020100000005
  74.895088236863714   99.150037800000007
  77.141793318327004   99.281958299999999
  79.432986169870119   99.392762599999998
  81.769102946101640   99.490115399999993
  84.150579801630130   99.571849499999999
  86.577852891064325   93.798592499999998


# temperature  410.000000000000000
#   -0.000471166844620    0.140877028957179  -15.634995573945037  768.557762530222931 -13972.843695089768516
  62.324676261675947   98.040153200000006
  64.313613969441761   98.284945800000003
  66.344422519635614   98.510271099999997
  68.417538066866115   98.718231200000005
  70.533396765741841   98.882545800000003
  72.692434770871515   99.040865199999999
  74.895088236863714   99.179928300000000
  77.141793318327004   99.305550900000000
  79.432986169870119   99.411054800000002
  81.769102946101640   99.503742799999998
  84.150579801630130   99.581555300000005
  86.577852891064325   93.804537400000001


# temperature  420.000000000000000
#   -0.000478140246318    0.142897799424321  -15.853869780512341  779.061317885983044 -14158.925516847535619
  62.324676261675947   98.120552300000000
  64.313613969441761   98.354132199999995
  66.344422519635614   98.569095899999994
  68.417538066866115   98.767455400000003
  70.533396765741841   98.924162300000006
  72.692434770871515   99.075131799999994
  74.895088236863714   99.207723700000003
  77.141793318327004   99.327487599999998
  79.432986169870119   99.428061700000001
  81.769102946101640   99.516411700000006
  84.150579801630130   99.590577800000005
  86.577852891064325   93.810063400000004


# temperature  430.000000000000000
#   -0.000484948882161    0.144870772681522  -16.067558973651678  789.315470576156827 -14340.572236554949995
  62.324676261675947   98.195509900000005
  64.313613969441761   98.418623499999995
  66.344422519635614   98.623919200000003
  68.417538066866115   98.813323999999994
  70.533396765741841   98.962936799999994
  72.692434770871515   99.107054399999996
  74.895088236863714   99.233615099999994
  77.141793318327004   99.347919599999997
  79.432986169870119   99.443900700000000
  81.769102946101640   99.528209899999993
  84.150579801630130   99.598979600000007
  86.577852891064325   93.815209199999998


# temperature  440.000000000000000
#   -0.000491600361358    0.146798159123676  -16.276303420756605  799.331813423771450 -14517.991048857023998
  62.324676261675947   98.265504100000001
  64.313613969441761   98.478833699999996
  66.344422519635614   98.675094599999994
  68.417538066866115   98.856134299999994
  70.533396765741841   98.999121700000003
  72.692434770871515   99.136841599999997
  74.895088236863714   99.257772099999997
  77.141793318327004   99.366981199999998
  79.432986169870119   99.458676400000002
  81.769102946101640   99.539215200000001
  84.150579801630130   99.606816400000000
  86.577852891064325   93.820008599999994


# temperature  450.000000000000000
#   -0.000498101781971    0.148682020410784  -16.480327179609024  809.121153973114701 -14691.375023070946554
  62.324676261675947   98.330961700000003
  64.313613969441761   98.535132099999998
  66.344422519635614   98.722937900000005
  68.417538066866115   98.896151500000002
  70.533396765741841   99.032942100000000
  72.692434770871515   99.164679599999999
  74.895088236863714   99.280346100000003
  77.141793318327004   99.384792200000007
  79.432986169870119   99.472481700000003
  81.769102946101640   99.549497200000005
  84.150579801630130   99.614137799999995
  86.577852891064325   93.824492199999995


# temperature  460.000000000000000
#   -0.000504459771372    0.150524281378554  -16.679839417428266  818.693579732183025 -14860.904306928105143
  62.324676261675947   98.392264999999995
  64.313613969441761   98.587849300000002
  66.344422519635614   98.767731299999994
  68.417538066866115   98.933612999999994
  70.533396765741841   99.064599200000004
  72.692434770871515   99.190734300000003
  74.895088236863714   99.301472200000006
  77.141793318327004   99.401459599999995
  79.432986169870119   99.485399700000002
  81.769102946101640   99.559117799999996
  84.150579801630130   99.620987900000003
  86.577852891064325   93.828686899999994


# temperature  470.000000000000000
#   -0.000510680524657    0.152326741168550  -16.875035616548747  828.058516163618719 -15026.747161664296073
  62.324676261675947   98.449756899999997
  64.313613969441761   98.637281599999994
  66.344422519635614   98.809728000000007
  68.417538066866115   98.968731199999993
  70.533396765741841   99.094273299999998
  72.692434770871515   99.215154600000005
  74.895088236863714   99.321271600000003
  77.141793318327004   99.417079000000001
  79.432986169870119   99.497504699999993
  81.769102946101640   99.568132500000004
  84.150579801630130   99.627406199999996
  86.577852891064325   93.832617200000001


# temperature  480.000000000000000
#   -0.000516769845945    0.154091085035352  -17.066098837966599  837.224786792435793 -15189.061025140888887
  62.324676261675947   98.503745800000004
  64.313613969441761   98.683695599999993
  66.344422519635614   98.849155300000007
  68.417538066866115   99.001697199999995
  70.533396765741841   99.122126399999999
  72.692434770871515   99.238074400000002
  74.895088236863714   99.339852800000003
  77.141793318327004   99.431736500000000
  79.432986169870119   99.508863700000006
  81.769102946101640   99.576591100000002
  84.150579801630130   99.633428400000000
  86.577852891064325   93.836304799999994


# temperature  490.000000000000000
#   -0.000522733178733    0.155818893439580  -17.253200743599347  846.200664388165023 -15347.993466210977203
  62.324676261675947   98.554509600000003
  64.313613969441761   98.727331399999997
  66.344422519635614   98.886218299999996
  68.417538066866115   99.032683000000006
  70.533396765741841   99.148304100000004
  72.692434770871515   99.259613799999997
  74.895088236863714   99.357313700000006
  77.141793318327004   99.445509299999998
  79.432986169870119   99.519536400000007
  81.769102946101640   99.584538400000000
  84.150579801630130   99.639086300000002
  86.577852891064325   93.839769200000006


# temperature  500.000000000000000
#   -0.000528575645631    0.157511653756582  -17.436502885413852  854.993933877614268 -15503.683324669618742
  62.324676261675947   98.602299299999999
  64.313613969441761   98.768405700000002
  66.344422519635614   98.921101699999994
  68.417538066866115   99.061843699999997
  70.533396765741841   99.172937899999994
  72.692434770871515   99.279881300000000
  74.895088236863714   99.373742399999998
  77.141793318327004   99.458467200000001
  79.432986169870119   99.529577200000006
  81.769102946101640   99.592014800000001
  84.150579801630130   99.644408799999994
  86.577852891064325   93.843028000000004


# temperature  510.000000000000000
#   -0.000534302043818    0.159170758416008  -17.616156448950157  863.611877697061345 -15656.260405701505078
  62.324676261675947   98.647341999999995
  64.313613969441761   98.807114700000000
  66.344422519635614   98.953972699999994
  68.417538066866115   99.089319700000004
  70.533396765741841   99.196146799999994
  72.692434770871515   99.298974999999999
  74.895088236863714   99.389218700000001
  77.141793318327004   99.470673199999993
  79.432986169870119   99.539034900000004
  81.769102946101640   99.599056700000006
  84.150579801630130   99.649421799999999
  86.577852891064325   93.846097299999997


# temperature  520.000000000000000
#   -0.000539916900542    0.160797521635152  -17.792304136915856  872.061369635082201 -15805.847218994935247
  62.324676261675947   98.689843699999997
  64.313613969441761   98.843636000000004
  66.344422519635614   98.984983000000000
  68.417538066866115   99.115237899999997
  70.533396765741841   99.218038300000003
  72.692434770871515   99.316983800000003
  74.895088236863714   99.403814699999998
  77.141793318327004   99.482184300000000
  79.432986169870119   99.547953699999994
  81.769102946101640   99.605697100000000
  84.150579801630130   99.654148800000002
  86.577852891064325   93.848991499999997


# temperature  530.000000000000000
#   -0.000545424483117    0.162393181967402  -17.965080407723217  880.348884573699593 -15952.559119216512045
  62.324676261675947   98.729991299999995
  64.313613969441761   98.878130900000002
  66.344422519635614   99.014269999999996
  68.417538066866115   99.139713799999996
  70.533396765741841   99.238710100000006
  72.692434770871515   99.333988099999999
  74.895088236863714   99.417595800000001
  77.141793318327004   99.493052199999994
  79.432986169870119   99.556373899999997
  81.769102946101640   99.611965999999995
  84.150579801630130   99.658611199999996
  86.577852891064325   93.851723600000000


# temperature  540.000000000000000
#   -0.000550828816382    0.163958907515920  -18.134612059726710  888.480527619405620 -16096.504845502868193
  62.324676261675947   98.767955200000003
  64.313613969441761   98.910746399999994
  66.344422519635614   99.041958800000003
  68.417538066866115   99.162852200000003
  70.533396765741841   99.258251200000004
  72.692434770871515   99.350061299999993
  74.895088236863714   99.430621500000001
  77.141793318327004   99.503323899999998
  79.432986169870119   99.564331800000005
  81.769102946101640   99.617890599999996
  84.150579801630130   99.662828399999995
  86.577852891064325   93.854305400000001


# temperature  550.000000000000000
#   -0.000556133713079    0.165495804921308  -18.301019226803056  896.462083083391349 -16237.787419522113851
  62.324676261675947   98.803890300000006
  64.313613969441761   98.941616199999999
  66.344422519635614   99.068163299999995
  68.417538066866115   99.184748600000006
  70.533396765741841   99.276742200000001
  72.692434770871515   99.365269900000001
  74.895088236863714   99.442946000000006
  77.141793318327004   99.513042200000001
  79.432986169870119   99.571860700000002
  81.769102946101640   99.623495599999998
  84.150579801630130   99.666818000000006
  86.577852891064325   93.856747900000002


# temperature  560.000000000000000
#   -0.000561342749003    0.167004911590379  -18.464414472751262  904.298967899352419 -16376.503248451563195
  62.324676261675947   98.837938300000005
  64.313613969441761   98.970862400000001
  66.344422519635614   99.092987699999995
  68.417538066866115   99.205490299999994
  70.533396765741841   99.294257200000004
  72.692434770871515   99.379674899999998
  74.895088236863714   99.454618800000006
  77.141793318327004   99.522246100000004
  79.432986169870119   99.578990899999994
  81.769102946101640   99.628803599999998
  84.150579801630130   99.670596099999997
  86.577852891064325   93.859060799999995


# temperature  570.000000000000000
#   -0.000566459345937    0.168487220578511  -18.624905581024525  911.996370162914104 -16512.744691702882847
  62.324676261675947   98.870228800000007
  64.313613969441761   98.998596599999999
  66.344422519635614   99.116527000000005
  68.417538066866115   99.225156999999996
  70.533396765741841   99.310863299999994
  72.692434770871515   99.393331900000007
  74.895088236863714   99.465684800000005
  77.141793318327004   99.530971300000004
  79.432986169870119   99.585749899999996
  81.769102946101640   99.633835199999993
  84.150579801630130   99.674177299999997
  86.577852891064325   93.861253199999993


# temperature  580.000000000000000
#   -0.000571486738722    0.169943670562042  -18.782594416963857  919.559192146644364 -16646.598994108902843
  62.324676261675947   98.900880400000005
  64.313613969441761   99.024921199999994
  66.344422519635614   99.138868200000005
  68.417538066866115   99.243821400000002
  70.533396765741841   99.326622499999999
  72.692434770871515   99.406291600000003
  74.895088236863714   99.476185400000006
  77.141793318327004   99.539250400000000
  79.432986169870119   99.592163200000002
  81.769102946101640   99.638609200000005
  84.150579801630130   99.677575200000007
  86.577852891064325   93.863333200000000


# temperature  590.000000000000000
#   -0.000576427966820    0.171375143283643  -18.937576640043879  926.992036023625360 -16778.148018900894385
  62.324676261675947   98.930001799999999
  64.313613969441761   99.049929700000007
  66.344422519635614   99.160091100000002
  68.417538066866115   99.261550600000007
  70.533396765741841   99.341591199999996
  72.692434770871515   99.418600699999999
  74.895088236863714   99.486158399999994
  77.141793318327004   99.547113300000007
  79.432986169870119   99.598253799999995
  81.769102946101640   99.643142999999995
  84.150579801630130   99.680801900000006
  86.577852891064325   93.865308499999998


# temperature  600.000000000000000
#   -0.000581285935602    0.172782481523125  -19.089943672347655  934.299299362266879 -16907.469975857602549
  62.324676261675947   98.957693000000006
  64.313613969441761   99.073708400000001
  66.344422519635614   99.180268999999996
  68.417538066866115   99.278405800000002
  70.533396765741841   99.355821399999996
  72.692434770871515   99.430301999999998
  74.895088236863714   99.495638700000001
  77.141793318327004   99.554587299999994
  79.432986169870119   99.604043099999998
  81.769102946101640   99.647452299999998
  84.150579801630130   99.683868899999993
  86.577852891064325   93.867186000000004


# temperature  610.000000000000000
#   -0.000586063425501    0.174166492158541  -19.239783076208024  941.485195541950475 -17034.639826926315436
  62.324676261675947   98.984045899999998
  64.313613969441761   99.096336399999998
  66.344422519635614   99.199469300000004
  68.417538066866115   99.294443400000006
  70.533396765741841   99.369360799999995
  72.692434770871515   99.441434799999996
  74.895088236863714   99.504658000000006
  77.141793318327004   99.561697699999996
  79.432986169870119   99.609550600000006
  81.769102946101640   99.651551799999993
  84.150579801630130   99.686786499999997
  86.577852891064325   93.868971900000005


# temperature  620.000000000000000
#   -0.000590763043142    0.175527931171954  -19.387176839710687  948.553667174956104 -17159.727654013091524
  62.324676261675947   99.009145200000006
  64.313613969441761   99.117886600000006
  66.344422519635614   99.217753999999999
  68.417538066866115   99.309715600000004
  70.533396765741841   99.382253399999996
  72.692434770871515   99.452035300000006
  74.895088236863714   99.513245699999999
  77.141793318327004   99.568467799999993
  79.432986169870119   99.614794300000000
  81.769102946101640   99.655454899999995
  84.150579801630130   99.689564200000007
  86.577852891064325   93.870672200000001


# temperature  630.000000000000000
#   -0.000595387314030    0.176867531330029  -19.532204464182147  955.508538547569970 -17282.801467553475959
  62.324676261675947   99.033069100000006
  64.313613969441761   99.138426300000006
  66.344422519635614   99.235180299999996
  68.417538066866115   99.324270100000007
  70.533396765741841   99.394539699999996
  72.692434770871515   99.462136900000004
  74.895088236863714   99.521429100000006
  77.141793318327004   99.574918699999998
  79.432986169870119   99.619790800000004
  81.769102946101640   99.659173800000005
  84.150579801630130   99.692210799999998
  86.577852891064325   93.872292299999998


# temperature  640.000000000000000
#   -0.000599938590934    0.178185974834558  -19.674939916591295  962.353365421212402 -17403.924442003939475
  62.324676261675947   99.055889600000000
  64.313613969441761   99.158017599999994
  66.344422519635614   99.251801200000003
  68.417538066866115   99.338151100000005
  70.533396765741841   99.406256999999997
  72.692434770871515   99.471770399999997
  74.895088236863714   99.529232899999997
  77.141793318327004   99.581070400000002
  79.432986169870119   99.624555299999997
  81.769102946101640   99.662719999999993
  84.150579801630130   99.694734499999996
  86.577852891064325   93.873837100000003


# temperature  650.000000000000000
#   -0.000604419163273    0.179483925993372  -19.815455273020280  969.091614806170696 -17523.158224367616640
  62.324676261675947   99.077673399999995
  64.313613969441761   99.176717900000000
  66.344422519635614   99.267665300000004
  68.417538066866115   99.351399599999993
  70.533396765741841   99.417439999999999
  72.692434770871515   99.480964200000003
  74.895088236863714   99.536680399999995
  77.141793318327004   99.586940900000002
  79.432986169870119   99.629102000000003
  81.769102946101640   99.666104000000004
  84.150579801630130   99.697142700000001
  86.577852891064325   93.875311100000005


# temperature  660.000000000000000
#   -0.000608831180642    0.180762007994006  -19.953818086707916  975.726533122775436 -17640.560469668966107
  62.324676261675947   99.098482300000001
  64.313613969441761   99.194580400000007
  66.344422519635614   99.282817899999998
  68.417538066866115   99.364053299999995
  70.533396765741841   99.428120500000006
  72.692434770871515   99.489744799999997
  74.895088236863714   99.543792800000006
  77.141793318327004   99.592547300000007
  79.432986169870119   99.633443999999997
  81.769102946101640   99.669335599999997
  84.150579801630130   99.699442300000001
  86.577852891064325   93.876718699999998


# temperature  670.000000000000000
#   -0.000613176723802    0.182020824505185  -20.090093842732049  982.261269636133648 -17756.187155742791219
  62.324676261675947   99.118373399999996
  64.313613969441761   99.211654100000004
  66.344422519635614   99.297300800000002
  68.417538066866115   99.376147300000000
  70.533396765741841   99.438328299999995
  72.692434770871515   99.498136299999999
  74.895088236863714   99.550590000000000
  77.141793318327004   99.597904999999997
  79.432986169870119   99.637593300000006
  81.769102946101640   99.672423800000004
  84.150579801630130   99.701639900000004
  86.577852891064325   93.878063900000001


# temperature  680.000000000000000
#   -0.000617457749798    0.183260943061129  -20.224344078856593  988.698782377864745 -17870.090822742065939
  62.324676261675947   99.137399900000005
  64.313613969441761   99.227985000000004
  66.344422519635614   99.311152899999996
  68.417538066866115   99.387714099999997
  70.533396765741841   99.448090800000003
  72.692434770871515   99.506161599999999
  74.895088236863714   99.557090299999999
  77.141793318327004   99.603028600000002
  79.432986169870119   99.641561199999998
  81.769102946101640   99.675376900000003
  84.150579801630130   99.703741399999998
  86.577852891064325   93.879350099999996


# temperature  690.000000000000000
#   -0.000621676168744    0.184482917573835  -20.356628850763407  995.041957683978012 -17982.322737392540148
  62.324676261675947   99.155610999999993
  64.313613969441761   99.243615300000002
  66.344422519635614   99.324410200000003
  68.417538066866115   99.398783800000004
  70.533396765741841   99.457433499999993
  72.692434770871515   99.513841600000006
  74.895088236863714   99.563310799999996
  77.141793318327004   99.607931500000007
  79.432986169870119   99.645358200000004
  81.769102946101640   99.678202700000000
  84.150579801630130   99.705752200000006
  86.577852891064325   93.880580899999998


# temperature  700.000000000000000
#   -0.000625833772508    0.185687267599817  -20.487004483779739 1001.293502397946440 -18092.930962737602385
  62.324676261675947   99.173052700000000
  64.313613969441761   99.258584499999998
  66.344422519635614   99.337106300000002
  68.417538066866115   99.409384500000002
  70.533396765741841   99.466380099999995
  72.692434770871515   99.521195700000007
  74.895088236863714   99.569267199999999
  77.141793318327004   99.612626100000000
  79.432986169870119   99.648993800000000
  81.769102946101640   99.680908400000007
  84.150579801630130   99.707677500000003
  86.577852891064325   93.881759299999999


# temperature  710.000000000000000
#   -0.000629932304155    0.186874498820023  -20.615525828579077 1007.456053866685352 -18201.962360762303433
  62.324676261675947   99.189767599999996
  64.313613969441761   99.272929300000001
  66.344422519635614   99.349272400000004
  68.417538066866115   99.419542300000003
  70.533396765741841   99.474952599999995
  72.692434770871515   99.528242199999994
  74.895088236863714   99.574974299999994
  77.141793318327004   99.617124200000006
  79.432986169870119   99.652477099999999
  81.769102946101640   99.683500699999996
  84.150579801630130   99.709522199999995
  86.577852891064325   93.882888300000005


# temperature  720.000000000000000
#   -0.000633973407065    0.188045087477826  -20.742244483414765 1013.532090050101829 -18309.460893785559165
  62.324676261675947   99.205795400000000
  64.313613969441761   99.286683999999994
  66.344422519635614   99.360937500000006
  68.417538066866115   99.429281500000002
  70.533396765741841   99.483171700000000
  72.692434770871515   99.534998000000002
  74.895088236863714   99.580445800000007
  77.141793318327004   99.621436500000002
  79.432986169870119   99.655816500000000
  81.769102946101640   99.685985900000006
  84.150579801630130   99.711290500000004
  86.577852891064325   93.883970700000006


# temperature  730.000000000000000
#   -0.000637958679807    0.189199497341526  -20.867210751382874 1019.524029412447476 -18415.469525322543632
  62.324676261675947   99.221173300000004
  64.313613969441761   99.299880299999998
  66.344422519635614   99.372128700000005
  68.417538066866115   99.438624799999999
  70.533396765741841   99.491056400000005
  72.692434770871515   99.541478799999993
  74.895088236863714   99.585694500000002
  77.141793318327004   99.625573200000005
  79.432986169870119   99.659019799999996
  81.769102946101640   99.688369800000004
  84.150579801630130   99.712986799999996
  86.577852891064325   93.885008900000003


# temperature  740.000000000000000
#   -0.000641889635186    0.190338166918558  -20.990472153249762 1025.434154562323783 -18520.028758802003722
  62.324676261675947   99.235935799999993
  64.313613969441761   99.312548199999995
  66.344422519635614   99.382871300000005
  68.417538066866115   99.447593299999994
  70.533396765741841   99.498624699999993
  72.692434770871515   99.547699300000005
  74.895088236863714   99.590732399999993
  77.141793318327004   99.629543499999997
  79.432986169870119   99.662094400000001
  81.769102946101640   99.690657700000003
  84.150579801630130   99.714614800000007
  86.577852891064325   93.886005299999994


# temperature  750.000000000000000
#   -0.000645767733417    0.191461519611633  -21.112074588723747 1031.264671023763412 -18623.177746971938177
  62.324676261675947   99.250115300000004
  64.313613969441761   99.324715299999994
  66.344422519635614   99.393189000000007
  68.417538066866115   99.456206699999996
  70.533396765741841   99.505893200000003
  72.692434770871515   99.553673399999994
  74.895088236863714   99.595570499999994
  77.141793318327004   99.633356399999997
  79.432986169870119   99.665046899999993
  81.769102946101640   99.692854900000000
  84.150579801630130   99.716178200000002
  86.577852891064325   93.886962100000005


# temperature  760.000000000000000
#   -0.000649594397457    0.192569968069089  -21.232062792923056 1037.017728166028292 -18724.954643527442386
  62.324676261675947   99.263742100000002
  64.313613969441761   99.336407699999995
  66.344422519635614   99.403103900000005
  68.417538066866115   99.464483700000002
  70.533396765741841   99.512877500000002
  72.692434770871515   99.559413699999993
  74.895088236863714   99.600219199999998
  77.141793318327004   99.637020000000007
  79.432986169870119   99.667883799999998
  81.769102946101640   99.694965999999994
  84.150579801630130   99.717680299999998
  86.577852891064325   93.887881500000006


# temperature  770.000000000000000
#   -0.000653370949884    0.193663895635464  -21.350478306779547 1042.695321273299669 -18825.394844947968522
  62.324676261675947   99.276844499999996
  64.313613969441761   99.347649799999999
  66.344422519635614   99.412636500000005
  68.417538066866115   99.472441399999994
  70.533396765741841   99.519592399999993
  72.692434770871515   99.564932499999998
  74.895088236863714   99.604688400000001
  77.141793318327004   99.640541999999996
  79.432986169870119   99.670610999999994
  81.769102946101640   99.696995500000000
  84.150579801630130   99.719124300000004
  86.577852891064325   93.888765199999995


# temperature  780.000000000000000
#   -0.000657098701116    0.194743682223637  -21.467362305883697 1048.299428174855848 -18924.533448279817094
  62.324676261675947   99.289448899999996
  64.313613969441761   99.358464400000003
  66.344422519635614   99.421806399999994
  68.417538066866115   99.480096000000003
  70.533396765741841   99.526051300000006
  72.692434770871515   99.570240799999993
  74.895088236863714   99.608987200000001
  77.141793318327004   99.643929700000001
  79.432986169870119   99.673234100000002
  81.769102946101640   99.698947399999994
  84.150579801630130   99.720513199999999
  86.577852891064325   93.889615300000003


# temperature  790.000000000000000
#   -0.000660778898773    0.195809689674272  -21.582754022431793 1053.831934111945202 -19022.403917718555022
  62.324676261675947   99.301580400000006
  64.313613969441761   99.368872800000005
  66.344422519635614   99.430631700000006
  68.417538066866115   99.487462699999995
  70.533396765741841   99.532267300000001
  72.692434770871515   99.575349299999999
  74.895088236863714   99.613123999999999
  77.141793318327004   99.647189699999998
  79.432986169870119   99.675758400000007
  81.769102946101640   99.700825800000004
  84.150579801630130   99.721849700000007
  86.577852891064325   93.890433200000004


# temperature  800.000000000000000
#   -0.000664412725483    0.196862260641579  -21.696690571286997 1059.294620778826356 -19119.037839173655811
  62.324676261675947   99.313262199999997
  64.313613969441761   99.378895099999994
  66.344422519635614   99.439129300000005
  68.417538066866115   99.494555899999995
  70.533396765741841   99.538252200000002
  72.692434770871515   99.580267899999996
  74.895088236863714   99.617107000000004
  77.141793318327004   99.650328400000006
  79.432986169870119   99.678188700000007
  81.769102946101640   99.702634300000000
  84.150579801630130   99.723136499999995
  86.577852891064325   93.891220700000005


# temperature  810.000000000000000
#   -0.000668001362407    0.197901737805983  -21.809209118384828 1064.689274566992708 -19214.466936470824294
  62.324676261675947   99.324516299999999
  64.313613969441761   99.388550199999997
  66.344422519635614   99.447315399999994
  68.417538066866115   99.501388800000001
  70.533396765741841   99.544017499999995
  72.692434770871515   99.585005800000005
  74.895088236863714   99.620943600000004
  77.141793318327004   99.653351799999996
  79.432986169870119   99.680529699999994
  81.769102946101640   99.704376300000007
  84.150579801630130   99.724375899999998
  86.577852891064325   93.891979199999994


# temperature  820.000000000000000
#   -0.000671545893535    0.198928435114368  -21.920343654451983 1070.017526440899928 -19308.720103608124191
  62.324676261675947   99.335363200000003
  64.313613969441761   99.397855699999994
  66.344422519635614   99.455204899999998
  68.417538066866115   99.507974000000004
  70.533396765741841   99.549573600000002
  72.692434770871515   99.589571899999996
  74.895088236863714   99.624640999999997
  77.141793318327004   99.656265300000001
  79.432986169870119   99.682785600000003
  81.769102946101640   99.706054899999998
  84.150579801630130   99.725570200000007
  86.577852891064325   93.892710199999996


# temperature  830.000000000000000
#   -0.000675047413370    0.199942670010001  -22.030128597210222 1075.281030116565717 -19401.826695403255144
  62.324676261675947   99.345822400000003
  64.313613969441761   99.406828399999995
  66.344422519635614   99.462812000000000
  68.417538066866115   99.514323300000001
  70.533396765741841   99.554930700000000
  72.692434770871515   99.593974200000005
  74.895088236863714   99.628205800000003
  77.141793318327004   99.659074399999994
  79.432986169870119   99.684960599999997
  81.769102946101640   99.707673400000004
  84.150579801630130   99.726721699999999
  86.577852891064325   93.893414899999996


# temperature  840.000000000000000
#   -0.000678506930929    0.200944734977052  -22.138595641103898 1080.481307674038362 -19493.813700579998113
  62.324676261675947   99.355912000000004
  64.313613969441761   99.415483800000004
  66.344422519635614   99.470149899999996
  68.417538066866115   99.520447899999994
  70.533396765741841   99.560098100000005
  72.692434770871515   99.598220600000005
  74.895088236863714   99.631644199999997
  77.141793318327004   99.661783799999995
  79.432986169870119   99.687058500000006
  81.769102946101640   99.709234400000000
  84.150579801630130   99.727832300000003
  86.577852891064325   93.894094600000003


# temperature  850.000000000000000
#   -0.000681925465820    0.201934925632054  -22.245776824967532 1085.619897869655460 -19584.708420166480209
  62.324676261675947   99.365649300000001
  64.313613969441761   99.423836699999995
  66.344422519635614   99.477231300000000
  68.417538066866115   99.526358200000004
  70.533396765741841   99.565084600000006
  72.692434770871515   99.602318299999993
  74.895088236863714   99.634962200000004
  77.141793318327004   99.664398399999996
  79.432986169870119   99.689082799999994
  81.769102946101640   99.710740599999994
  84.150579801630130   99.728904000000000
  86.577852891064325   93.894750500000001


# temperature  860.000000000000000
#   -0.000685303965087    0.202913516330212  -22.351701858663571 1090.698226390349191 -19674.536113692305662
  62.324676261675947   99.375050500000000
  64.313613969441761   99.431901199999999
  66.344422519635614   99.484067999999994
  68.417538066866115   99.532064099999999
  70.533396765741841   99.569898600000002
  72.692434770871515   99.606274200000001
  74.895088236863714   99.638165299999997
  77.141793318327004   99.666922299999996
  79.432986169870119   99.691036999999994
  81.769102946101640   99.712194699999998
  84.150579801630130   99.729938599999997
  86.577852891064325   93.895383600000002


# temperature  870.000000000000000
#   -0.000688643347983    0.203880773519664  -22.456399613480894 1095.717679634190745 -19763.321365695734130
  62.324676261675947   99.384130799999994
  64.313613969441761   99.439690200000001
  66.344422519635614   99.490671000000006
  68.417538066866115   99.537575000000004
  70.533396765741841   99.574547899999999
  72.692434770871515   99.610094700000005
  74.895088236863714   99.641258800000003
  77.141793318327004   99.669359900000003
  79.432986169870119   99.692924199999993
  81.769102946101640   99.713599000000002
  84.150579801630130   99.730937699999998
  86.577852891064325   93.895994999999999


# temperature  880.000000000000000
#   -0.000691944534384    0.204836964135325  -22.559899044150363 1100.679649313504797 -19851.088886577832454
  62.324676261675947   99.392904700000003
  64.313613969441761   99.447216200000000
  66.344422519635614   99.497050900000005
  68.417538066866115   99.542899599999998
  70.533396765741841   99.579040000000006
  72.692434770871515   99.613785899999996
  74.895088236863714   99.644247600000000
  77.141793318327004   99.671714899999998
  79.432986169870119   99.694747599999999
  81.769102946101640   99.714955700000004
  84.150579801630130   99.731902899999994
  86.577852891064325   93.896585799999997


# temperature  890.000000000000000
#   -0.000695208354751    0.205782328423828  -22.662226130801510 1105.585380421673790 -19937.860695039747952
  62.324676261675947   99.401385800000000
  64.313613969441761   99.454490800000002
  66.344422519635614   99.503217699999993
  68.417538066866115   99.548046099999993
  70.533396765741841   99.583381900000006
  72.692434770871515   99.617353699999995
  74.895088236863714   99.647136300000000
  77.141793318327004   99.673991099999995
  79.432986169870119   99.696509899999995
  81.769102946101640   99.716267000000002
  84.150579801630130   99.732835800000004
  86.577852891064325   93.897156699999996


# temperature  900.000000000000000
#   -0.000698435691560    0.206717122663802  -22.763408694017855 1110.436211205923200 -20023.660579041254096
  62.324676261675947   99.409586899999994
  64.313613969441761   99.461525300000005
  66.344422519635614   99.509180599999993
  68.417538066866115   99.553022499999997
  70.533396765741841   99.587580099999997
  72.692434770871515   99.620803400000000
  74.895088236863714   99.649929499999999
  77.141793318327004   99.676191900000006
  79.432986169870119   99.698213800000005
  81.769102946101640   99.717534799999996
  84.150579801630130   99.733737899999994
  86.577852891064325   93.897708699999995


# temperature  910.000000000000000
#   -0.000701627310058    0.207641568246256  -22.863470675051481 1115.233288896635941 -20108.508821759129205
  62.324676261675947   99.417520300000007
  64.313613969441761   99.468329900000001
  66.344422519635614   99.514948700000005
  68.417538066866115   99.557836199999997
  70.533396765741841   99.591640999999996
  72.692434770871515   99.624140199999999
  74.895088236863714   99.652631200000002
  77.141793318327004   99.678320700000000
  79.432986169870119   99.699861999999996
  81.769102946101640   99.718761099999995
  84.150579801630130   99.734610300000000
  86.577852891064325   93.898242600000003


# temperature  920.000000000000000
#   -0.000704784014797    0.208555898653068  -22.962437403031721 1119.977831163497285 -20192.427048769131943
  62.324676261675947   99.425197400000002
  64.313613969441761   99.474914499999997
  66.344422519635614   99.520530199999996
  68.417538066866115   99.562494099999995
  70.533396765741841   99.595570499999994
  72.692434770871515   99.627369000000002
  74.895088236863714   99.655245399999998
  77.141793318327004   99.680380400000004
  79.432986169870119   99.701456699999994
  81.769102946101640   99.719947700000006
  84.150579801630130   99.735454500000003
  86.577852891064325   93.898759200000001


# temperature  930.000000000000000
#   -0.000707906544875    0.209460327802899  -23.060332019091007 1124.670947157404726 -20275.434880592161790
  62.324676261675947   99.432629199999994
  64.313613969441761   99.481288699999993
  66.344422519635614   99.525933199999997
  68.417538066866115   99.567003000000000
  70.533396765741841   99.599374200000000
  72.692434770871515   99.630494400000003
  74.895088236863714   99.657775799999996
  77.141793318327004   99.682374199999998
  79.432986169870119   99.703000299999999
  81.769102946101640   99.721096200000005
  84.150579801630130   99.736271599999995
  86.577852891064325   93.899259200000003


# temperature  940.000000000000000
#   -0.000710995652024    0.210355073793919  -23.157178175754300 1129.313773475912967 -20357.552491489095701
  62.324676261675947   99.439825900000002
  64.313613969441761   99.487461100000004
  66.344422519635614   99.531165099999996
  68.417538066866115   99.571369000000004
  70.533396765741841   99.603057300000003
  72.692434770871515   99.633520700000005
  74.895088236863714   99.660225999999994
  77.141793318327004   99.684304800000007
  79.432986169870119   99.704494900000000
  81.769102946101640   99.722208300000005
  84.150579801630130   99.737062800000004
  86.577852891064325   93.899743400000006


# temperature  950.000000000000000
#   -0.000714052034609    0.211240338986035  -23.252997792382047 1133.907362247919991 -20438.798526360926189
  62.324676261675947   99.446797500000002
  64.313613969441761   99.493440300000003
  66.344422519635614   99.536233199999998
  68.417538066866115   99.575598200000002
  70.533396765741841   99.606624999999994
  72.692434770871515   99.636452100000000
  74.895088236863714   99.662599400000005
  77.141793318327004   99.686174800000003
  79.432986169870119   99.705942600000000
  81.769102946101640   99.723285399999995
  84.150579801630130   99.737829099999999
  86.577852891064325   93.900212400000001


# temperature  960.000000000000000
#   -0.000717076375121    0.212116321176439  -23.347812295228398 1138.452741836648329 -20519.191206502422574
  62.324676261675947   99.453553099999993
  64.313613969441761   99.499234200000004
  66.344422519635614   99.541144099999997
  68.417538066866115   99.579696299999995
  70.533396765741841   99.610082000000006
  72.692434770871515   99.639292499999996
  74.895088236863714   99.664899100000000
  77.141793318327004   99.687986699999996
  79.432986169870119   99.707345399999994
  81.769102946101640   99.724329100000006
  84.150579801630130   99.738571600000000
  86.577852891064325   93.900666799999996


# temperature  970.000000000000000
#   -0.000720069350893    0.212983216583240  -23.441642930456883 1142.950931523808777 -20598.748589231290680
  62.324676261675947   99.460101699999996
  64.313613969441761   99.504850399999995
  66.344422519635614   99.545904300000004
  68.417538066866115   99.583668500000002
  70.533396765741841   99.613432900000006
  72.692434770871515   99.642045699999997
  74.895088236863714   99.667128099999999
  77.141793318327004   99.689742899999999
  79.432986169870119   99.708704999999995
  81.769102946101640   99.725340799999998
  84.150579801630130   99.739291300000005
  86.577852891064325   93.901107199999998


# temperature  980.000000000000000
#   -0.000723031596309    0.213841209165670  -23.534509639014811 1147.402889146948155 -20677.487659701455414
  62.324676261675947   99.466451500000005
  64.313613969441761   99.510296100000005
  66.344422519635614   99.550519899999998
  68.417538066866115   99.587519999999998
  70.533396765741841   99.616681799999995
  72.692434770871515   99.644715099999999
  74.895088236863714   99.669289300000003
  77.141793318327004   99.691445700000003
  79.432986169870119   99.710023300000003
  81.769102946101640   99.726321600000006
  84.150579801630130   99.739989100000003
  86.577852891064325   93.901534200000000


# temperature  990.000000000000000
#   -0.000725963736038    0.214690479865390  -23.626432010313241 1151.809554358482728 -20755.425057605589245
  62.324676261675947   99.472610500000002
  64.313613969441761   99.515578099999999
  66.344422519635614   99.554996700000004
  68.417538066866115   99.591255700000005
  70.533396765741841   99.619833000000000
  72.692434770871515   99.647304199999994
  74.895088236863714   99.671385400000005
  77.141793318327004   99.693097100000003
  79.432986169870119   99.711301899999995
  81.769102946101640   99.727272799999994
  84.150579801630130   99.740665800000002
  86.577852891064325   93.901948300000001


# temperature 1000.000000000000000
#   -0.000728866386824    0.215531207489734  -23.717429421022903 1156.171857501963359 -20832.577277819767914
  62.324676261675947   99.478586300000003
  64.313613969441761   99.520702900000003
  66.344422519635614   99.559340300000002
  68.417538066866115   99.594880099999997
  70.533396765741841   99.622890299999995
  72.692434770871515   99.649816099999995
  74.895088236863714   99.673418999999996
  77.141793318327004   99.694699400000005
  79.432986169870119   99.712542299999996
  81.769102946101640   99.728195700000001
  84.150579801630130   99.741322400000001
  86.577852891064325   93.902350100000007


