   0.000000000000000    0.000000000000000
  10.000000000000000    0.000107025888952
  20.000000000000000    0.001501148732440
  30.000000000000000    0.003129197859859
  40.000000000000000    0.004408828672335
  50.000000000000000    0.005327760241766
  60.000000000000000    0.005978503872170
  70.000000000000000    0.006445869493977
  80.000000000000000    0.006789905390698
  90.000000000000000    0.007050310714828
 100.000000000000000    0.007253010204788
 110.000000000000000    0.007415085821783
 120.000000000000000    0.007547988573211
 130.000000000000000    0.007659549999848
 140.000000000000000    0.007755236268762
 150.000000000000000    0.007838938171578
 160.000000000000000    0.007913476520132
 170.000000000000000    0.007980931609508
 180.000000000000000    0.008042861996842
 190.000000000000000    0.008100452241620
 200.000000000000000    0.008154614794431
 210.000000000000000    0.008206061102023
 220.000000000000000    0.008255352300403
 230.000000000000000    0.008302935502246
 240.000000000000000    0.008349170473208
 250.000000000000000    0.008394349294794
 260.000000000000000    0.008438711222681
 270.000000000000000    0.008482453553362
 280.000000000000000    0.008525740330629
 290.000000000000000    0.008568708839839
 300.000000000000000    0.008611474675264
 310.000000000000000    0.008654135825506
 320.000000000000000    0.008696775658695
 330.000000000000000    0.008739465602796
 340.000000000000000    0.008782267067839
 350.000000000000000    0.008825232986169
 360.000000000000000    0.008868409325345
 370.000000000000000    0.008911835893591
 380.000000000000000    0.008955547431462
 390.000000000000000    0.008999574063463
 400.000000000000000    0.009043942159371
 410.000000000000000    0.009088674540752
 420.000000000000000    0.009133791052017
 430.000000000000000    0.009179308778842
 440.000000000000000    0.009225242237831
 450.000000000000000    0.009271603904841
 460.000000000000000    0.009318403753155
 470.000000000000000    0.009365650015056
 480.000000000000000    0.009413348879945
 490.000000000000000    0.009461504742705
 500.000000000000000    0.009510120035271
 510.000000000000000    0.009559195314394
 520.000000000000000    0.009608729419171
 530.000000000000000    0.009658719165212
 540.000000000000000    0.009709159368328
 550.000000000000000    0.009760042735169
 560.000000000000000    0.009811359932298
 570.000000000000000    0.009863099083885
 580.000000000000000    0.009915245976371
 590.000000000000000    0.009967783651583
 600.000000000000000    0.010020692235154
 610.000000000000000    0.010073948759264
 620.000000000000000    0.010127526790520
 630.000000000000000    0.010181396139288
 640.000000000000000    0.010235522520790
 650.000000000000000    0.010289867136693
 660.000000000000000    0.010344386150489
 670.000000000000000    0.010399030408341
 680.000000000000000    0.010453744430158
 690.000000000000000    0.010508466280756
 700.000000000000000    0.010563126407456
 710.000000000000000    0.010617646915029
 720.000000000000000    0.010671940922057
 730.000000000000000    0.010725911035467
 740.000000000000000    0.010779448481012
 750.000000000000000    0.010832431637095
 760.000000000000000    0.010884724544158
 770.000000000000000    0.010936175038972
 780.000000000000000    0.010986612913212
 790.000000000000000    0.011035847457215
 800.000000000000000    0.011083665018135
 810.000000000000000    0.011129826035518
 820.000000000000000    0.011174061362080
 830.000000000000000    0.011216068487745
 840.000000000000000    0.011255507027674
 850.000000000000000    0.011291993325659
 860.000000000000000    0.011325094471297
 870.000000000000000    0.011354320748624
 880.000000000000000    0.011379117994820
 890.000000000000000    0.011398857161233
 900.000000000000000    0.011412823209095
 910.000000000000000    0.011420201487440
 920.000000000000000    0.011420061728137
 930.000000000000000    0.011411338982657
 940.000000000000000    0.011392811041486
 950.000000000000000    0.011363070984019
 960.000000000000000    0.011320494968216
 970.000000000000000    0.011263201689918
 980.000000000000000    0.011189005544217
 990.000000000000000    0.011095357513240
1000.000000000000000    0.010979272509935
