# temperature   10.000000000000000
#    0.000183847837502   -0.049348083273848    4.976791692868765 -223.301887370669647 3759.135625231180256
  62.324676261675947    0.259550700000000
  64.313613969441761    0.325080900000000
  66.344422519635614    0.399613700000000
  68.417538066866115    0.532351500000000
  70.533396765741841    0.734157700000000
  72.692434770871515    1.001472500000000
  74.895088236863714    1.389240900000000
  77.141793318327004    2.046846100000000
  79.432986169870119    3.252770600000000
  81.769102946101640    5.681838500000000
  84.150579801630130   10.863662100000001
  86.577852891064325   23.086827799999998


# temperature   20.000000000000000
#   -0.000246280832459    0.073040401791241   -8.005849732623567  386.454281356735635 -6948.333078217650836
  62.324676261675947    2.136708000000000
  64.313613969441761    2.683077500000000
  66.344422519635614    3.383361700000000
  68.417538066866115    4.447789900000000
  70.533396765741841    5.726549700000000
  72.692434770871515    7.495292200000000
  74.895088236863714    9.879002399999999
  77.141793318327004   13.336897300000000
  79.432986169870119   18.302772699999998
  81.769102946101640   25.987276000000001
  84.150579801630130   37.807920199999998
  86.577852891064325   57.181152300000001


# temperature   30.000000000000000
#   -0.000298793675415    0.086016749211261   -9.203958107060133  436.241981435679975 -7735.347746105175247
  62.324676261675947    6.756382900000000
  64.313613969441761    8.233154300000001
  66.344422519635614   10.066350999999999
  68.417538066866115   12.600115000000001
  70.533396765741841   15.382567500000000
  72.692434770871515   19.062496500000002
  74.895088236863714   23.647740500000001
  77.141793318327004   29.757415500000000
  79.432986169870119   37.677574200000002
  81.769102946101640   48.748710799999998
  84.150579801630130   64.125714599999995
  86.577852891064325   85.660486300000002


# temperature   40.000000000000000
#   -0.000281172367440    0.080325657809275   -8.559875485895638  405.697652432872815 -7208.892770517811186
  62.324676261675947   13.597477500000000
  64.313613969441761   16.100492299999999
  66.344422519635614   19.107824000000001
  68.417538066866115   23.038712799999999
  70.533396765741841   27.159999700000000
  72.692434770871515   32.420312600000003
  74.895088236863714   38.684880800000002
  77.141793318327004   46.645760099999997
  79.432986169870119   56.438260900000003
  81.769102946101640   69.458414500000003
  84.150579801630130   86.717523099999994
  86.577852891064325  108.699936199999996


# temperature   50.000000000000000
#   -0.000270327701749    0.077389129558352   -8.286571088070774  395.549368527531044 -7078.952669796331065
  62.324676261675947   21.689557300000001
  64.313613969441761   25.120357899999998
  66.344422519635614   29.141779900000000
  68.417538066866115   34.209137900000002
  70.533396765741841   39.371181900000003
  72.692434770871515   45.797071899999999
  74.895088236863714   53.237098899999999
  77.141793318327004   62.421070600000000
  79.432986169870119   73.380953300000002
  81.769102946101640   87.550868600000001
  84.150579801630130  105.869358399999996
  86.577852891064325  127.675460099999995


# temperature   60.000000000000000
#   -0.000270270770579    0.077741627381965   -8.375964960943644  402.524416276448790 -7242.636672709464619
  62.324676261675947   30.304926999999999
  64.313613969441761   34.507911999999997
  66.344422519635614   39.344038699999999
  68.417538066866115   45.285078200000001
  70.533396765741841   51.220779999999998
  72.692434770871515   58.481484500000001
  74.895088236863714   66.734045800000004
  77.141793318327004   76.731892400000007
  79.432986169870119   88.440942500000006
  81.769102946101640  103.324445299999994
  84.150579801630130  122.282404600000007
  86.577852891064325  143.680859700000013


# temperature   70.000000000000000
#   -0.000274352300671    0.079231215357227   -8.574960507663860  413.800868375946152 -7463.361538836732507
  62.324676261675947   38.992395100000003
  64.313613969441761   43.815064700000001
  66.344422519635614   49.287362999999999
  68.417538066866115   55.888830100000000
  70.533396765741841   62.395008300000001
  72.692434770871515   70.255324000000002
  74.895088236863714   79.077376799999996
  77.141793318327004   89.631252000000003
  79.432986169870119  101.840220400000007
  81.769102946101640  117.189883300000005
  84.150579801630130  136.558367599999997
  86.577852891064325  157.469473700000009


# temperature   80.000000000000000
#   -0.000278853112890    0.080743618887965   -8.762111443887221  423.690042081426043 -7644.449030626095919
  62.324676261675947   47.497573899999999
  64.313613969441761   52.810933900000002
  66.344422519635614   58.776499399999999
  68.417538066866115   65.877872300000007
  70.533396765741841   72.808010100000004
  72.692434770871515   81.105637299999998
  74.895088236863714   90.335927900000002
  77.141793318327004  101.281410100000002
  79.432986169870119  113.836908100000002
  81.769102946101640  129.505152699999996
  84.150579801630130  149.150984899999997
  86.577852891064325  169.557207900000009


# temperature   90.000000000000000
#   -0.000282548031297    0.081942125797346   -8.904805467811608  430.903184300372970 -7768.925155709664068
  62.324676261675947   55.689549900000003
  64.313613969441761   61.390971100000002
  66.344422519635614   67.740373199999993
  68.417538066866115   75.223802699999993
  70.533396765741841   82.473537600000000
  72.692434770871515   91.096332799999999
  74.895088236863714  100.626412500000001
  77.141793318327004  111.855875800000007
  79.432986169870119  124.659873899999994
  81.769102946101640  140.554336400000011
  84.150579801630130  160.395547200000010
  86.577852891064325  180.305584500000009


# temperature  100.000000000000000
#   -0.000285266809290    0.082802566475106   -9.004153146621269  435.715117804825752 -7846.043292489698615
  62.324676261675947   63.510160399999997
  64.313613969441761   69.520028800000006
  66.344422519635614   76.170712699999996
  68.417538066866115   83.949946299999993
  70.533396765741841   91.444563299999999
  72.692434770871515  100.313970999999995
  74.895088236863714  110.069326899999993
  77.141793318327004  121.510229699999996
  79.432986169870119  134.497756299999992
  81.769102946101640  150.558109199999990
  84.150579801630130  170.541779700000006
  86.577852891064325  189.975145400000002


# temperature  110.000000000000000
#   -0.000287164776504    0.083389827615629   -9.069845931094717  438.736463665152428 -7889.350670661100594
  62.324676261675947   70.942345799999998
  64.313613969441761   77.199380599999998
  66.344422519635614   84.089122300000000
  68.417538066866115   92.100595299999995
  70.533396765741841   99.785934999999995
  72.692434770871515  108.845921200000006
  74.895088236863714  118.774154800000005
  77.141793318327004  130.376197200000007
  79.432986169870119  143.502748900000000
  81.769102946101640  159.688105199999995
  84.150579801630130  179.778671199999991
  86.577852891064325  198.758771700000011


# temperature  120.000000000000000
#   -0.000288449487880    0.083777610070121   -9.111583076661585  440.520788420222686 -7910.203707707702051
  62.324676261675947   77.991356600000003
  64.313613969441761   84.448333399999996
  66.344422519635614   91.529950499999998
  68.417538066866115   99.726283300000006
  70.533396765741841  107.562484200000000
  72.692434770871515  116.772307799999993
  74.895088236863714  126.835729700000002
  77.141793318327004  138.563112700000005
  79.432986169870119  151.797304800000006
  81.769102946101640  168.079057699999993
  84.150579801630130  188.251792300000005
  86.577852891064325  206.802743999999990


# temperature  130.000000000000000
#   -0.000289298612359    0.084026121885610   -9.136942932625363  441.482773040909592 -7916.767391042980307
  62.324676261675947   84.673887800000003
  64.313613969441761   91.294201999999999
  66.344422519635614   98.531583800000007
  68.417538066866115  106.876995899999997
  70.533396765741841  114.834250499999996
  72.692434770871515  124.163733100000002
  74.895088236863714  134.334657499999992
  77.141793318327004  146.161297100000013
  79.432986169870119  159.480422400000009
  81.769102946101640  175.837999300000007
  84.150579801630130  196.075205600000004
  86.577852891064325  214.220383900000002


# temperature  140.000000000000000
#   -0.000289845706298    0.084179533953897   -9.151345204467715  441.911004561207392 -7914.548810659920491
  62.324676261675947   91.011902899999995
  64.313613969441761   97.766950499999993
  66.344422519635614  105.132163399999996
  68.417538066866115  113.599267400000002
  70.533396765741841  121.654938999999999
  72.692434770871515  131.081332500000002
  74.895088236863714  141.339026399999995
  77.141793318327004  153.245514399999990
  79.432986169870119  166.632769800000005
  81.769102946101640  183.051019400000001
  84.150579801630130  203.339712899999995
  86.577852891064325  221.101129700000001


# temperature  150.000000000000000
#   -0.000290185890093    0.084268793034737   -9.158517076586307  441.999603311320755 -7907.145251110077879
  62.324676261675947   97.029186100000004
  64.313613969441761  103.896409500000004
  66.344422519635614  111.367604400000005
  68.417538066866115  119.935160300000007
  70.533396765741841  128.071803700000004
  72.692434770871515  137.577681799999993
  74.895088236863714  147.906346600000006
  77.141793318327004  159.877968799999991
  79.432986169870119  173.320671299999987
  81.769102946101640  189.788200399999994
  84.150579801630130  210.118646500000011
  86.577852891064325  227.516731099999987


# temperature  160.000000000000000
#   -0.000290385283674    0.084315132301987   -9.160975629560985  441.876964283589928 -7896.862913451028362
  62.324676261675947  102.749464399999994
  64.313613969441761  109.710904999999997
  66.344422519635614  117.270804200000001
  68.417538066866115  125.922132300000001
  70.533396765741841  134.126118600000012
  72.692434770871515  143.697933299999988
  74.895088236863714  154.085338500000006
  77.141793318327004  166.110751800000003
  79.432986169870119  179.599158600000010
  81.769102946101640  196.107241899999991
  84.150579801630130  216.472003500000000
  86.577852891064325  233.525580999999988


# temperature  170.000000000000000
#   -0.000290489397752    0.084332997166401   -9.160407566721478  441.627282722745122 -7885.160501659976035
  62.324676261675947  108.195430400000006
  64.313613969441761  115.236656699999997
  66.344422519635614  122.871452899999994
  68.417538066866115  131.593299900000005
  70.533396765741841  139.853846400000009
  72.692434770871515  149.480921800000004
  74.895088236863714  159.917463999999995
  77.141793318327004  171.987791799999997
  79.432986169870119  185.514300899999995
  81.769102946101640  202.056147699999997
  84.150579801630130  222.449448100000012
  86.577852891064325  239.175809399999991


# temperature  180.000000000000000
#   -0.000290529450154    0.084332184193707   -9.157938995189934  441.305427814376344 -7872.947304550180888
  62.324676261675947  113.388279900000001
  64.313613969441761  120.497588500000006
  66.344422519635614  128.196136999999993
  68.417538066866115  136.977856900000006
  70.533396765741841  145.286332700000003
  72.692434770871515  154.960152200000010
  74.895088236863714  165.438192799999996
  77.141793318327004  177.546394800000002
  79.432986169870119  191.104991600000005
  81.769102946101640  207.675240000000002
  84.150579801630130  228.092525499999994
  86.577852891064325  244.507537899999988


# temperature  190.000000000000000
#   -0.000290526844308    0.084319331355331   -9.154319980034167  440.946922091493093 -7860.778901565799970
  62.324676261675947  118.347537000000003
  64.313613969441761  125.515354799999997
  66.344422519635614  133.268575400000003
  68.417538066866115  142.101529099999993
  70.533396765741841  150.450951699999990
  72.692434770871515  160.164644699999997
  74.895088236863714  170.678036499999990
  77.141793318327004  182.818460499999986
  79.432986169870119  196.404326099999992
  81.769102946101640  212.998687799999999
  84.150579801630130  233.436321499999991
  86.577852891064325  249.554552000000001


# temperature  200.000000000000000
#   -0.000290496279140    0.084298938738144   -9.150049072384459  440.574562821879113 -7848.984395459074221
  62.324676261675947  123.091039899999998
  64.313613969441761  130.309471699999989
  66.344422519635614  138.109900900000014
  68.417538066866115  146.987012099999987
  70.533396765741841  155.371676799999989
  72.692434770871515  165.119643200000013
  74.895088236863714  175.663386599999995
  77.141793318327004  187.831444800000014
  79.432986169870119  201.440674400000006
  81.769102946101640  218.055679700000013
  84.150579801630130  238.510722600000008
  86.577852891064325  254.345561000000004


# temperature  210.000000000000000
#   -0.000290447845532    0.084274050821058   -9.145455704392296  440.202746682486236 -7837.748017863961650
  62.324676261675947  127.635010899999997
  64.313613969441761  134.897494899999998
  66.344422519635614  142.738947700000011
  68.417538066866115  151.654369599999995
  70.533396765741841  160.069572999999991
  72.692434770871515  169.847205500000001
  74.895088236863714  180.417194400000000
  77.141793318327004  192.609125400000011
  79.432986169870119  206.238522700000004
  81.769102946101640  222.871334800000000
  84.150579801630130  243.341386300000011
  86.577852891064325  258.905161200000009


# temperature  220.000000000000000
#   -0.000290388481150    0.084246724595468   -9.140755995287023  439.840353179856436 -7827.162385405325040
  62.324676261675947  131.994167000000004
  64.313613969441761  139.295209900000003
  66.344422519635614  147.172521399999994
  68.417538066866115  156.121383900000012
  70.533396765741841  164.563216000000011
  72.692434770871515  174.366691199999991
  74.895088236863714  184.959523300000001
  77.141793318327004  197.172215399999999
  79.432986169870119  210.819139000000007
  81.769102946101640  227.467416700000001
  84.150579801630130  247.950497100000007
  86.577852891064325  263.254581900000005


# temperature  230.000000000000000
#   -0.000290322947714    0.084218342440567   -9.136089768990797  439.492634933144814 -7817.262726074960483
  62.324676261675947  136.181847099999999
  64.313613969441761  143.516818699999988
  66.344422519635614  151.425645199999991
  68.417538066866115  160.403861500000005
  70.533396765741841  168.869046700000013
  72.692434770871515  178.695166300000011
  74.895088236863714  189.307999499999994
  77.141793318327004  201.538856600000003
  79.432986169870119  215.201105600000005
  81.769102946101640  231.862899499999997
  84.150579801630130  252.357361800000007
  86.577852891064325  267.412270999999976


# temperature  240.000000000000000
#   -0.000290254494434    0.084189822529740   -9.131545161041728  439.162454049890869 -7808.048680371916817
  62.324676261675947  140.210141599999986
  64.313613969441761  147.575114299999996
  66.344422519635614  155.511778099999987
  68.417538066866115  164.515895099999994
  70.533396765741841  173.001669499999991
  72.692434770871515  182.847738399999997
  74.895088236863714  193.478180900000012
  77.141793318327004  205.725020599999993
  79.432986169870119  219.400746300000009
  81.769102946101640  236.074420599999996
  84.150579801630130  256.578883700000006
  86.577852891064325  271.394358500000010


# temperature  250.000000000000000
#   -0.000290185324230    0.084161765832911   -9.127175659315977  438.851126570890301 -7799.498834347887168
  62.324676261675947  144.090016700000007
  64.313613969441761  151.481639199999989
  66.344422519635614  159.443007300000005
  68.417538066866115  168.470088199999992
  70.533396765741841  176.974104199999999
  72.692434770871515  186.837836299999992
  74.895088236863714  197.483860899999996
  77.141793318327004  209.744835399999999
  79.432986169870119  223.432474299999996
  81.769102946101640  240.116646300000014
  84.150579801630130  260.629943299999979
  86.577852891064325  275.215028000000018


# temperature  260.000000000000000
#   -0.000290116922054    0.084134558346418   -9.123011781333620  438.558989527022902 -7791.580145924170210
  62.324676261675947  147.831431000000009
  64.313613969441761  155.246826999999996
  66.344422519635614  163.230215100000009
  68.417538066866115  172.277747199999993
  70.533396765741841  180.797998699999994
  72.692434770871515  190.677442299999996
  74.895088236863714  201.337320099999999
  77.141793318327004  213.610854899999993
  79.432986169870119  227.309075500000006
  81.769102946101640  244.002568400000001
  84.150579801630130  264.523707100000024
  86.577852891064325  278.886816500000009


# temperature  270.000000000000000
#   -0.000290050244556    0.084108430233293   -9.119067777463341  438.285718187373277 -7784.252862634491976
  62.324676261675947  151.443440299999992
  64.313613969441761  158.880128899999988
  66.344422519635614  166.883224299999995
  68.417538066866115  175.949046000000010
  70.533396765741841  184.483808699999997
  72.692434770871515  194.377287800000005
  74.895088236863714  205.049535600000013
  77.141793318327004  217.334280799999988
  79.432986169870119  231.041942299999988
  81.769102946101640  247.743748799999992
  84.150579801630130  268.271879599999977
  86.577852891064325  282.420859300000018


# temperature  280.000000000000000
#   -0.000289985906449    0.084083513217512   -9.115348087387098  438.030632527713976 -7777.475414287152489
  62.324676261675947  154.934293800000006
  64.313613969441761  162.390123999999986
  66.344422519635614  170.410924200000011
  68.417538066866115  179.493166000000002
  70.533396765741841  188.040950199999997
  72.692434770871515  197.947017899999992
  74.895088236863714  208.630355799999990
  77.141793318327004  220.925147699999997
  79.432986169870119  234.641267199999987
  81.769102946101640  251.350519499999990
  84.150579801630130  271.884911499999987
  86.577852891064325  285.827090699999985


# temperature  290.000000000000000
#   -0.000289924263973    0.084059865391534   -9.111849970535818  437.792807857512457 -7771.205668962837080
  62.324676261675947  158.311518599999999
  64.313613969441761  165.784617200000014
  66.344422519635614  173.821379900000011
  68.417538066866115  182.918417000000005
  70.533396765741841  191.477928800000001
  72.692434770871515  201.395329599999997
  74.895088236863714  212.088647900000012
  77.141793318327004  224.392478000000011
  79.432986169870119  238.116204100000004
  81.769102946101640  254.832151199999998
  84.150579801630130  275.372171299999991
  86.577852891064325  289.114410299999975


# temperature  300.000000000000000
#   -0.000289865520107    0.084037503659621   -9.108567140284956  437.571245101332693 -7765.403565100305059
  62.324676261675947  161.581995699999993
  64.313613969441761  169.070724000000013
  66.344422519635614  177.121926599999995
  68.417538066866115  186.232340599999986
  70.533396765741841  194.802451100000013
  72.692434770871515  204.730090399999995
  74.895088236863714  215.432422000000003
  77.141793318327004  227.744412000000011
  79.432986169870119  241.475003700000002
  81.769102946101640  258.196991900000000
  84.150579801630130  278.742089899999996
  86.577852891064325  292.290821800000003


# temperature  310.000000000000000
#   -0.000289809734146    0.084016405813603   -9.105489823390158  437.364857077985675 -7760.030278164143056
  62.324676261675947  164.752027300000009
  64.313613969441761  172.254945899999996
  66.344422519635614  180.319252199999994
  68.417538066866115  189.441799000000003
  70.533396765741841  198.021519299999994
  72.692434770871515  207.958438300000012
  74.895088236863714  218.668937000000000
  77.141793318327004  230.988318399999997
  79.432986169870119  244.725127799999996
  81.769102946101640  261.452585699999986
  84.150579801630130  282.002280499999983
  86.577852891064325  295.363548700000024


# temperature  320.000000000000000
#   -0.000289756916157    0.083996538933154   -9.102607879614769  437.172613479382846 -7755.050505130197052
  62.324676261675947  167.827395999999993
  64.313613969441761  175.343235600000014
  66.344422519635614  183.419468300000005
  68.417538066866115  192.553052900000012
  70.533396765741841  201.141512599999999
  72.692434770871515  211.086868299999992
  74.895088236863714  221.804789999999997
  77.141793318327004  234.130887900000005
  79.432986169870119  247.873345699999987
  81.769102946101640  264.605771800000014
  84.150579801630130  285.159641299999976
  86.577852891064325  298.339132500000005


# temperature  330.000000000000000
#   -0.000289706978571    0.083977844612258   -9.099909061477378  436.993445010003938 -7750.430335954793009
  62.324676261675947  170.813417799999996
  64.313613969441761  178.341055000000011
  66.344422519635614  186.428172700000005
  68.417538066866115  195.571827399999989
  70.533396765741841  204.168257799999992
  72.692434770871515  214.121305900000010
  74.895088236863714  224.845994100000013
  77.141793318327004  237.178212900000005
  79.432986169870119  250.925817400000000
  81.769102946101640  267.662769400000002
  84.150579801630130  288.220441499999993
  86.577852891064325  301.223515799999973


# temperature  340.000000000000000
#   -0.000289659832875    0.083960267313715   -9.097382067672431  436.826384135743467 -7746.139515540075990
  62.324676261675947  173.714988500000004
  64.313613969441761  181.253425700000008
  66.344422519635614  189.350504199999989
  68.417538066866115  198.503370399999994
  70.533396765741841  207.107089999999999
  72.692434770871515  217.067171099999996
  74.895088236863714  227.798044199999993
  77.141793318327004  240.135856700000005
  79.432986169870119  253.888163600000013
  81.769102946101640  270.629250300000024
  84.150579801630130  291.190395799999976
  86.577852891064325  304.022112999999990


# temperature  350.000000000000000
#   -0.000289615365503    0.083943747093679   -9.095015684893585  436.670516831103214 -7742.150328068179078
  62.324676261675947  176.536624899999993
  64.313613969441761  184.084973100000013
  66.344422519635614  192.191189500000007
  68.417538066866115  201.352503299999995
  70.533396765741841  209.962905799999987
  72.692434770871515  219.929433299999999
  74.895088236863714  230.665974500000004
  77.141793318327004  243.008912100000003
  79.432986169870119  256.765526799999975
  81.769102946101640  273.510400699999991
  84.150579801630130  294.074727300000006
  86.577852891064325  306.739870999999994


# temperature  360.000000000000000
#   -0.000289573432523    0.083928217681209   -9.092798500535819  436.524961600290169 -7738.436983237987079
  62.324676261675947  179.282501900000000
  64.313613969441761  186.839966500000003
  66.344422519635614  194.954585500000007
  68.417538066866115  204.123664700000006
  70.533396765741841  212.740209099999987
  72.692434770871515  222.712659800000012
  74.895088236863714  233.454408000000001
  77.141793318327004  245.802053000000001
  79.432986169870119  259.562623799999983
  81.769102946101640  276.310975199999973
  84.150579801630130  296.878222499999993
  86.577852891064325  309.381321599999978


# temperature  370.000000000000000
#   -0.000289533920255    0.083913624018809   -9.090720769949645  436.388954836688640 -7734.976985580511609
  62.324676261675947  181.956484499999988
  64.313613969441761  189.522353199999998
  66.344422519635614  197.644715899999994
  68.417538066866115  206.820949700000000
  70.533396765741841  215.443151499999999
  72.692434770871515  225.421057200000007
  74.895088236863714  236.167599899999999
  77.141793318327004  248.519578700000011
  79.432986169870119  262.283791099999974
  81.769102946101640  279.035343200000000
  84.150579801630130  299.605278399999975
  86.577852891064325  311.950626499999998


# temperature  380.000000000000000
#   -0.000289496672115    0.083899900751722   -9.088772027991567  436.261731153536971 -7731.748824518405854
  62.324676261675947  184.562157000000013
  64.313613969441761  192.135789200000005
  66.344422519635614  200.265303799999998
  68.417538066866115  209.448143299999998
  70.533396765741841  218.075567699999993
  72.692434770871515  228.058508100000012
  74.895088236863714  238.809475200000008
  77.141793318327004  251.165452600000009
  79.432986169870119  264.933024600000010
  81.769102946101640  281.687528999999984
  84.150579801630130  302.259943500000020
  86.577852891064325  314.451616199999989


# temperature  390.000000000000000
#   -0.000289461559228    0.083886992280119   -9.086943192225885  436.142618986471973 -7728.733531471713832
  62.324676261675947  187.102848399999999
  64.313613969441761  194.683667000000014
  66.344422519635614  202.819799999999987
  68.417538066866115  212.008751200000006
  70.533396765741841  220.641006400000009
  72.692434770871515  230.628603199999986
  74.895088236863714  241.383661700000005
  77.141793318327004  253.743336199999987
  79.432986169870119  267.514013999999975
  81.769102946101640  284.271247599999981
  84.150579801630130  304.845953599999973
  86.577852891064325  316.887824799999976


# temperature  400.000000000000000
#   -0.000289428431875    0.083874839011918   -9.085225093874472  436.030969572181618 -7725.913347062488356
  62.324676261675947  189.581656199999998
  64.313613969441761  197.169139400000006
  66.344422519635614  205.311408800000009
  68.417538066866115  214.506025399999999
  70.533396765741841  223.142757999999986
  72.692434770871515  233.134669699999989
  74.895088236863714  243.893519099999992
  77.141793318327004  256.256618600000024
  79.432986169870119  270.030173400000024
  81.769102946101640  286.789934899999992
  84.150579801630130  307.366763300000002
  86.577852891064325  319.262519100000020


# temperature  410.000000000000000
#   -0.000289397185219    0.083863395655583   -9.083610356413697  435.926240592762213 -7723.273059236049448
  62.324676261675947  192.001465800000005
  64.313613969441761  199.595140899999990
  66.344422519635614  207.743110500000000
  68.417538066866115  216.942988399999990
  70.533396765741841  225.583878400000003
  72.692434770871515  235.579796200000004
  74.895088236863714  246.342164599999990
  77.141793318327004  258.708443199999977
  79.432986169870119  272.484668100000022
  81.769102946101640  289.246775399999990
  84.150579801630130  309.825573200000008
  86.577852891064325  321.578725399999996


# temperature  420.000000000000000
#   -0.000289367697355    0.083852613581091   -9.082091511850628  435.827906166649370 -7720.798362836429988
  62.324676261675947  194.364969699999989
  64.313613969441761  201.964407599999987
  66.344422519635614  210.117681199999993
  68.417538066866115  219.322453800000005
  70.533396765741841  227.967211099999986
  72.692434770871515  237.966854699999999
  74.895088236863714  248.732495599999993
  77.141793318327004  261.101730299999986
  79.432986169870119  274.880437700000016
  81.769102946101640  291.644725800000003
  84.150579801630130  312.225354400000015
  86.577852891064325  323.839252199999976


# temperature  430.000000000000000
#   -0.000289339838566    0.083842443103927   -9.080661189064989  435.735461879033039 -7718.475844406290889
  62.324676261675947  196.674683700000003
  64.313613969441761  204.279493800000012
  66.344422519635614  212.437711000000007
  68.417538066866115  221.647044999999991
  70.533396765741841  230.295405499999987
  72.692434770871515  240.298520400000001
  74.895088236863714  251.067209700000006
  77.141793318327004  263.439197700000022
  79.432986169870119  277.220217199999979
  81.769102946101640  293.986536399999977
  84.150579801630130  314.568869899999981
  86.577852891064325  326.046710700000006


# temperature  440.000000000000000
#   -0.000289313521185    0.083832847776345   -9.079313633834806  435.648495486824402 -7716.294183095692460
  62.324676261675947  198.932961699999993
  64.313613969441761  206.542787800000013
  66.344422519635614  214.705620100000004
  68.417538066866115  223.919211499999989
  70.533396765741841  232.570934899999997
  72.692434770871515  242.577288799999991
  74.895088236863714  253.348822500000011
  77.141793318327004  265.723379299999976
  79.432986169870119  279.506555699999979
  81.769102946101640  296.274769400000025
  84.150579801630130  316.858693200000005
  86.577852891064325  328.203532699999982


# temperature  450.000000000000000
#   -0.000289288638846    0.083823786908888   -9.078042825489511  435.566596526267972 -7714.242510586851495
  62.324676261675947  201.142009099999996
  64.313613969441761  208.756525699999997
  66.344422519635614  216.923672799999991
  68.417538066866115  226.141244099999994
  70.533396765741841  234.796110700000014
  72.692434770871515  244.805491799999999
  74.895088236863714  255.579683600000010
  77.141793318327004  267.956640800000002
  79.432986169870119  281.741832499999987
  81.769102946101640  298.511816199999998
  84.150579801630130  319.097225700000024
  86.577852891064325  330.311986999999988


# temperature  460.000000000000000
#   -0.000289265107605    0.083815227079920   -9.076843666689740  435.489409775135755 -7712.311280598363737
  62.324676261675947  203.303894700000001
  64.313613969441761  210.922803700000003
  66.344422519635614  219.093990800000000
  68.417538066866115  228.315288100000004
  70.533396765741841  236.973096900000002
  72.692434770871515  246.985311499999995
  74.895088236863714  257.761990900000001
  77.141793318327004  270.141194400000018
  79.432986169870119  283.928271900000027
  81.769102946101640  300.699911900000018
  84.150579801630130  321.286711400000002
  86.577852891064325  332.374193199999979


# temperature  470.000000000000000
#   -0.000289242815694    0.083807127587880   -9.075710406603749  435.416559206546026 -7710.490885471351248
  62.324676261675947  205.420561399999997
  64.313613969441761  213.043589499999996
  66.344422519635614  221.218564700000002
  68.417538066866115  230.443354900000003
  70.533396765741841  239.103921799999995
  72.692434770871515  249.118792200000001
  74.895088236863714  259.897803199999998
  77.141793318327004  272.279111699999987
  79.432986169870119  286.067956400000014
  81.769102946101640  302.841148299999986
  84.150579801630130  323.429250299999978
  86.577852891064325  334.392134800000008


# temperature  480.000000000000000
#   -0.000289221690294    0.083799459789222   -9.074638726058586  435.347746996728233 -7708.773396411681460
  62.324676261675947  207.493836700000003
  64.313613969441761  215.120732500000003
  66.344422519635614  223.299264200000010
  68.417538066866115  232.527333599999992
  70.533396765741841  241.190489399999990
  72.692434770871515  251.207852400000007
  74.895088236863714  261.989051500000016
  77.141793318327004  274.372335500000020
  79.432986169870119  288.162838500000021
  81.769102946101640  304.937486600000000
  84.150579801630130  325.526810699999999
  86.577852891064325  336.367670400000009


# temperature  490.000000000000000
#   -0.000289201672749    0.083792200087096   -9.073624992998395  435.282718135807329 -7707.151922567614747
  62.324676261675947  209.525440599999996
  64.313613969441761  217.155972800000001
  66.344422519635614  225.337848000000008
  68.417538066866115  234.568999600000012
  70.533396765741841  243.234588699999989
  72.692434770871515  253.254294399999992
  74.895088236863714  264.037549700000000
  77.141793318327004  276.422689999999989
  79.432986169870119  290.214751100000001
  81.769102946101640  306.990767399999982
  84.150579801630130  327.581239700000026
  86.577852891064325  338.302544000000012


# temperature  500.000000000000000
#   -0.000289182693467    0.083785321881264   -9.072665300952307  435.221209638633923 -7705.619606793815365
  62.324676261675947  211.516994399999987
  64.313613969441761  219.150949900000001
  66.344422519635614  227.335972099999992
  68.417538066866115  236.570024399999994
  70.533396765741841  245.237903299999999
  72.692434770871515  255.259813400000013
  74.895088236863714  266.045003500000007
  77.141793318327004  278.431890300000020
  79.432986169870119  292.225417300000004
  81.769102946101640  309.002720699999998
  84.150579801630130  329.594273100000009
  86.577852891064325  340.198394599999972


# temperature  510.000000000000000
#   -0.000289164669782    0.083778795561288   -9.071755534450496  435.162956663643627 -7704.169780486560740
  62.324676261675947  213.470027899999991
  64.313613969441761  221.107209500000010
  66.344422519635614  229.295197400000006
  68.417538066866115  238.531982999999997
  70.533396765741841  247.202019400000012
  72.692434770871515  257.226006199999972
  74.895088236863714  268.013018900000020
  77.141793318327004  280.401550900000018
  79.432986169870119  294.196458699999994
  81.769102946101640  310.974974499999973
  84.150579801630130  331.567544199999986
  86.577852891064325  342.056763699999976


# temperature  520.000000000000000
#   -0.000289147536483    0.083772596913813   -9.070892224007801  435.107730400472121 -7702.796575795647186
  62.324676261675947  215.385985699999992
  64.313613969441761  223.026211399999994
  66.344422519635614  231.216997099999986
  68.417538066866115  240.456361200000003
  70.533396765741841  249.128432599999996
  72.692434770871515  259.154378199999996
  74.895088236863714  269.943109900000024
  77.141793318327004  282.333193499999993
  79.432986169870119  296.129403299999979
  81.769102946101640  312.909062399999982
  84.150579801630130  333.502591399999972
  86.577852891064325  343.879103499999985


# temperature  530.000000000000000
#   -0.000289131259968    0.083766711542681   -9.070073059374179  435.055364247956902 -7701.495418027890992
  62.324676261675947  217.266233800000009
  64.313613969441761  224.909334900000005
  66.344422519635614  233.102763000000010
  68.417538066866115  242.344562200000013
  70.533396765741841  251.018555200000009
  72.692434770871515  261.046350399999994
  74.895088236863714  271.836705300000006
  77.141793318327004  284.228253699999982
  79.432986169870119  298.025692900000024
  81.769102946101640  314.806431200000020
  84.150579801630130  335.400865800000020
  86.577852891064325  345.666783599999974


# temperature  540.000000000000000
#   -0.000289115775870    0.083761116282506   -9.069294817661051  435.005651324361452 -7700.261124733018733
  62.324676261675947  219.112065000000001
  64.313613969441761  226.757884700000005
  66.344422519635614  234.953811300000012
  68.417538066866115  244.197912500000001
  70.533396765741841  252.873722100000009
  72.692434770871515  262.903265700000020
  74.895088236863714  273.695154699999989
  77.141793318327004  286.088087599999994
  79.432986169870119  299.886688699999979
  81.769102946101640  316.668447099999980
  84.150579801630130  337.263737499999991
  86.577852891064325  347.421096799999987


# temperature  550.000000000000000
#   -0.000289101035494    0.083755793011046   -9.068554896082732  434.958419635070243 -7699.089278983235090
  62.324676261675947  220.924703499999993
  64.313613969441761  228.573096700000008
  66.344422519635614  236.771387800000014
  68.417538066866115  246.017667499999988
  70.533396765741841  254.695196199999998
  72.692434770871515  264.726394099999993
  74.895088236863714  275.519734700000015
  77.141793318327004  287.913977600000010
  79.432986169870119  301.713677899999993
  81.769102946101640  318.496401300000002
  84.150579801630130  339.092501400000003
  86.577852891064325  349.143264999999985


# temperature  560.000000000000000
#   -0.000289086999446    0.083750726716301   -9.067851092915321  434.913520984734930 -7697.976015247274518
  62.324676261675947  222.705310499999996
  64.313613969441761  230.356141799999989
  66.344422519635614  238.556672999999989
  68.417538066866115  247.805016400000000
  70.533396765741841  256.484173499999997
  72.692434770871515  266.516938299999993
  74.895088236863714  277.311653799999988
  77.141793318327004  289.707137299999999
  79.432986169870119  303.507878699999992
  81.769102946101640  320.291515899999979
  84.150579801630130  340.888382700000022
  86.577852891064325  350.834444299999973


# temperature  570.000000000000000
#   -0.000289073616824    0.083745899132195   -9.067180875479249  434.870793459222455 -7696.917296399943552
  62.324676261675947  224.454987700000004
  64.313613969441761  232.108130999999986
  66.344422519635614  240.310786600000000
  68.417538066866115  249.561086700000004
  70.533396765741841  258.241787699999975
  72.692434770871515  268.276038099999994
  74.895088236863714  279.072056999999973
  77.141793318327004  291.468716700000016
  79.432986169870119  305.270444899999973
  81.769102946101640  322.054948400000001
  84.150579801630130  342.652541999999983
  86.577852891064325  352.495729499999982


# temperature  580.000000000000000
#   -0.000289060860336    0.083741299164142   -9.066542538314724  434.830118432461120 -7695.909960876056175
  62.324676261675947  226.174781300000006
  64.313613969441761  233.830119400000001
  66.344422519635614  242.034791100000007
  68.417538066866115  251.286948300000006
  70.533396765741841  259.969114499999989
  72.692434770871515  270.004774699999984
  74.895088236863714  280.802030399999978
  77.141793318327004  293.199806099999989
  79.432986169870119  307.002470700000003
  81.769102946101640  323.787796200000003
  84.150579801630130  344.386079400000028
  86.577852891064325  354.128158400000018


# temperature  590.000000000000000
#   -0.000289048682547    0.083736910245686   -9.065933837918923  434.791355217781359 -7694.950551397063464
  62.324676261675947  227.865686100000005
  64.313613969441761  235.523109299999987
  66.344422519635614  243.729696300000001
  68.417538066866115  252.983617600000002
  70.533396765741841  261.667175499999985
  72.692434770871515  271.704174700000010
  74.895088236863714  282.502605099999982
  77.141793318327004  294.901440799999989
  79.432986169870119  308.704994600000020
  81.769102946101640  325.491100700000004
  84.150579801630130  346.090038800000002
  86.577852891064325  355.732715900000017


# temperature  600.000000000000000
#   -0.000289037048934    0.083732719626742   -9.065352961545205  434.754385446269168 -7694.036066137266971
  62.324676261675947  229.528648400000009
  64.313613969441761  237.188054099999988
  66.344422519635614  245.396462200000002
  68.417538066866115  254.652060699999993
  70.533396765741841  263.336941599999989
  72.692434770871515  273.375213799999983
  74.895088236863714  284.174760900000024
  77.141793318327004  296.574604099999988
  79.432986169870119  310.379003200000000
  81.769102946101640  327.165851200000020
  84.150579801630130  347.765411700000016
  86.577852891064325  357.310337100000027


# temperature  610.000000000000000
#   -0.000289025945788    0.083728720893350   -9.064798826334915  434.719128716072987 -7693.164262430005692
  62.324676261675947  231.164568900000006
  64.313613969441761  238.825861400000008
  66.344422519635614  247.036002300000007
  68.417538066866115  256.293196700000010
  70.533396765741841  264.979336499999988
  72.692434770871515  275.018819800000017
  74.895088236863714  285.819429300000024
  77.141793318327004  298.220231000000013
  79.432986169870119  312.025434299999972
  81.769102946101640  328.812988099999984
  84.150579801630130  349.413140699999985
  86.577852891064325  358.861911000000021


# temperature  620.000000000000000
#   -0.000289015331945    0.083724899827402   -9.064269531617418  434.685467536747524 -7692.332294899531917
  62.324676261675947  232.774306200000012
  64.313613969441761  240.437395500000008
  66.344422519635614  248.649186799999995
  68.417538066866115  257.907900900000016
  70.533396765741841  266.595239400000025
  72.692434770871515  276.635875999999996
  74.895088236863714  287.437497099999973
  77.141793318327004  299.839211400000011
  79.432986169870119  313.645180299999993
  81.769102946101640  330.433406100000013
  84.150579801630130  351.034122500000024
  86.577852891064325  360.388283300000012


# temperature  630.000000000000000
#   -0.000289005159032    0.083721240099186   -9.063762952916116  434.653274548522575 -7691.537176403990998
  62.324676261675947  234.358678700000013
  64.313613969441761  242.023480799999987
  66.344422519635614  250.236844899999994
  68.417538066866115  259.497007300000007
  70.533396765741841  268.185488200000009
  72.692434770871515  278.227223700000025
  74.895088236863714  289.029808800000012
  77.141793318327004  301.432392699999980
  79.432986169870119  315.239091200000018
  81.769102946101640  332.027957300000025
  84.150579801630130  352.629210800000010
  86.577852891064325  361.890259099999980


# temperature  640.000000000000000
#   -0.000288995435313    0.083717742377540   -9.063278878292104  434.622518204326298 -7690.777729246115996
  62.324676261675947  235.918467499999991
  64.313613969441761  243.584903099999991
  66.344422519635614  251.799767500000002
  68.417538066866115  261.061311199999977
  70.533396765741841  269.750881699999979
  72.692434770871515  279.793665200000021
  74.895088236863714  290.597169500000007
  77.141793318327004  303.000582800000018
  79.432986169870119  316.807976900000028
  81.769102946101640  333.597453700000017
  84.150579801630130  354.199219299999982
  86.577852891064325  363.368605699999989


# temperature  650.000000000000000
#   -0.000288986124782    0.083714394302739   -9.062815671375677  434.593098619457578 -7690.051568724692515
  62.324676261675947  237.454418199999992
  64.313613969441761  245.122413300000005
  66.344422519635614  253.338709599999987
  68.417538066866115  262.601571700000022
  70.533396765741841  271.292182000000025
  72.692434770871515  281.335965699999974
  74.895088236863714  292.140347399999996
  77.141793318327004  304.544552000000010
  79.432986169870119  318.352610099999993
  81.769102946101640  335.142669399999988
  84.150579801630130  355.744923900000003
  86.577852891064325  364.824054699999976


# temperature  660.000000000000000
#   -0.000288977197080    0.083711185243516   -9.062371897858794  434.564926755729061 -7689.356539389203135
  62.324676261675947  238.967243499999995
  64.313613969441761  246.636728099999999
  66.344422519635614  254.854392100000013
  68.417538066866115  264.118513500000006
  70.533396765741841  272.810116900000025
  72.692434770871515  282.854855900000018
  74.895088236863714  293.660075399999982
  77.141793318327004  306.065035899999998
  79.432986169870119  319.873727900000006
  81.769102946101640  336.664343700000018
  84.150579801630130  357.267064899999980
  86.577852891064325  366.257304200000021


# temperature  670.000000000000000
#   -0.000288968640267    0.083708110369834   -9.061946809543349  434.537949816550622 -7688.691210786749252
  62.324676261675947  240.457624600000003
  64.313613969441761  248.128533000000004
  66.344422519635614  256.347504399999991
  68.417538066866115  265.612829299999987
  70.533396765741841  274.305381899999986
  72.692434770871515  284.351033900000004
  74.895088236863714  295.157054099999982
  77.141793318327004  307.562736900000004
  79.432986169870119  321.372034799999994
  81.769102946101640  338.163182300000017
  84.150579801630130  358.766349499999990
  86.577852891064325  367.669020900000021


# temperature  680.000000000000000
#   -0.000288960439699    0.083705163862597   -9.061539533253953  434.512108536634230 -7688.054039822091909
  62.324676261675947  241.926213399999995
  64.313613969441761  249.598483799999997
  66.344422519635614  257.818705500000021
  68.417538066866115  267.085181599999999
  70.533396765741841  275.778641999999991
  72.692434770871515  285.825167099999987
  74.895088236863714  296.631953099999976
  77.141793318327004  309.038326499999982
  79.432986169870119  322.848203800000022
  81.769102946101640  339.639859800000011
  84.150579801630130  360.243453400000021
  86.577852891064325  369.059842100000026


# temperature  690.000000000000000
#   -0.000288952557710    0.083702333330331   -9.061148500863405  434.487311586632131 -7687.442944853676636
  62.324676261675947  243.373634000000010
  64.313613969441761  251.047207799999995
  66.344422519635614  259.268626400000016
  68.417538066866115  268.536204100000020
  70.533396765741841  277.230533200000025
  72.692434770871515  287.277893899999981
  74.895088236863714  298.085412700000006
  77.141793318327004  310.492447099999993
  79.432986169870119  324.302878799999974
  81.769102946101640  341.095021299999985
  84.150579801630130  361.699023099999977
  86.577852891064325  370.430376899999999


# temperature  700.000000000000000
#   -0.000288944996851    0.083699618358067   -9.060773478833902  434.463533710375714 -7686.857073975405910
  62.324676261675947  244.800484200000000
  64.313613969441761  252.475306399999994
  66.344422519635614  260.697871000000021
  68.417538066866115  269.966503699999976
  70.533396765741841  278.661664799999983
  72.692434770871515  288.709825599999988
  74.895088236863714  299.518046099999992
  77.141793318327004  311.925713400000006
  79.432986169870119  325.736675999999989
  81.769102946101640  342.529284399999995
  84.150579801630130  363.133676900000012
  86.577852891064325  371.781208499999991


# temperature  710.000000000000000
#   -0.000288937734545    0.083697011137734   -9.060413427031722  434.440711123993083 -7686.294899887559950
  62.324676261675947  246.207336800000007
  64.313613969441761  253.883355399999999
  66.344422519635614  262.107018299999993
  68.417538066866115  271.376661899999988
  70.533396765741841  280.072620200000017
  72.692434770871515  290.121547700000008
  74.895088236863714  300.930440400000009
  77.141793318327004  313.338714200000027
  79.432986169870119  327.150185399999998
  81.769102946101640  343.943240100000025
  84.150579801630130  364.548007100000007
  86.577852891064325  373.112894999999980


# temperature  720.000000000000000
#   -0.000288930748924    0.083694504254867   -9.060067372447998  434.418784750215991 -7685.755015328904847
  62.324676261675947  247.594741499999998
  64.313613969441761  255.271907199999987
  66.344422519635614  263.496623199999988
  68.417538066866115  272.767236099999991
  70.533396765741841  281.463958699999978
  72.692434770871515  291.513621199999989
  74.895088236863714  302.323158599999999
  77.141793318327004  314.732013699999982
  79.432986169870119  328.543972600000018
  81.769102946101640  345.337455200000022
  84.150579801630130  365.942581000000018
  86.577852891064325  374.425971399999980


# temperature  730.000000000000000
#   -0.000288924031916    0.083692094198539   -9.059734756159521  434.397715155984542 -7685.236368386384129
  62.324676261675947  248.963225499999993
  64.313613969441761  256.641491900000005
  66.344422519635614  264.867218200000025
  68.417538066866115  274.138760900000023
  70.533396765741841  282.836216700000023
  72.692434770871515  292.886584400000004
  74.895088236863714  303.696740100000000
  77.141793318327004  316.106153000000006
  79.432986169870119  329.918579500000021
  81.769102946101640  346.712472600000012
  84.150579801630130  367.317942700000003
  86.577852891064325  375.720950399999992


# temperature  740.000000000000000
#   -0.000288917570137    0.083689776237590   -9.059414927266586  434.377460779877140 -7684.737919072105797
  62.324676261675947  250.313295199999999
  64.313613969441761  257.992618100000016
  66.344422519635614  266.219314199999985
  68.417538066866115  275.491749599999991
  70.533396765741841  284.189909100000023
  72.692434770871515  294.240953600000012
  74.895088236863714  305.051702799999987
  77.141793318327004  317.461651000000018
  79.432986169870119  331.274526499999979
  81.769102946101640  348.068813499999976
  84.150579801630130  368.674614000000020
  86.577852891064325  376.998324000000025


# temperature  750.000000000000000
#   -0.000288911351857    0.083687545982109   -9.059107258341877  434.357980727605536 -7684.258637656464998
  62.324676261675947  251.645436700000005
  64.313613969441761  259.325774400000000
  66.344422519635614  267.553402000000006
  68.417538066866115  276.826694700000019
  70.533396765741841  285.525530199999992
  72.692434770871515  295.577224699999988
  74.895088236863714  306.388543900000002
  77.141793318327004  318.799006099999986
  79.432986169870119  332.612312700000018
  81.769102946101640  349.406977999999981
  84.150579801630130  370.013095899999996
  86.577852891064325  378.258564200000023


# temperature  760.000000000000000
#   -0.000288905370219    0.083685400717063   -9.058811334923764  434.339246048099142 -7683.797745576387570
  62.324676261675947  252.960117700000012
  64.313613969441761  260.641430599999978
  66.344422519635614  268.869953300000020
  68.417538066866115  278.144069800000011
  70.533396765741841  286.843554799999993
  72.692434770871515  296.895873900000026
  74.895088236863714  307.707740699999988
  77.141793318327004  320.118696800000009
  79.432986169870119  333.932417699999974
  81.769102946101640  350.727446600000007
  84.150579801630130  371.333869300000003
  86.577852891064325  379.502124400000014


# temperature  770.000000000000000
#   -0.000288899598438    0.083683331631928   -9.058526051341470  434.321193431681252 -7683.353834712689604
  62.324676261675947  254.257787400000012
  64.313613969441761  261.940038000000015
  66.344422519635614  270.169421399999976
  68.417538066866115  279.444329799999991
  70.533396765741841  288.144439299999988
  72.692434770871515  298.197358899999983
  74.895088236863714  309.009752199999980
  77.141793318327004  321.421183199999973
  79.432986169870119  335.235302300000001
  81.769102946101640  352.030680599999982
  84.150579801630130  372.637396400000000
  86.577852891064325  380.729440300000022


# temperature  780.000000000000000
#   -0.000288894036356    0.083681338131804   -9.058251246957639  434.303807660373934 -7682.926412511975286
  62.324676261675947  255.538878399999987
  64.313613969441761  263.222031000000015
  66.344422519635614  271.452242300000023
  68.417538066866115  280.727912600000025
  70.533396765741841  289.428622700000005
  72.692434770871515  299.482119899999987
  74.895088236863714  310.295019700000012
  77.141793318327004  322.706907399999977
  79.432986169870119  336.521409600000027
  81.769102946101640  353.317123900000013
  84.150579801630130  373.924121599999978
  86.577852891064325  381.940930499999979


# temperature  790.000000000000000
#   -0.000288888681811    0.083679418768798   -9.057986641384872  434.287066641452157 -7682.514848247872578
  62.324676261675947  256.803806800000018
  64.313613969441761  264.487827600000003
  66.344422519635614  272.718835700000000
  68.417538066866115  281.995239200000015
  70.533396765741841  290.696527399999979
  72.692434770871515  300.750580399999990
  74.895088236863714  311.563967600000012
  77.141793318327004  323.976294900000028
  79.432986169870119  337.791165599999999
  81.769102946101640  354.587203400000021
  84.150579801630130  375.194472399999995
  86.577852891064325  383.136998000000006


# temperature  800.000000000000000
#   -0.000288883514498    0.083677567012017   -9.057731425888216  434.270924223645977 -7682.118109001785342
  62.324676261675947  258.052973599999973
  64.313613969441761  265.737830299999985
  66.344422519635614  273.969605600000023
  68.417538066866115  283.246715199999983
  70.533396765741841  291.948559900000021
  72.692434770871515  302.003148099999976
  74.895088236863714  312.817004600000018
  77.141793318327004  325.229755000000011
  79.432986169870119  339.044980599999974
  81.769102946101640  355.841329799999983
  84.150579801630130  376.448859900000002
  86.577852891064325  384.318030299999975


# temperature  810.000000000000000
#   -0.000288878533215    0.083675781885887   -9.057485396499033  434.255363509510687 -7681.735693902229286
  62.324676261675947  259.286764699999992
  64.313613969441761  266.972426900000016
  66.344422519635614  275.204941200000007
  68.417538066866115  284.482730899999979
  70.533396765741841  293.185111800000016
  72.692434770871515  303.240215499999977
  74.895088236863714  314.054524000000015
  77.141793318327004  326.467682000000025
  79.432986169870119  340.283249500000011
  81.769102946101640  357.079898599999979
  84.150579801630130  377.687680300000011
  86.577852891064325  385.484400600000015


# temperature  820.000000000000000
#   -0.000288873708373    0.083674054179266   -9.057247459348448  434.240325229094537 -7681.366353902117226
  62.324676261675947  260.505552599999987
  64.313613969441761  268.191990900000008
  66.344422519635614  276.425217599999996
  68.417538066866115  285.703662699999995
  70.533396765741841  294.406560399999989
  72.692434770871515  304.462160900000015
  74.895088236863714  315.276904999999999
  77.141793318327004  327.690455799999995
  79.432986169870119  341.506352699999979
  81.769102946101640  358.303290899999979
  84.150579801630130  378.911315000000002
  86.577852891064325  386.636468400000012


# temperature  830.000000000000000
#   -0.000288869063446    0.083672390145814   -9.057018203868330  434.225831258661628 -7681.010303152478627
  62.324676261675947  261.709696000000008
  64.313613969441761  269.396882699999992
  66.344422519635614  277.630796299999986
  68.417538066866115  286.909873399999981
  70.533396765741841  295.613269199999991
  72.692434770871515  305.669348800000023
  74.895088236863714  316.484512900000027
  77.141793318327004  328.898442400000022
  79.432986169870119  342.714656999999988
  81.769102946101640  359.511873799999989
  84.150579801630130  380.120131599999979
  86.577852891064325  387.774580000000014


# temperature  840.000000000000000
#   -0.000288864570759    0.083670781288153   -9.056796634927204  434.211828385055412 -7680.666432957802499
  62.324676261675947  262.899541199999987
  64.313613969441761  270.587449900000024
  66.344422519635614  278.822026100000016
  68.417538066866115  288.101712700000007
  70.533396765741841  296.805589199999986
  72.692434770871515  306.862130799999989
  74.895088236863714  317.677700000000016
  77.141793318327004  330.091994800000009
  79.432986169870119  343.908515700000009
  81.769102946101640  360.706001300000025
  84.150579801630130  381.314484499999992
  86.577852891064325  388.899069600000018


# temperature  850.000000000000000
#   -0.000288860219509    0.083669223869940   -9.056582257747483  434.198286647935504 -7680.334039055116591
  62.324676261675947  264.075422300000014
  64.313613969441761  271.764027899999974
  66.344422519635614  279.999243400000012
  68.417538066866115  289.279518399999972
  70.533396765741841  297.983858600000019
  72.692434770871515  308.040846100000010
  74.895088236863714  318.856806199999994
  77.141793318327004  331.271453500000007
  79.432986169870119  345.088270000000023
  81.769102946101640  361.886014999999986
  84.150579801630130  382.494715699999972
  86.577852891064325  390.010259200000007


# temperature  860.000000000000000
#   -0.000288856032206    0.083667724136955   -9.056375695775127  434.185231613794656 -7680.013449402433253
  62.324676261675947  265.237662100000023
  64.313613969441761  272.926940399999978
  66.344422519635614  281.162773200000004
  68.417538066866115  290.443616099999986
  70.533396765741841  299.148404000000028
  72.692434770871515  309.205822000000012
  74.895088236863714  320.022159400000021
  77.141793318327004  332.437147100000004
  79.432986169870119  346.254248899999993
  81.769102946101640  363.052244299999984
  84.150579801630130  383.661155000000008
  86.577852891064325  391.108459600000003


# temperature  870.000000000000000
#   -0.000288851974338    0.083666271447142   -9.056175707196910  434.172597844520624 -7679.703338407112824
  62.324676261675947  266.386572100000024
  64.313613969441761  274.076500099999976
  66.344422519635614  282.312929100000019
  68.417538066866115  291.594320600000003
  70.533396765741841  300.299540900000011
  72.692434770871515  310.357374600000014
  74.895088236863714  321.174076500000012
  77.141793318327004  333.589392900000007
  79.432986169870119  347.406770300000005
  81.769102946101640  364.205007400000000
  84.150579801630130  384.814120899999978
  86.577852891064325  392.193970999999976


# temperature  880.000000000000000
#   -0.000288848042259    0.083664864372180   -9.055982076455944  434.160370473318835 -7679.403311495678281
  62.324676261675947  267.522453400000018
  64.313613969441761  275.213009300000010
  66.344422519635614  283.450014399999986
  68.417538066866115  292.731935799999974
  70.533396765741841  301.437573900000018
  72.692434770871515  311.495809199999997
  74.895088236863714  322.312863300000004
  77.141793318327004  334.728497199999993
  79.432986169870119  348.546140799999989
  81.769102946101640  365.344611600000007
  84.150579801630130  385.953920999999980
  86.577852891064325  393.267083200000002


# temperature  890.000000000000000
#   -0.000288844240875    0.083663503934106   -9.055794852378030  434.148547407049080 -7679.113208411473352
  62.324676261675947  268.645597199999997
  64.313613969441761  276.336759799999982
  66.344422519635614  284.574321699999985
  68.417538066866115  293.856755500000020
  70.533396765741841  302.562797400000022
  72.692434770871515  312.621420899999976
  74.895088236863714  323.438815400000010
  77.141793318327004  335.854756099999975
  79.432986169870119  349.672657099999981
  81.769102946101640  366.471353700000009
  84.150579801630130  387.080852400000026
  86.577852891064325  394.328076099999976


# temperature  900.000000000000000
#   -0.000288840564453    0.083662188158685   -9.055613769310314  434.137112005330266 -7678.832619596842051
  62.324676261675947  269.756284699999981
  64.313613969441761  277.448034199999995
  66.344422519635614  285.686134499999980
  68.417538066866115  294.969063699999992
  70.533396765741841  303.675496000000010
  72.692434770871515  313.734494900000016
  74.895088236863714  324.552218400000015
  77.141793318327004  336.968455899999981
  79.432986169870119  350.786605800000018
  81.769102946101640  367.585520599999995
  84.150579801630130  388.195202499999994
  86.577852891064325  395.377220299999976


# temperature  910.000000000000000
#   -0.000288837001384    0.083660913226322   -9.055438347816461  434.126036813351845 -7678.560934473631278
  62.324676261675947  270.854788400000018
  64.313613969441761  278.547105499999986
  66.344422519635614  286.785726699999998
  68.417538066866115  296.069134899999995
  70.533396765741841  304.775944900000013
  72.692434770871515  314.835307000000000
  74.895088236863714  325.653348800000003
  77.141793318327004  338.069873299999983
  79.432986169870119  351.888263800000004
  81.769102946101640  368.687389900000028
  84.150579801630130  389.297248799999977
  86.577852891064325  396.414777599999979


# temperature  920.000000000000000
#   -0.000288833549897    0.083659678369529   -9.055268461258809  434.115312413729669 -7678.297887534647998
  62.324676261675947  271.941371500000002
  64.313613969441761  279.634237999999982
  66.344422519635614  287.873363199999972
  68.417538066866115  297.157235099999980
  70.533396765741841  305.864410599999985
  72.692434770871515  315.924123899999984
  74.895088236863714  326.742473800000027
  77.141793318327004  339.159275999999977
  79.432986169870119  352.977899400000013
  81.769102946101640  369.777229700000021
  84.150579801630130  390.387260000000026
  86.577852891064325  397.441000900000006


# temperature  930.000000000000000
#   -0.000288830209565    0.083658483150299   -9.055104013098401  434.104930625473969 -7678.043233243648501
  62.324676261675947  273.016289299999983
  64.313613969441761  280.709687499999973
  66.344422519635614  288.949300600000015
  68.417538066866115  298.233621299999982
  70.533396765741841  306.941150600000014
  72.692434770871515  317.001203999999973
  74.895088236863714  327.819852000000026
  77.141793318327004  340.236923100000013
  79.432986169870119  354.055771900000025
  81.769102946101640  370.855300000000000
  84.150579801630130  391.465495999999973
  86.577852891064325  398.456135300000028


# temperature  940.000000000000000
#   -0.000288826966334    0.083657323088015   -9.054944459418657  434.094861426157706 -7677.796330370206306
  62.324676261675947  274.079788699999995
  64.313613969441761  281.773701800000026
  66.344422519635614  290.013787299999990
  68.417538066866115  299.298542600000019
  70.533396765741841  308.006414399999983
  72.692434770871515  318.066797199999996
  74.895088236863714  328.885733899999991
  77.141793318327004  341.303065199999992
  79.432986169870119  355.122132299999976
  81.769102946101640  371.921851899999979
  84.150579801630130  392.532208599999990
  86.577852891064325  399.460417600000028


# temperature  950.000000000000000
#   -0.000288823812709    0.083656195746322   -9.054789494497244  434.085087076636114 -7677.556774129046062
  62.324676261675947  275.132108800000026
  64.313613969441761  282.826520800000026
  66.344422519635614  291.067063899999994
  68.417538066866115  300.352240199999983
  70.533396765741841  309.060443799999973
  72.692434770871515  319.121145599999977
  74.895088236863714  329.940361900000028
  77.141793318327004  342.357945400000006
  79.432986169870119  356.177223900000001
  81.769102946101640  372.977128900000025
  84.150579801630130  393.587641099999985
  86.577852891064325  400.454077400000017


# temperature  960.000000000000000
#   -0.000288820763359    0.083655105204596   -9.054639528710124  434.075624754176033 -7677.324798190956244
  62.324676261675947  276.173481499999980
  64.313613969441761  283.868376800000021
  66.344422519635614  292.109363400000007
  68.417538066866115  301.394947699999989
  70.533396765741841  310.103472800000020
  72.692434770871515  320.164483700000005
  74.895088236863714  330.983970899999974
  77.141793318327004  343.401798699999972
  79.432986169870119  357.221281999999974
  81.769102946101640  374.021366800000010
  84.150579801630130  394.632029699999975
  86.577852891064325  401.437337099999979


# temperature  970.000000000000000
#   -0.000288817802741    0.083654046556512   -9.054493974149263  434.066442541826405 -7677.099734750530843
  62.324676261675947  277.204131599999982
  64.313613969441761  284.899495399999978
  66.344422519635614  293.140911899999992
  68.417538066866115  302.426891500000011
  70.533396765741841  311.135728299999982
  72.692434770871515  321.197038799999973
  74.895088236863714  332.016788700000006
  77.141793318327004  344.434853200000020
  79.432986169870119  358.254535099999998
  81.769102946101640  375.054794099999981
  84.150579801630130  395.665603099999998
  86.577852891064325  402.410412000000008


# temperature  980.000000000000000
#   -0.000288814933159    0.083653020316882   -9.054352858843782  434.057539567564731 -7676.881502160911623
  62.324676261675947  278.224276799999984
  64.313613969441761  285.920095000000003
  66.344422519635614  294.161928199999977
  68.417538066866115  303.448291299999994
  70.533396765741841  312.157430200000022
  72.692434770871515  322.219031200000018
  74.895088236863714  333.039035699999999
  77.141793318327004  345.457329899999991
  79.432986169870119  359.277204200000028
  81.769102946101640  376.077632100000017
  84.150579801630130  396.688582699999984
  86.577852891064325  403.373510899999985


# temperature  990.000000000000000
#   -0.000288812147434    0.083652024231809   -9.054215909994040  434.048900547213236 -7676.669762242073375
  62.324676261675947  279.234128499999997
  64.313613969441761  286.930387300000007
  66.344422519635614  295.172624799999994
  68.417538066866115  304.459359800000016
  70.533396765741841  313.168791800000008
  72.692434770871515  323.230674500000021
  74.895088236863714  334.050926000000004
  77.141793318327004  346.469442899999990
  79.432986169870119  360.289503900000000
  81.769102946101640  377.090095599999984
  84.150579801630130  397.701183599999979
  86.577852891064325  404.326836300000025


# temperature 1000.000000000000000
#   -0.000288809448162    0.083651058777153   -9.054083137439338  434.040523073553402 -7676.464395147428149
  62.324676261675947  280.233891799999981
  64.313613969441761  287.930578200000014
  66.344422519635614  296.173207900000023
  68.417538066866115  305.460303599999975
  70.533396765741841  314.170020000000022
  72.692434770871515  324.232175999999981
  74.895088236863714  335.052667199999973
  77.141793318327004  347.471400000000017
  79.432986169870119  361.291642299999978
  81.769102946101640  378.092392800000027
  84.150579801630130  398.703614099999982
  86.577852891064325  405.270584400000018


