   0.000000000000000        -0.005686675570171
  10.000000000000000        -0.005689503189371
  20.000000000000000        -0.005677370599944
  30.000000000000000        -0.005624129132747
  40.000000000000000        -0.005532732953309
  50.000000000000000        -0.005412397398779
  60.000000000000000        -0.005270932455515
  70.000000000000000        -0.005113871010899
  80.000000000000000        -0.004944962530617
  90.000000000000000        -0.004766743178808
 100.000000000000000        -0.004580951467024
 110.000000000000000        -0.004388801809430
 120.000000000000000        -0.004191158079856
 130.000000000000000        -0.003988645423777
 140.000000000000000        -0.003781722818800
 150.000000000000000        -0.003570731059595
 160.000000000000000        -0.003355925213857
 170.000000000000000        -0.003137496820806
 180.000000000000000        -0.002915589323685
 190.000000000000000        -0.002690309655081
 200.000000000000000        -0.002461736085114
 210.000000000000000        -0.002229924142300
 220.000000000000000        -0.001994910681257
 230.000000000000000        -0.001756717821106
 240.000000000000000        -0.001515355360359
 250.000000000000000        -0.001270822612190
 260.000000000000000        -0.001023109172923
 270.000000000000000        -0.000772197811860
 280.000000000000000        -0.000518063899776
 290.000000000000000        -0.000260676762322
 300.000000000000000         0.000000000000000
 310.000000000000000         0.000264008089156
 320.000000000000000         0.000531393514560
 330.000000000000000         0.000802207236260
 340.000000000000000         0.001076504579704
 350.000000000000000         0.001354344574681
 360.000000000000000         0.001635791233284
 370.000000000000000         0.001920911696117
 380.000000000000000         0.002209777959019
 390.000000000000000         0.002502465092955
 400.000000000000000         0.002799053267756
 410.000000000000000         0.003099625787003
 420.000000000000000         0.003404270964073
 430.000000000000000         0.003713080985845
 440.000000000000000         0.004026151976712
 450.000000000000000         0.004343586411212
 460.000000000000000         0.004665488703956
 470.000000000000000         0.004991970473185
 480.000000000000000         0.005323147322056
 490.000000000000000         0.005659140873591
 500.000000000000000         0.006000077515214
 510.000000000000000         0.006346089136982
 520.000000000000000         0.006697315222024
 530.000000000000000         0.007053900503388
 540.000000000000000         0.007415996504229
 550.000000000000000         0.007783761656541
 560.000000000000000         0.008157363051077
 570.000000000000000         0.008536973833478
 580.000000000000000         0.008922776808572
 590.000000000000000         0.009314963336627
 600.000000000000000         0.009713733663676
 610.000000000000000         0.010119298451627
 620.000000000000000         0.010531878822239
 630.000000000000000         0.010951706691950
 640.000000000000000         0.011379026321737
 650.000000000000000         0.011814094620187
 660.000000000000000         0.012257181332161
 670.000000000000000         0.012708572391193
 680.000000000000000         0.013168567096761
 690.000000000000000         0.013637482899366
 700.000000000000000         0.014115654291084
 710.000000000000000         0.014603434067591
 720.000000000000000         0.015101197590395
 730.000000000000000         0.015609340224995
 740.000000000000000         0.016128281857026
 750.000000000000000         0.016658467939404
 760.000000000000000         0.017200371433655
 770.000000000000000         0.017754495212347
 780.000000000000000         0.018321374686647
 790.000000000000000         0.018901579268312
 800.000000000000000         0.019495717865757
 810.000000000000000         0.020104440987699
 820.000000000000000         0.020728443538391
 830.000000000000000         0.021368468813083
 840.000000000000000         0.022025316376735
 850.000000000000000         0.022699842940423
 860.000000000000000         0.023392973697825
 870.000000000000000         0.024105698862119
 880.000000000000000         0.024839095097727
 890.000000000000000         0.025594322567376
 900.000000000000000         0.026372635303486
 910.000000000000000         0.027175399094121
 920.000000000000000         0.028004098233935
 930.000000000000000         0.028860350687637
 940.000000000000000         0.029745917886451
 950.000000000000000         0.030662737923864
 960.000000000000000         0.031612927499911
 970.000000000000000         0.032598830881293
 980.000000000000000         0.033623019699823
 990.000000000000000         0.034688341924339
1000.000000000000000         0.035797964877852
