   1  32   1   0  0.1596038E+02  0.1000000E-03
  CAR 
 unknown system                          
   0   0   0
   1   1
 256 256 256
 256
  0.1000000E-09
  0.6250000E-11
   0
  0.5000000E-15  0.7993392E-09  0.7993392E-09  0.7993392E-09
  0.0000000E+00  0.0000000E+00
  0.000
  0.000
  0.000
  0.000
  0.000
  0.000
  0.000
  0.000
  0.000
  0.000
  0.000
  0.000
  0.000
  0.000
  0.000
  0.000
  0.000
  0.000
  0.000
  0.000
  0.000
  0.000
  0.000
  0.000
  0.000
  0.000
  0.000
  0.000
  0.000
  0.000
  0.000
  0.000
  0.000
  0.000
  0.000
  0.000
  0.000
  0.000
  0.000
  0.000
  0.000
  0.000
  0.000
  0.000
  0.000
 30.153
  0.000
  0.000
  0.000
  0.000
  0.000
  0.000
  0.000
  0.000
  0.000
  0.000
  0.000
  0.000
  0.000
  0.000
  0.000
  0.000
  0.000
  7.660
  0.078
  0.000
  0.000
  0.000
  0.000
  0.000
  0.000
  0.000
  0.000
  0.000
  0.000
  0.000
  0.000
  0.000
 20.261
  0.000
  0.000
  0.000
  0.000
  0.000
  0.000
  0.000
  0.000
  0.000
  0.000
  0.000
  7.622
  0.000
  0.000
  0.000
  0.000
  0.000
  0.000
  0.000
  0.000
  0.000
  0.129
 11.993
  0.000
  0.000
  0.000
  0.000
  0.000
  0.000
  0.000
  0.000
  3.408
  0.000
  0.000
  0.000
  0.000
  0.000
  0.000
  0.000
  0.000
 17.486
  0.000
  0.000
  0.000
  0.000
  0.000
  0.000
  0.000
  0.000
  0.000
  0.000
  0.000
  0.000
  0.000
  0.000
  0.000
 10.200
  0.000
  0.000
  0.000
  0.000
  0.000
  0.000
  6.020
  0.126
  0.000
  0.000
  0.000
  0.000
  0.000
  5.412
  0.172
  0.000
  0.000
  0.000
  0.000
  0.000
  5.098
  0.000
  0.000
  0.000
  0.000
  0.000
  0.246
 13.768
  0.000
  0.000
  0.000
  0.000
  0.000
  0.000
  0.000
  0.000
  0.000
  0.000
  0.085
  8.023
  0.000
  0.000
  0.000
  0.000
  0.000
  0.000
  0.000
  0.000
  0.000
  0.000
  7.179
  0.000
  0.000
  0.000
  0.000
  4.247
  0.009
  0.000
  0.000
  0.000
  0.101
  9.503
  0.000
  0.000
  0.000
  0.000
  3.045
  0.000
  0.000
  0.000
  0.000
  5.800
  0.000
  0.000
  0.000
  0.029
  2.736
  0.000
  0.000
  0.000
  5.327
  0.000
  0.000
  0.000
  0.000
  0.000
  0.000
  0.000
  0.000
  0.153
  8.366
  0.000
  0.000
  0.000
  2.350
  0.000
  0.000
  0.000
  8.845
  0.235
  0.000
  0.000
  0.000
  4.353
  0.000
  0.000
  0.000
  2.106
  0.000
  0.000
  0.000
  0.000
  0.000
  0.000
  0.000
  7.896
  0.000
  0.000
  0.000
  0.000
