   1  32   1   0  0.1596196E+02  0.1000000E-03
  CAR 
 unknown system                          
   0   0   0
   1   1
 256 256 256
 256
  0.1000000E-09
  0.6250000E-11
   0
  0.5000000E-15  0.7993656E-09  0.7993656E-09  0.7993656E-09
  0.0000000E+00  0.0000000E+00
  0.000
  0.000
  0.000
  0.000
  0.000
  0.000
  0.000
  0.000
  0.000
  0.000
  0.000
  0.000
  0.000
  0.000
  0.000
  0.000
  0.000
  0.000
  0.000
  0.000
  0.000
  0.000
  0.000
  0.000
  0.000
  0.000
  0.000
  0.000
  0.000
  0.000
  0.000
  0.000
  0.000
  0.000
  0.000
  0.000
  0.000
  0.000
  0.000
  0.000
  0.000
  0.000
  0.000
  0.000
  0.000
 30.156
  0.000
  0.000
  0.000
  0.000
  0.000
  0.000
  0.000
  0.000
  0.000
  0.000
  0.000
  0.000
  0.000
  0.000
  0.000
  0.000
  0.000
  7.661
  0.078
  0.000
  0.000
  0.000
  0.000
  0.000
  0.000
  0.000
  0.000
  0.000
  0.000
  0.000
  0.000
  0.000
 20.263
  0.000
  0.000
  0.000
  0.000
  0.000
  0.000
  0.000
  0.000
  0.000
  0.000
  0.000
  7.623
  0.000
  0.000
  0.000
  0.000
  0.000
  0.000
  0.000
  0.000
  0.000
  0.129
 11.994
  0.000
  0.000
  0.000
  0.000
  0.000
  0.000
  0.000
  0.000
  3.409
  0.000
  0.000
  0.000
  0.000
  0.000
  0.000
  0.000
  0.000
 17.488
  0.000
  0.000
  0.000
  0.000
  0.000
  0.000
  0.000
  0.000
  0.000
  0.000
  0.000
  0.000
  0.000
  0.000
  0.000
 10.201
  0.000
  0.000
  0.000
  0.000
  0.000
  0.000
  6.021
  0.126
  0.000
  0.000
  0.000
  0.000
  0.000
  5.412
  0.172
  0.000
  0.000
  0.000
  0.000
  0.000
  5.098
  0.000
  0.000
  0.000
  0.000
  0.000
  0.246
 13.770
  0.000
  0.000
  0.000
  0.000
  0.000
  0.000
  0.000
  0.000
  0.000
  0.000
  0.085
  8.024
  0.000
  0.000
  0.000
  0.000
  0.000
  0.000
  0.000
  0.000
  0.000
  0.000
  7.180
  0.000
  0.000
  0.000
  0.000
  4.247
  0.009
  0.000
  0.000
  0.000
  0.101
  9.504
  0.000
  0.000
  0.000
  0.000
  3.045
  0.000
  0.000
  0.000
  0.000
  5.800
  0.000
  0.000
  0.000
  0.029
  2.736
  0.000
  0.000
  0.000
  5.272
  0.055
  0.000
  0.000
  0.000
  0.000
  0.000
  0.000
  0.000
  0.102
  8.417
  0.000
  0.000
  0.000
  2.350
  0.000
  0.000
  0.000
  8.846
  0.235
  0.000
  0.000
  0.000
  4.354
  0.000
  0.000
  0.000
  2.106
  0.000
  0.000
  0.000
  0.000
  0.000
  0.000
  0.000
  7.896
  0.000
  0.000
  0.000
  0.000
