   1  32   1   0  0.1455441E+02  0.1000000E-03
  CAR 
 unknown system                          
   0   0   0
   1   1
 256 256 256
 256
  0.1000000E-09
  0.6250000E-11
   0
  0.5000000E-15  0.7751424E-09  0.7751424E-09  0.7751424E-09
  0.0000000E+00  0.0000000E+00
  0.000
  0.000
  0.000
  0.000
  0.000
  0.000
  0.000
  0.000
  0.000
  0.000
  0.000
  0.000
  0.000
  0.000
  0.000
  0.000
  0.000
  0.000
  0.000
  0.000
  0.000
  0.000
  0.000
  0.000
  0.000
  0.000
  0.000
  0.000
  0.000
  0.000
  0.000
  0.000
  0.000
  0.000
  0.000
  0.000
  0.000
  0.000
  0.000
  0.000
  0.000
  0.000
  0.000
 30.083
  0.000
  0.000
  0.000
  0.000
  0.000
  0.000
  0.000
  0.000
  0.000
  0.000
  0.000
  0.000
  0.000
  0.000
  0.000
  0.000
  0.000
  0.078
  7.211
  0.000
  0.000
  0.000
  0.000
  0.000
  0.000
  0.000
  0.000
  0.000
  0.000
  0.000
  0.000
 19.349
  0.608
  0.000
  0.000
  0.000
  0.000
  0.000
  0.000
  0.000
  0.000
  0.000
  0.000
  7.435
  0.000
  0.000
  0.000
  0.000
  0.000
  0.000
  0.000
  0.000
  0.000
  0.250
 11.490
  0.000
  0.000
  0.000
  0.000
  0.000
  0.000
  0.000
  0.000
  3.284
  0.000
  0.000
  0.000
  0.000
  0.000
  0.000
  0.000
  0.533
 16.253
  0.000
  0.000
  0.000
  0.000
  0.000
  0.000
  0.000
  0.000
  0.000
  0.000
  0.000
  0.000
  0.000
  0.000
  9.876
  0.000
  0.000
  0.000
  0.000
  0.000
  0.000
  5.935
  0.000
  0.000
  0.000
  0.000
  0.000
  0.000
  5.378
  0.000
  0.000
  0.000
  0.000
  0.000
  4.909
  0.051
  0.000
  0.000
  0.000
  0.000
  0.143
 13.455
  0.000
  0.000
  0.000
  0.000
  0.000
  0.000
  0.000
  0.000
  0.000
  0.000
  7.926
  0.000
  0.000
  0.000
  0.000
  0.000
  0.000
  0.000
  0.000
  0.000
  0.000
  6.989
  0.000
  0.000
  0.000
  0.000
  0.112
  3.981
  0.000
  0.000
  0.000
  0.033
  9.282
  0.000
  0.000
  0.000
  0.031
  2.918
  0.000
  0.000
  0.000
  5.546
  0.117
  0.000
  0.000
  0.000
  2.696
  0.000
  0.000
  0.000
  0.000
  5.139
  0.000
  0.000
  0.000
  0.000
  0.000
  0.000
  0.000
  0.000
  8.271
  0.000
  0.000
  0.000
  2.279
  0.000
  0.000
  0.000
  8.799
  0.000
  0.000
  0.000
  0.133
  4.081
  0.000
  0.000
  0.021
  2.014
  0.000
  0.000
  0.000
  0.000
  0.000
  0.000
  0.040
  7.579
  0.000
  0.000
  0.000
  0.000
  0.000
  0.000
  7.144
  0.056
  0.000
  0.000
  3.488
