   1  32   1   0  0.1745885E+02  0.1000000E-03
  CAR 
 unknown system                          
   0   0   0
   1   1
 256 256 256
 256
  0.1000000E-09
  0.6250000E-11
   0
  0.5000000E-15  0.8236105E-09  0.8236105E-09  0.8236105E-09
  0.0000000E+00  0.0000000E+00
  0.000
  0.000
  0.000
  0.000
  0.000
  0.000
  0.000
  0.000
  0.000
  0.000
  0.000
  0.000
  0.000
  0.000
  0.000
  0.000
  0.000
  0.000
  0.000
  0.000
  0.000
  0.000
  0.000
  0.000
  0.000
  0.000
  0.000
  0.000
  0.000
  0.000
  0.000
  0.000
  0.000
  0.000
  0.000
  0.000
  0.000
  0.000
  0.000
  0.000
  0.000
  0.000
  0.000
  0.000
  0.000
  0.000
 31.581
  0.000
  0.000
  0.000
  0.000
  0.000
  0.000
  0.000
  0.000
  0.000
  0.000
  0.000
  0.000
  0.000
  0.000
  0.000
  0.000
  0.000
  0.000
  7.876
  0.080
  0.000
  0.000
  0.000
  0.000
  0.000
  0.000
  0.000
  0.000
  0.000
  0.000
  0.000
  0.000
  0.000
 21.076
  0.000
  0.000
  0.000
  0.000
  0.000
  0.000
  0.000
  0.000
  0.000
  0.000
  0.000
  0.000
  7.811
  0.000
  0.000
  0.000
  0.000
  0.000
  0.000
  0.000
  0.000
  0.000
  0.000
 12.507
  0.000
  0.000
  0.000
  0.000
  0.000
  0.000
  0.000
  0.000
  0.000
  3.472
  0.000
  0.000
  0.000
  0.000
  0.000
  0.000
  0.000
  0.000
 17.909
  0.000
  0.000
  0.000
  0.000
  0.000
  0.000
  0.000
  0.000
  0.000
  0.000
  0.000
  0.000
  0.000
  0.000
  0.000
 10.527
  0.000
  0.000
  0.000
  0.000
  0.000
  0.000
  0.000
  6.278
  0.000
  0.000
  0.000
  0.000
  0.000
  0.000
  5.722
  0.000
  0.000
  0.000
  0.000
  0.000
  0.000
  5.236
  0.000
  0.000
  0.000
  0.000
  0.000
 14.198
  0.401
  0.000
  0.000
  0.000
  0.000
  0.000
  0.000
  0.000
  0.000
  0.000
  0.000
  0.000
  8.384
  0.000
  0.000
  0.000
  0.000
  0.000
  0.000
  0.000
  0.000
  0.000
  0.000
  0.078
  7.295
  0.000
  0.000
  0.000
  0.000
  4.377
  0.000
  0.000
  0.000
  0.000
  0.104
  9.791
  0.000
  0.000
  0.000
  0.000
  3.142
  0.000
  0.000
  0.000
  0.000
  5.993
  0.000
  0.000
  0.000
  0.000
  2.861
  0.000
  0.000
  0.000
  0.000
  5.468
  0.000
  0.000
  0.000
  0.000
  0.000
  0.000
  0.000
  0.000
  8.632
  0.209
  0.000
  0.000
  0.000
  2.421
  0.000
  0.000
  0.000
  0.122
  9.169
  0.000
  0.000
  0.000
  4.495
  0.000
  0.000
  0.000
  2.154
  0.022
  0.000
  0.000
  0.000
  0.000
