   1  32   1   0  0.1238582E+02  0.1000000E-03
  CAR 
 unknown system                          
   0   0   0
   1   1
 256 256 256
 256
  0.1000000E-09
  0.6250000E-11
   0
  0.5000000E-15  0.7345560E-09  0.7345560E-09  0.7345560E-09
  0.0000000E+00  0.0000000E+00
  0.000
  0.000
  0.000
  0.000
  0.000
  0.000
  0.000
  0.000
  0.000
  0.000
  0.000
  0.000
  0.000
  0.000
  0.000
  0.000
  0.000
  0.000
  0.000
  0.000
  0.000
  0.000
  0.000
  0.000
  0.000
  0.000
  0.000
  0.000
  0.000
  0.000
  0.000
  0.000
  0.000
  0.000
  0.000
  0.000
  0.000
  0.000
  0.000
  0.000
  0.000
 28.128
  0.000
  0.000
  0.000
  0.000
  0.000
  0.000
  0.000
  0.000
  0.000
  0.000
  0.000
  0.000
  0.000
  0.000
  0.000
  0.000
  7.078
  0.000
  0.000
  0.000
  0.000
  0.000
  0.000
  0.000
  0.000
  0.000
  0.000
  0.000
  0.000
 18.360
  0.576
  0.000
  0.000
  0.000
  0.000
  0.000
  0.000
  0.000
  0.000
  0.000
  0.148
  6.804
  0.000
  0.000
  0.000
  0.000
  0.000
  0.000
  0.000
  0.000
 11.206
  0.115
  0.000
  0.000
  0.000
  0.000
  0.000
  0.000
  0.000
  3.135
  0.000
  0.000
  0.000
  0.000
  0.000
  0.000
  0.000
 15.825
  0.331
  0.000
  0.000
  0.000
  0.000
  0.000
  0.000
  0.000
  0.000
  0.000
  0.000
  0.000
  0.000
  0.000
  9.376
  0.000
  0.000
  0.000
  0.000
  0.000
  0.000
  5.603
  0.000
  0.000
  0.000
  0.000
  0.000
  5.125
  0.000
  0.000
  0.000
  0.000
  0.000
  4.558
  0.145
  0.000
  0.000
  0.000
  0.000
 13.005
  0.000
  0.000
  0.000
  0.000
  0.000
  0.000
  0.000
  0.000
  0.000
  0.000
  7.444
  0.077
  0.000
  0.000
  0.000
  0.000
  0.000
  0.000
  0.000
  0.000
  0.000
  6.589
  0.000
  0.000
  0.000
  0.000
  3.888
  0.000
  0.000
  0.000
  0.093
  8.732
  0.000
  0.000
  0.000
  2.816
  0.000
  0.000
  0.000
  0.000
  5.340
  0.000
  0.000
  0.000
  2.535
  0.026
  0.000
  0.000
  0.000
  4.869
  0.000
  0.000
  0.000
  0.000
  0.000
  0.000
  0.000
  7.876
  0.000
  0.000
  0.000
  2.143
  0.022
  0.000
  0.000
  8.237
  0.108
  0.000
  0.000
  3.980
  0.042
  0.000
  0.000
  1.940
  0.000
  0.000
  0.000
  0.000
  0.000
  0.000
  0.000
  7.232
  0.000
  0.000
  0.000
  0.000
  0.000
  0.000
  6.813
  0.000
  0.000
  0.000
  3.295
  0.000
  0.000
  3.215
  0.000
  0.000
  0.000
  2.335
  0.000
  0.000
  7.599
  0.000
  0.000
  0.000
