   1  32   1   0  0.2088322E+02  0.1000000E-03
  CAR 
 unknown system                          
   0   0   0
   1   1
 256 256 256
 256
  0.1000000E-09
  0.6250000E-11
   0
  0.5000000E-15  0.8742772E-09  0.8742772E-09  0.8742772E-09
  0.0000000E+00  0.0000000E+00
  0.000
  0.000
  0.000
  0.000
  0.000
  0.000
  0.000
  0.000
  0.000
  0.000
  0.000
  0.000
  0.000
  0.000
  0.000
  0.000
  0.000
  0.000
  0.000
  0.000
  0.000
  0.000
  0.000
  0.000
  0.000
  0.000
  0.000
  0.000
  0.000
  0.000
  0.000
  0.000
  0.000
  0.000
  0.000
  0.000
  0.000
  0.000
  0.000
  0.000
  0.000
  0.000
  0.000
  0.000
  0.000
  0.000
  0.000
  0.000
  0.000
 33.335
  0.000
  0.000
  0.000
  0.000
  0.000
  0.000
  0.000
  0.000
  0.000
  0.000
  0.000
  0.000
  0.000
  0.000
  0.000
  0.000
  0.000
  0.000
  0.000
  8.367
  0.086
  0.000
  0.000
  0.000
  0.000
  0.000
  0.000
  0.000
  0.000
  0.000
  0.000
  0.000
  0.000
  0.000
  0.000
 22.347
  0.000
  0.000
  0.000
  0.000
  0.000
  0.000
  0.000
  0.000
  0.000
  0.000
  0.000
  0.000
  8.243
  0.172
  0.000
  0.000
  0.000
  0.000
  0.000
  0.000
  0.000
  0.000
  0.000
  0.000
 13.379
  0.000
  0.000
  0.000
  0.000
  0.000
  0.000
  0.000
  0.000
  0.000
  0.000
  3.689
  0.000
  0.000
  0.000
  0.000
  0.000
  0.000
  0.000
  0.000
 19.185
  0.000
  0.000
  0.000
  0.000
  0.000
  0.000
  0.000
  0.000
  0.000
  0.000
  0.000
  0.000
  0.000
  0.000
  0.000
  0.000
  0.000
 11.112
  0.000
  0.000
  0.000
  0.000
  0.000
  0.000
  0.000
  6.670
  0.000
  0.000
  0.000
  0.000
  0.000
  0.000
  0.191
  5.848
  0.000
  0.000
  0.000
  0.000
  0.000
  0.000
  5.554
  0.000
  0.000
  0.000
  0.000
  0.000
  0.000
 15.382
  0.000
  0.000
  0.000
  0.000
  0.000
  0.000
  0.000
  0.000
  0.000
  0.000
  0.000
  0.000
  8.909
  0.000
  0.000
  0.000
  0.000
  0.000
  0.000
  0.000
  0.000
  0.000
  0.000
  0.000
  7.807
  0.081
  0.000
  0.000
  0.000
  0.000
  4.653
  0.000
  0.000
  0.000
  0.000
  0.000
 10.553
  0.000
  0.000
  0.000
  0.000
  0.000
  3.330
  0.000
  0.000
  0.000
  0.000
  6.369
  0.000
  0.000
  0.000
  0.000
  2.953
  0.094
  0.000
  0.000
  0.000
  0.000
  5.792
  0.000
  0.000
  0.000
  0.000
  0.000
  0.000
  0.000
  0.000
  0.000
  9.334
  0.000
  0.000
  0.000
  0.000
  2.562
  0.000
  0.000
  0.000
