   0.000000000000000       199.982382261996690
  10.000000000000000       199.994305936404686
  20.000000000000000       199.995087870889762
  30.000000000000000       199.895866862465937
  40.000000000000000       199.664602694563257
  50.000000000000000       199.287233794418825
  60.000000000000000       198.758901543045909
  70.000000000000000       198.094461249073987
  80.000000000000000       197.310291354909765
  90.000000000000000       196.427320565476180
 100.000000000000000       195.464291138023043
 110.000000000000000       194.440152950067187
 120.000000000000000       193.368896757206727
 130.000000000000000       192.266101732569979
 140.000000000000000       191.135138731723913
 150.000000000000000       189.985377996786042
 160.000000000000000       188.829885584712855
 170.000000000000000       187.674693921584634
 180.000000000000000       186.517035835402623
 190.000000000000000       185.364644985564041
 200.000000000000000       184.193004249860678
 210.000000000000000       183.105915191853882
 220.000000000000000       181.987007205799785
 230.000000000000000       180.896194941583332
 240.000000000000000       179.823625654705666
 250.000000000000000       178.546522317024113
 260.000000000000000       177.862884189013101
 270.000000000000000       176.471008565385176
 280.000000000000000       175.430302742088458
 290.000000000000000       174.633366727011691
 300.000000000000000       174.369010756945897
 310.000000000000000       172.908415108351022
 320.000000000000000       172.122579923980766
 330.000000000000000       171.282714548642332
 340.000000000000000       170.498050943288177
 350.000000000000000       169.729551306897662
 360.000000000000000       169.018423172079139
 370.000000000000000       168.324051579262090
 380.000000000000000       167.680016986097087
 390.000000000000000       167.067370345069520
 400.000000000000000       166.491282388737375
 410.000000000000000       165.954676892679799
 420.000000000000000       165.461327254649660
 430.000000000000000       165.004726932086953
 440.000000000000000       164.595377647892207
 450.000000000000000       164.225356152165915
 460.000000000000000       163.900100117030632
 470.000000000000000       163.616182402228986
 480.000000000000000       163.376943780144728
 490.000000000000000       163.185778063038214
 500.000000000000000       163.039411094498462
 510.000000000000000       162.939992123602792
 520.000000000000000       162.889062316098830
 530.000000000000000       162.884829080333816
 540.000000000000000       162.931028725714469
 550.000000000000000       163.025832294140145
 560.000000000000000       163.170601130166375
 570.000000000000000       163.366949890121560
 580.000000000000000       163.614658814273412
 590.000000000000000       163.914958090951217
 600.000000000000000       164.267774140044878
 610.000000000000000       164.672724324658901
 620.000000000000000       165.133371982839463
 630.000000000000000       165.647099995669379
 640.000000000000000       166.215499310176142
 650.000000000000000       166.840743309335807
 660.000000000000000       167.521226182066442
 670.000000000000000       168.259707879662727
 680.000000000000000       169.054676099651033
 690.000000000000000       169.906728492871139
 700.000000000000000       170.818842720160745
 710.000000000000000       171.785434131223838
 720.000000000000000       172.812602599857172
 730.000000000000000       173.901312389406996
 740.000000000000000       175.042674517650397
 750.000000000000000       176.253098050178636
 760.000000000000000       177.516432869157484
 770.000000000000000       178.849252740038168
 780.000000000000000       180.236137042793331
 790.000000000000000       181.680413144864133
 800.000000000000000       183.196341719624058
 810.000000000000000       184.759716041513741
 820.000000000000000       186.403264449484681
 830.000000000000000       188.101971617353485
 840.000000000000000       189.857398496573438
 850.000000000000000       191.679218068053814
 860.000000000000000       193.563469921180086
 870.000000000000000       195.508694529527901
 880.000000000000000       197.519044233257205
 890.000000000000000       199.582941533877630
 900.000000000000000       201.715963125696078
 910.000000000000000       203.913117633914482
 920.000000000000000       206.168302787448056
 930.000000000000000       208.490359915526767
 940.000000000000000       210.874756842814861
 950.000000000000000       213.312320226881781
 960.000000000000000       215.813947425210415
