   0.000000000000000    0.000000000000000
  10.000000000000000   -0.000128217720190
  20.000000000000000   -0.000401700240212
  30.000000000000000   -0.000708586756600
  40.000000000000000   -0.000921216881547
  50.000000000000000   -0.000984167902345
  60.000000000000000   -0.000922472292401
  70.000000000000000   -0.000783538932362
  80.000000000000000   -0.000607160491397
  90.000000000000000   -0.000419227474968
 100.000000000000000   -0.000234271435308
 110.000000000000000   -0.000059416558494
 120.000000000000000    0.000102547043322
 130.000000000000000    0.000251158085191
 140.000000000000000    0.000387143088713
 150.000000000000000    0.000511716488412
 160.000000000000000    0.000626223302528
 170.000000000000000    0.000732007659676
 180.000000000000000    0.000830345889068
 190.000000000000000    0.000922336442380
 200.000000000000000    0.001009098970285
 210.000000000000000    0.001090950620708
 220.000000000000000    0.001169240985460
 230.000000000000000    0.001244284896781
 240.000000000000000    0.001316707397439
 250.000000000000000    0.001388427137074
 260.000000000000000    0.001454376671210
 270.000000000000000    0.001524799210301
 280.000000000000000    0.001590376359884
 290.000000000000000    0.001654233815344
 300.000000000000000    0.001711878109635
 310.000000000000000    0.001781354254460
 320.000000000000000    0.001843712246479
 330.000000000000000    0.001906737231940
 340.000000000000000    0.001969328565651
 350.000000000000000    0.002032091805292
 360.000000000000000    0.002094528018369
 370.000000000000000    0.002157300035155
 380.000000000000000    0.002219963086903
 390.000000000000000    0.002282848612914
 400.000000000000000    0.002345931739132
 410.000000000000000    0.002409183734151
 420.000000000000000    0.002472527589754
 430.000000000000000    0.002536134526191
 440.000000000000000    0.002599725356052
 450.000000000000000    0.002663538776743
 460.000000000000000    0.002727373191521
 470.000000000000000    0.002791354967576
 480.000000000000000    0.002855369625062
 490.000000000000000    0.002919238425239
 500.000000000000000    0.002983057069418
 510.000000000000000    0.003046719878288
 520.000000000000000    0.003110132172193
 530.000000000000000    0.003173319714040
 540.000000000000000    0.003236031103880
 550.000000000000000    0.003298479767614
 560.000000000000000    0.003360457837646
 570.000000000000000    0.003421644850554
 580.000000000000000    0.003482332015446
 590.000000000000000    0.003542256343503
 600.000000000000000    0.003601395917959
 610.000000000000000    0.003659482693145
 620.000000000000000    0.003716713541061
 630.000000000000000    0.003772749224775
 640.000000000000000    0.003827695275133
 650.000000000000000    0.003881477799531
 660.000000000000000    0.003933866667963
 670.000000000000000    0.003984935355870
 680.000000000000000    0.004034500102839
 690.000000000000000    0.004082543246713
 700.000000000000000    0.004129012744767
 710.000000000000000    0.004173747526991
 720.000000000000000    0.004216803227078
 730.000000000000000    0.004258093331844
 740.000000000000000    0.004297453914128
 750.000000000000000    0.004335074790615
 760.000000000000000    0.004370663982817
 770.000000000000000    0.004404393322819
 780.000000000000000    0.004436051562959
 790.000000000000000    0.004465659498409
 800.000000000000000    0.004493313096280
 810.000000000000000    0.004518795933949
 820.000000000000000    0.004542322663301
 830.000000000000000    0.004563717813924
 840.000000000000000    0.004582993235467
 850.000000000000000    0.004600208061926
 860.000000000000000    0.004615342103586
 870.000000000000000    0.004628402628404
 880.000000000000000    0.004639418441631
 890.000000000000000    0.004648388483916
 900.000000000000000    0.004655363734962
 910.000000000000000    0.004660358596910
 920.000000000000000    0.004663402900727
 930.000000000000000    0.004664536781109
 940.000000000000000    0.004663793943383
 950.000000000000000    0.004661220036090
 960.000000000000000    0.004656856462247
