   0.000000000000000       -15.724432345954794
  10.000000000000000       -15.724433063506542
  20.000000000000000       -15.724446054338690
  30.000000000000000       -15.724508499955128
  40.000000000000000       -15.724679906971666
  50.000000000000000       -15.725021387002958
  60.000000000000000       -15.725583479461523
  70.000000000000000       -15.726403161290637
  80.000000000000000       -15.727504486337192
  90.000000000000000       -15.728900974460192
 100.000000000000000       -15.730598194845271
 110.000000000000000       -15.732596124833007
 120.000000000000000       -15.734890928896723
 130.000000000000000       -15.737476378595808
 140.000000000000000       -15.740344660198801
 150.000000000000000       -15.743487219254060
 160.000000000000000       -15.746895178514276
 170.000000000000000       -15.750559521233253
 180.000000000000000       -15.754471292319359
 190.000000000000000       -15.758621859254902
 200.000000000000000       -15.763002588460234
 210.000000000000000       -15.767606532236991
 220.000000000000000       -15.772424837326453
 230.000000000000000       -15.777450858771884
 240.000000000000000       -15.782677637605756
 250.000000000000000       -15.788095901555430
 260.000000000000000       -15.793708866741468
 270.000000000000000       -15.799492049737836
 280.000000000000000       -15.805462160477594
 290.000000000000000       -15.811603914024754
 300.000000000000000       -15.817916749607049
 310.000000000000000       -15.824377886368442
 320.000000000000000       -15.831003496990194
 330.000000000000000       -15.837781059422301
 340.000000000000000       -15.844707840243084
 350.000000000000000       -15.851779528250063
 360.000000000000000       -15.858992944878354
 370.000000000000000       -15.866344099223781
 380.000000000000000       -15.873830070674328
 390.000000000000000       -15.881447438792041
 400.000000000000000       -15.889193227387466
 410.000000000000000       -15.897064560797515
 420.000000000000000       -15.905058702539728
 430.000000000000000       -15.913172908486859
 440.000000000000000       -15.921404752553752
 450.000000000000000       -15.929751691119424
 460.000000000000000       -15.938211435018395
 470.000000000000000       -15.946781683157736
 480.000000000000000       -15.955460306135723
 490.000000000000000       -15.964245263745488
 500.000000000000000       -15.973134495457458
 510.000000000000000       -15.982126095204899
 520.000000000000000       -15.991218221714121
 530.000000000000000       -16.000409039416979
 540.000000000000000       -16.009696870508098
 550.000000000000000       -16.019080005252558
 560.000000000000000       -16.028556836272113
 570.000000000000000       -16.038125837929890
 580.000000000000000       -16.047785466157489
 590.000000000000000       -16.057534282784989
 600.000000000000000       -16.067370852528541
 610.000000000000000       -16.077293814330805
 620.000000000000000       -16.087301858896154
 630.000000000000000       -16.097393679089844
 640.000000000000000       -16.107568008652997
 650.000000000000000       -16.117823659143678
 660.000000000000000       -16.128159452946932
 670.000000000000000       -16.138574242809860
 680.000000000000000       -16.149066911136636
 690.000000000000000       -16.159636357245340
 700.000000000000000       -16.170281568651244
 710.000000000000000       -16.181001446681421
 720.000000000000000       -16.191795045949746
 730.000000000000000       -16.202661414107865
 740.000000000000000       -16.213599500078296
 750.000000000000000       -16.224608515338939
 760.000000000000000       -16.235687431040933
 770.000000000000000       -16.246835491808540
 780.000000000000000       -16.258051706336950
 790.000000000000000       -16.269335256257484
 800.000000000000000       -16.280685429137058
 810.000000000000000       -16.292101237776546
 820.000000000000000       -16.303582150082939
 830.000000000000000       -16.315127195164436
 840.000000000000000       -16.326735648691262
 850.000000000000000       -16.338406825526921
 860.000000000000000       -16.350139990130693
 870.000000000000000       -16.361934426964652
 880.000000000000000       -16.373789472225035
 890.000000000000000       -16.385704359065041
 900.000000000000000       -16.397678542874342
 910.000000000000000       -16.409711358643396
 920.000000000000000       -16.421802117821855
 930.000000000000000       -16.433950238017442
 940.000000000000000       -16.446155097553760
 950.000000000000000       -16.458416034583692
 960.000000000000000       -16.470732529972011
