        0.000000000000000        34.654605419638983
       10.000000000000000        34.654579480114059
       20.000000000000000        34.654358243573292
       30.000000000000000        34.653867818262377
       40.000000000000000        34.653195110369737
       50.000000000000000        34.652564381708444
       60.000000000000000        34.652192886391383
       70.000000000000000        34.652213163829117
       80.000000000000000        34.652685195656971
       90.000000000000000        34.653616597989775
      100.000000000000000        34.654988207745241
      110.000000000000000        34.656767252002666
      120.000000000000000        34.658918221719894
      130.000000000000000        34.661404515757560
      140.000000000000000        34.664198994319165
      150.000000000000000        34.667273440521114
      160.000000000000000        34.670598570572537
      170.000000000000000        34.674152918513215
      180.000000000000000        34.677924820412485
      190.000000000000000        34.681896049741262
      200.000000000000000        34.686080578072847
      210.000000000000000        34.690368549032712
      220.000000000000000        34.694866600798633
      230.000000000000000        34.699509148469005
      240.000000000000000        34.704304753488771
      250.000000000000000        34.709491890333830
      260.000000000000000        34.714152439337795
      270.000000000000000        34.719917256470765
      280.000000000000000        34.725206950264209
      290.000000000000000        34.730497383395580
      300.000000000000000        34.735068423204417
      310.000000000000000        34.741653914952082
      320.000000000000000        34.747322317436925
      330.000000000000000        34.753238214763080
      340.000000000000000        34.759218254131042
      350.000000000000000        34.765334531159972
      360.000000000000000        34.771502431016906
      370.000000000000000        34.777805270430711
      380.000000000000000        34.784171290123076
      390.000000000000000        34.790639862311799
      400.000000000000000        34.797201481234374
      410.000000000000000        34.803847988799049
      420.000000000000000        34.810566284067946
      430.000000000000000        34.817377383986937
      440.000000000000000        34.824243405440690
      450.000000000000000        34.831196244095658
      460.000000000000000        34.838210362476879
      470.000000000000000        34.845304220681555
      480.000000000000000        34.852465321576865
      490.000000000000000        34.859673305687330
      500.000000000000000        34.866944678354223
      510.000000000000000        34.874269974822596
      520.000000000000000        34.881641588891448
      530.000000000000000        34.889068442235448
      540.000000000000000        34.896522773879113
      550.000000000000000        34.904039520918616
      560.000000000000000        34.911597616211850
      570.000000000000000        34.919160137215620
      580.000000000000000        34.926774152825530
      590.000000000000000        34.934411099008734
      600.000000000000000        34.942075548410237
      610.000000000000000        34.949737224346734
      620.000000000000000        34.957432318548747
      630.000000000000000        34.965119384159678
      640.000000000000000        34.972822074834063
      650.000000000000000        34.980538066508018
      660.000000000000000        34.988239799033003
      670.000000000000000        34.995947020619191
      680.000000000000000        35.003638352726242
      690.000000000000000        35.011318409390817
      700.000000000000000        35.018986367877929
      710.000000000000000        35.026621202408009
      720.000000000000000        35.034239950522206
      730.000000000000000        35.041833976740982
      740.000000000000000        35.049377029952737
      750.000000000000000        35.056914166095318
      760.000000000000000        35.064389606037778
      770.000000000000000        35.071846821150821
      780.000000000000000        35.079241234631404
      790.000000000000000        35.086579988146738
      800.000000000000000        35.093892222281127
      810.000000000000000        35.101119327487574
      820.000000000000000        35.108326964484185
      830.000000000000000        35.115461452923526
      840.000000000000000        35.122521971992775
      850.000000000000000        35.129527716360442
      860.000000000000000        35.136466371674643
      870.000000000000000        35.143333366069825
      880.000000000000000        35.150133762784165
      890.000000000000000        35.156850257194662
      900.000000000000000        35.163502741719192
      910.000000000000000        35.170078909288357
      920.000000000000000        35.176571555494618
      930.000000000000000        35.182993479033719
      940.000000000000000        35.189334814164418
      950.000000000000000        35.195585388257292
      960.000000000000000        35.201757482630782
