   0.000000000000000        -0.000772756156310
  10.000000000000000        -0.000773005468882
  20.000000000000000        -0.000775131844842
  30.000000000000000        -0.000779845513417
  40.000000000000000        -0.000786311243183
  50.000000000000000        -0.000792373565709
  60.000000000000000        -0.000795944270958
  70.000000000000000        -0.000795749369448
  80.000000000000000        -0.000791212342573
  90.000000000000000        -0.000782260106477
 100.000000000000000        -0.000769077079205
 110.000000000000000        -0.000751978572770
 120.000000000000000        -0.000731306248724
 130.000000000000000        -0.000707412288993
 140.000000000000000        -0.000680557956250
 150.000000000000000        -0.000651014862555
 160.000000000000000        -0.000619064853446
 170.000000000000000        -0.000584914628796
 180.000000000000000        -0.000548676694977
 190.000000000000000        -0.000510526594883
 200.000000000000000        -0.000470330562774
 210.000000000000000        -0.000429144227856
 220.000000000000000        -0.000385943695754
 230.000000000000000        -0.000341359300578
 240.000000000000000        -0.000295309204753
 250.000000000000000        -0.000245504175898
 260.000000000000000        -0.000200759486599
 270.000000000000000        -0.000145418553409
 280.000000000000000        -0.000094644085232
 290.000000000000000        -0.000043867677471
 300.000000000000000         0.000000000000000
 310.000000000000000         0.000063193346137
 320.000000000000000         0.000117580052745
 330.000000000000000         0.000174335094369
 340.000000000000000         0.000231698946689
 350.000000000000000         0.000290362860708
 360.000000000000000         0.000349514944620
 370.000000000000000         0.000409953915116
 380.000000000000000         0.000470991319748
 390.000000000000000         0.000533004370232
 400.000000000000000         0.000595901590383
 410.000000000000000         0.000659604460752
 420.000000000000000         0.000723987132512
 430.000000000000000         0.000789250712873
 440.000000000000000         0.000855031934271
 450.000000000000000         0.000921636113870
 460.000000000000000         0.000988818337470
 470.000000000000000         0.001056755149337
 480.000000000000000         0.001125326583004
 490.000000000000000         0.001194337464287
 500.000000000000000         0.001263945603875
 510.000000000000000         0.001334060165832
 520.000000000000000         0.001404608148847
 530.000000000000000         0.001475674733329
 540.000000000000000         0.001546994113417
 550.000000000000000         0.001618900369679
 560.000000000000000         0.001691191760985
 570.000000000000000         0.001763515041062
 580.000000000000000         0.001836320235479
 590.000000000000000         0.001909334063905
 600.000000000000000         0.001982600142035
 610.000000000000000         0.002055829000819
 620.000000000000000         0.002129366493629
 630.000000000000000         0.002202816487833
 640.000000000000000         0.002276404982336
 650.000000000000000         0.002350109717040
 660.000000000000000         0.002423667437741
 670.000000000000000         0.002497266778109
 680.000000000000000         0.002570703611724
 690.000000000000000         0.002644022054358
 700.000000000000000         0.002717214304559
 710.000000000000000         0.002790079765241
 720.000000000000000         0.002862781145887
 730.000000000000000         0.002935236131506
 740.000000000000000         0.003007194419038
 750.000000000000000         0.003079085948327
 760.000000000000000         0.003150378822810
 770.000000000000000         0.003221487793096
 780.000000000000000         0.003291987960445
 790.000000000000000         0.003361947656943
 800.000000000000000         0.003431644844745
 810.000000000000000         0.003500521106418
 820.000000000000000         0.003569202415479
 830.000000000000000         0.003637177437804
 840.000000000000000         0.003704438640884
 850.000000000000000         0.003771169130296
 860.000000000000000         0.003837251844797
 870.000000000000000         0.003902643506407
 880.000000000000000         0.003967392590458
 890.000000000000000         0.004031334612966
 900.000000000000000         0.004094659224609
 910.000000000000000         0.004157249530203
 920.000000000000000         0.004219037246822
 930.000000000000000         0.004280144447616
 940.000000000000000         0.004340477521017
 950.000000000000000         0.004399939977872
 960.000000000000000         0.004458648940059
