   1  32   1   0  0.1548314E+02  0.1000000E-03
  CAR 
 unknown system                          
   0   0   0
   1   1
 256 256 256
 256
  0.1000000E-09
  0.6250000E-11
   0
  0.5000000E-15  0.7912912E-09  0.7912912E-09  0.7912912E-09
  0.0000000E+00  0.0000000E+00
  0.000
  0.000
  0.000
  0.000
  0.000
  0.000
  0.000
  0.000
  0.000
  0.000
  0.000
  0.000
  0.000
  0.000
  0.000
  0.000
  0.000
  0.000
  0.000
  0.000
  0.000
  0.000
  0.000
  0.000
  0.000
  0.000
  0.000
  0.000
  0.000
  0.000
  0.000
  0.000
  0.000
  0.000
  0.000
  0.000
  0.000
  0.000
  0.000
  0.000
  0.000
  0.000
  0.000
  0.000
 30.581
  0.000
  0.000
  0.000
  0.000
  0.000
  0.000
  0.000
  0.000
  0.000
  0.000
  0.000
  0.000
  0.000
  0.000
  0.000
  0.000
  0.000
  0.000
  7.509
  0.000
  0.000
  0.000
  0.000
  0.000
  0.000
  0.000
  0.000
  0.000
  0.000
  0.000
  0.000
  0.000
 20.166
  0.000
  0.000
  0.000
  0.000
  0.000
  0.000
  0.000
  0.000
  0.000
  0.000
  0.000
  7.560
  0.000
  0.000
  0.000
  0.000
  0.000
  0.000
  0.000
  0.000
  0.000
  0.127
 11.867
  0.000
  0.000
  0.000
  0.000
  0.000
  0.000
  0.000
  0.000
  3.367
  0.000
  0.000
  0.000
  0.000
  0.000
  0.000
  0.000
  0.000
 17.251
  0.000
  0.000
  0.000
  0.000
  0.000
  0.000
  0.000
  0.000
  0.000
  0.000
  0.000
  0.000
  0.000
  0.000
  0.000
 10.043
  0.000
  0.000
  0.000
  0.000
  0.000
  0.000
  6.049
  0.000
  0.000
  0.000
  0.000
  0.000
  0.000
  5.492
  0.000
  0.000
  0.000
  0.000
  0.000
  0.159
  4.853
  0.000
  0.000
  0.000
  0.000
  0.000
 13.931
  0.000
  0.000
  0.000
  0.000
  0.000
  0.000
  0.000
  0.000
  0.000
  0.000
  0.000
  8.047
  0.000
  0.000
  0.000
  0.000
  0.000
  0.000
  0.000
  0.000
  0.000
  0.000
  7.116
  0.000
  0.000
  0.000
  0.000
  4.137
  0.078
  0.000
  0.000
  0.000
  0.100
  9.408
  0.000
  0.000
  0.000
  0.000
  3.013
  0.000
  0.000
  0.000
  0.000
  5.736
  0.000
  0.000
  0.000
  2.673
  0.085
  0.000
  0.000
  0.000
  5.265
  0.000
  0.000
  0.000
  0.000
  0.000
  0.000
  0.000
  0.000
  8.487
  0.000
  0.000
  0.000
  0.000
  2.320
  0.000
  0.000
  0.000
  8.963
  0.000
  0.000
  0.000
  4.331
  0.000
  0.000
  0.000
  0.044
  2.033
  0.000
  0.000
  0.000
  0.000
  0.000
  0.000
  0.000
  7.783
  0.000
  0.000
  0.000
  0.000
  0.000
  0.000
