   1  32   1   0  0.1904358E+02  0.1000000E-03
  CAR 
 unknown system                          
   0   0   0
   1   1
 256 256 256
 256
  0.1000000E-09
  0.6250000E-11
   0
  0.5000000E-15  0.8478120E-09  0.8478120E-09  0.8478120E-09
  0.0000000E+00  0.0000000E+00
  0.000
  0.000
  0.000
  0.000
  0.000
  0.000
  0.000
  0.000
  0.000
  0.000
  0.000
  0.000
  0.000
  0.000
  0.000
  0.000
  0.000
  0.000
  0.000
  0.000
  0.000
  0.000
  0.000
  0.000
  0.000
  0.000
  0.000
  0.000
  0.000
  0.000
  0.000
  0.000
  0.000
  0.000
  0.000
  0.000
  0.000
  0.000
  0.000
  0.000
  0.000
  0.000
  0.000
  0.000
  0.000
  0.000
  0.000
 32.325
  0.660
  0.000
  0.000
  0.000
  0.000
  0.000
  0.000
  0.000
  0.000
  0.000
  0.000
  0.000
  0.000
  0.000
  0.000
  0.000
  0.000
  0.000
  0.000
  8.174
  0.000
  0.000
  0.000
  0.000
  0.000
  0.000
  0.000
  0.000
  0.000
  0.000
  0.000
  0.000
  0.000
  0.000
  0.228
 21.144
  0.000
  0.000
  0.000
  0.000
  0.000
  0.000
  0.000
  0.000
  0.000
  0.000
  0.000
  7.997
  0.167
  0.000
  0.000
  0.000
  0.000
  0.000
  0.000
  0.000
  0.000
  0.000
  0.000
 12.891
  0.000
  0.000
  0.000
  0.000
  0.000
  0.000
  0.000
  0.000
  0.000
  3.597
  0.000
  0.000
  0.000
  0.000
  0.000
  0.000
  0.000
  0.000
 18.425
  0.191
  0.000
  0.000
  0.000
  0.000
  0.000
  0.000
  0.000
  0.000
  0.000
  0.000
  0.000
  0.000
  0.000
  0.000
  0.000
 10.776
  0.074
  0.000
  0.000
  0.000
  0.000
  0.000
  0.000
  6.491
  0.000
  0.000
  0.000
  0.000
  0.000
  0.000
  0.185
  5.673
  0.000
  0.000
  0.000
  0.000
  0.000
  0.000
  5.374
  0.000
  0.000
  0.000
  0.000
  0.000
 14.759
  0.258
  0.000
  0.000
  0.000
  0.000
  0.000
  0.000
  0.000
  0.000
  0.000
  0.000
  0.000
  8.659
  0.000
  0.000
  0.000
  0.000
  0.000
  0.000
  0.000
  0.000
  0.000
  0.000
  0.000
  7.638
  0.000
  0.000
  0.000
  0.000
  0.000
  4.497
  0.000
  0.000
  0.000
  0.000
  0.250
  9.935
  0.000
  0.000
  0.000
  0.000
  3.238
  0.000
  0.000
  0.000
  0.000
  6.184
  0.000
  0.000
  0.000
  0.000
  2.925
  0.031
  0.000
  0.000
  0.000
  0.177
  5.433
  0.000
  0.000
  0.000
  0.000
  0.000
  0.000
  0.000
  0.000
  9.090
  0.000
  0.000
  0.000
  0.000
  2.492
  0.000
  0.000
  0.000
  0.000
  9.573
  0.000
  0.000
  0.000
  4.636
  0.000
  0.000
