   1  32   1   0  0.1596323E+02  0.1000000E-03
  CAR 
 unknown system                          
   0   0   0
   1   1
 256 256 256
 256
  0.1000000E-09
  0.6250000E-11
   0
  0.5000000E-15  0.7993867E-09  0.7993867E-09  0.7993867E-09
  0.0000000E+00  0.0000000E+00
  0.000
  0.000
  0.000
  0.000
  0.000
  0.000
  0.000
  0.000
  0.000
  0.000
  0.000
  0.000
  0.000
  0.000
  0.000
  0.000
  0.000
  0.000
  0.000
  0.000
  0.000
  0.000
  0.000
  0.000
  0.000
  0.000
  0.000
  0.000
  0.000
  0.000
  0.000
  0.000
  0.000
  0.000
  0.000
  0.000
  0.000
  0.000
  0.000
  0.000
  0.000
  0.000
  0.000
  0.000
  0.000
 30.159
  0.000
  0.000
  0.000
  0.000
  0.000
  0.000
  0.000
  0.000
  0.000
  0.000
  0.000
  0.000
  0.000
  0.000
  0.000
  0.000
  0.000
  7.662
  0.078
  0.000
  0.000
  0.000
  0.000
  0.000
  0.000
  0.000
  0.000
  0.000
  0.000
  0.000
  0.000
  0.000
 20.265
  0.000
  0.000
  0.000
  0.000
  0.000
  0.000
  0.000
  0.000
  0.000
  0.000
  0.000
  7.623
  0.000
  0.000
  0.000
  0.000
  0.000
  0.000
  0.000
  0.000
  0.000
  0.129
 11.995
  0.000
  0.000
  0.000
  0.000
  0.000
  0.000
  0.000
  0.000
  3.409
  0.000
  0.000
  0.000
  0.000
  0.000
  0.000
  0.000
  0.000
 17.489
  0.000
  0.000
  0.000
  0.000
  0.000
  0.000
  0.000
  0.000
  0.000
  0.000
  0.000
  0.000
  0.000
  0.000
  0.000
 10.202
  0.000
  0.000
  0.000
  0.000
  0.000
  0.000
  6.022
  0.126
  0.000
  0.000
  0.000
  0.000
  0.000
  5.413
  0.172
  0.000
  0.000
  0.000
  0.000
  0.000
  5.099
  0.000
  0.000
  0.000
  0.000
  0.000
  0.246
 13.771
  0.000
  0.000
  0.000
  0.000
  0.000
  0.000
  0.000
  0.000
  0.000
  0.000
  0.085
  8.024
  0.000
  0.000
  0.000
  0.000
  0.000
  0.000
  0.000
  0.000
  0.000
  0.000
  7.180
  0.000
  0.000
  0.000
  0.000
  4.248
  0.009
  0.000
  0.000
  0.000
  0.101
  9.504
  0.000
  0.000
  0.000
  0.000
  3.045
  0.000
  0.000
  0.000
  0.000
  5.801
  0.000
  0.000
  0.000
  0.029
  2.737
  0.000
  0.000
  0.000
  5.273
  0.055
  0.000
  0.000
  0.000
  0.000
  0.000
  0.000
  0.000
  0.102
  8.418
  0.000
  0.000
  0.000
  2.350
  0.000
  0.000
  0.000
  8.847
  0.235
  0.000
  0.000
  0.000
  4.354
  0.000
  0.000
  0.000
  2.106
  0.000
  0.000
  0.000
  0.000
  0.000
  0.000
  0.000
  7.897
  0.000
  0.000
  0.000
  0.000
