   1  36   1   0  0.1746205E+02  0.1000000E-03
  CAR 
 unknown system                          
   0   0   0
   1   1
 256 256 256
 256
  0.1000000E-09
  0.6250000E-11
   0
  0.5000000E-15  0.8820702E-09  0.8820702E-09  0.9299549E-09
  0.0000000E+00  0.0000000E+00
  0.000
  0.000
  0.000
  0.000
  0.000
  0.000
  0.000
  0.000
  0.000
  0.000
  0.000
  0.000
  0.000
  0.000
  0.000
  0.000
  0.000
  0.000
  0.000
  0.000
  0.000
  0.000
  0.000
  0.000
  0.000
  0.000
  0.000
  0.000
  0.000
  0.000
  0.000
  0.000
  0.000
  0.000
  0.000
  0.000
  0.000
  0.000
  0.000
  0.000
  0.000
  0.000
  0.000
  0.000
  0.000
  0.305
 15.793
 14.855
  0.000
  0.000
  0.000
  0.000
  0.000
  0.000
  0.000
  0.000
  0.000
  0.000
  0.000
  0.000
  0.000
  0.000
  0.000
  0.000
  0.000
  2.801
  5.005
  0.000
  0.000
  0.000
  0.000
  0.000
  0.000
  0.000
  2.051
  0.000
  0.000
  0.000
  0.000
  0.000
  3.660
 11.854
  0.000
  0.000
  0.000
  0.000
  0.000
  0.165
  8.559
  0.000
  0.000
  0.000
  0.000
  0.036
  3.789
  0.000
  0.000
  0.000
  0.000
  0.000
  0.000
  0.000
  0.000
  0.000
  2.172
  4.006
  0.000
  0.000
  0.000
  0.000
  5.594
  0.000
  0.000
  0.000
  3.473
  1.707
  0.000
  0.000
  0.000
  3.144
  1.611
  0.000
  0.000
  0.726
 10.261
  0.040
  0.000
  0.000
  0.000
  0.000
  0.000
  0.000
  3.872
  0.018
  0.000
  0.000
  0.000
  0.000
  0.000
  0.000
  0.577
  1.137
  0.000
  0.000
  2.166
  4.317
  0.000
  0.000
  5.162
  1.019
  0.000
  0.000
  0.000
  0.000
  0.000
  3.295
  3.718
  0.000
  0.000
  1.790
  0.884
  0.000
  2.167
  1.691
  0.000
  0.000
  0.000
  0.000
  0.000
  5.547
  1.566
  0.000
  0.000
  0.000
  0.000
  0.400
  2.893
  0.000
  0.705
  1.423
  0.000
  1.382
  2.734
  0.000
  0.028
  3.933
  0.009
  1.592
  1.949
  0.317
  0.000
  0.000
  0.000
  3.057
  4.196
  0.000
  0.000
  0.000
  0.000
  4.012
  1.125
  0.000
  1.110
  0.550
  0.544
  1.078
  0.000
  0.000
  0.000
  0.526
  2.562
  0.000
  0.000
  0.000
  0.000
  2.696
  0.971
  0.963
  1.901
  0.236
  3.531
  1.843
  0.000
  0.228
  0.427
  3.159
  1.775
  0.892
  2.192
  0.840
  0.643
  0.000
  0.000
  0.000
  0.817
  2.064
  0.204
  1.211
  0.000
  3.164
  1.585
  0.000
  1.161
  0.192
  1.137
  0.383
  0.749
  0.372
  1.475
  1.824
  0.005
  0.000
  0.010
  2.101
  0.015
  2.441
