   1  32   1   0  0.1803971E+02  0.1000000E-03
  CAR 
 unknown system                          
   0   0   0
   1   1
 256 256 256
 256
  0.1000000E-09
  0.6250000E-11
   0
  0.5000000E-15  0.8326450E-09  0.8326450E-09  0.8326450E-09
  0.0000000E+00  0.0000000E+00
  0.000
  0.000
  0.000
  0.000
  0.000
  0.000
  0.000
  0.000
  0.000
  0.000
  0.000
  0.000
  0.000
  0.000
  0.000
  0.000
  0.000
  0.000
  0.000
  0.000
  0.000
  0.000
  0.000
  0.000
  0.000
  0.000
  0.000
  0.000
  0.000
  0.000
  0.000
  0.000
  0.000
  0.000
  0.000
  0.000
  0.000
  0.000
  0.000
  0.000
  0.000
  0.000
  0.000
  0.000
  0.000
  0.000
  0.680
 30.621
  0.000
  0.000
  0.000
  0.000
  0.000
  0.000
  0.000
  0.000
  0.000
  0.000
  0.000
  0.000
  0.000
  0.000
  0.000
  0.000
  0.000
  0.000
  7.978
  0.000
  0.000
  0.000
  0.000
  0.000
  0.000
  0.000
  0.000
  0.000
  0.000
  0.000
  0.000
  0.000
  0.000
 21.246
  0.000
  0.000
  0.000
  0.000
  0.000
  0.000
  0.000
  0.000
  0.000
  0.000
  0.000
  0.000
  7.901
  0.000
  0.000
  0.000
  0.000
  0.000
  0.000
  0.000
  0.000
  0.000
  0.000
 12.679
  0.000
  0.000
  0.000
  0.000
  0.000
  0.000
  0.000
  0.000
  0.000
  3.526
  0.000
  0.000
  0.000
  0.000
  0.000
  0.000
  0.000
  0.000
 18.209
  0.000
  0.000
  0.000
  0.000
  0.000
  0.000
  0.000
  0.000
  0.000
  0.000
  0.000
  0.000
  0.000
  0.000
  0.000
  0.000
 10.572
  0.000
  0.000
  0.000
  0.000
  0.000
  0.000
  6.266
  0.132
  0.000
  0.000
  0.000
  0.000
  0.000
  0.000
  5.762
  0.000
  0.000
  0.000
  0.000
  0.000
  0.000
  5.279
  0.000
  0.000
  0.000
  0.000
  0.000
 14.736
  0.000
  0.000
  0.000
  0.000
  0.000
  0.000
  0.000
  0.000
  0.000
  0.000
  0.000
  0.000
  8.474
  0.000
  0.000
  0.000
  0.000
  0.000
  0.000
  0.000
  0.000
  0.000
  0.000
  0.000
  7.461
  0.000
  0.000
  0.000
  0.000
  4.432
  0.000
  0.000
  0.000
  0.000
  0.000
 10.025
  0.000
  0.000
  0.000
  0.000
  3.185
  0.000
  0.000
  0.000
  0.000
  6.078
  0.000
  0.000
  0.000
  0.000
  2.872
  0.030
  0.000
  0.000
  0.000
  5.493
  0.057
  0.000
  0.000
  0.000
  0.000
  0.000
  0.000
  0.000
  0.000
  8.906
  0.000
  0.000
  0.000
  0.000
  2.440
  0.000
  0.000
  0.000
  9.443
  0.000
  0.000
  0.000
  0.000
  4.534
  0.000
  0.000
  0.000
  2.196
  0.000
  0.000
