   1  32   1   0  0.1166450E+02  0.1000000E-03
  CAR 
 unknown system                          
   0   0   0
   1   1
 256 256 256
 256
  0.1000000E-09
  0.6250000E-11
   0
  0.5000000E-15  0.7200103E-09  0.7200103E-09  0.7200103E-09
  0.0000000E+00  0.0000000E+00
  0.000
  0.000
  0.000
  0.000
  0.000
  0.000
  0.000
  0.000
  0.000
  0.000
  0.000
  0.000
  0.000
  0.000
  0.000
  0.000
  0.000
  0.000
  0.000
  0.000
  0.000
  0.000
  0.000
  0.000
  0.000
  0.000
  0.000
  0.000
  0.000
  0.000
  0.000
  0.000
  0.000
  0.000
  0.000
  0.000
  0.000
  0.000
  0.000
  0.000
 27.814
  0.000
  0.000
  0.000
  0.000
  0.000
  0.000
  0.000
  0.000
  0.000
  0.000
  0.000
  0.000
  0.000
  0.000
  0.000
  0.000
  6.900
  0.000
  0.000
  0.000
  0.000
  0.000
  0.000
  0.000
  0.000
  0.000
  0.000
  0.000
  0.000
 18.359
  0.000
  0.000
  0.000
  0.000
  0.000
  0.000
  0.000
  0.000
  0.000
  0.000
  6.869
  0.000
  0.000
  0.000
  0.000
  0.000
  0.000
  0.000
  0.000
  0.116
 10.785
  0.000
  0.000
  0.000
  0.000
  0.000
  0.000
  0.000
  3.072
  0.000
  0.000
  0.000
  0.000
  0.000
  0.000
  0.000
 15.792
  0.000
  0.000
  0.000
  0.000
  0.000
  0.000
  0.000
  0.000
  0.000
  0.000
  0.000
  0.000
  0.000
  0.000
  9.121
  0.000
  0.000
  0.000
  0.000
  0.000
  5.526
  0.000
  0.000
  0.000
  0.000
  0.000
  0.105
  4.866
  0.000
  0.000
  0.000
  0.000
  0.048
  4.510
  0.000
  0.000
  0.000
  0.000
 12.710
  0.044
  0.000
  0.000
  0.000
  0.000
  0.000
  0.000
  0.000
  0.000
  0.000
  7.357
  0.000
  0.000
  0.000
  0.000
  0.000
  0.000
  0.000
  0.000
  0.000
  6.335
  0.167
  0.000
  0.000
  0.000
  3.833
  0.000
  0.000
  0.000
  0.000
  8.689
  0.000
  0.000
  0.000
  0.029
  2.711
  0.000
  0.000
  0.000
  5.247
  0.000
  0.000
  0.000
  0.079
  2.410
  0.000
  0.000
  0.000
  4.775
  0.000
  0.000
  0.000
  0.000
  0.000
  0.000
  0.000
  7.712
  0.000
  0.000
  0.000
  2.119
  0.000
  0.000
  0.000
  8.160
  0.000
  0.000
  0.000
  3.930
  0.000
  0.000
  0.000
  1.894
  0.000
  0.000
  0.000
  0.000
  0.000
  0.000
  7.115
  0.000
  0.000
  0.000
  0.000
  0.000
  0.000
  6.555
  0.138
  0.000
  0.000
  3.235
  0.000
  0.000
  3.057
  0.098
  0.000
  0.000
  2.290
  0.000
  0.000
  7.448
  0.000
  0.000
  0.030
  1.413
  0.000
  0.000
  2.818
  0.000
