   1  32   1   0  0.1914389E+02  0.1000000E-03
  CAR 
 unknown system                          
   0   0   0
   1   1
 256 256 256
 256
  0.1000000E-09
  0.6250000E-11
   0
  0.5000000E-15  0.8492979E-09  0.8492979E-09  0.8492979E-09
  0.0000000E+00  0.0000000E+00
  0.000
  0.000
  0.000
  0.000
  0.000
  0.000
  0.000
  0.000
  0.000
  0.000
  0.000
  0.000
  0.000
  0.000
  0.000
  0.000
  0.000
  0.000
  0.000
  0.000
  0.000
  0.000
  0.000
  0.000
  0.000
  0.000
  0.000
  0.000
  0.000
  0.000
  0.000
  0.000
  0.000
  0.000
  0.000
  0.000
  0.000
  0.000
  0.000
  0.000
  0.000
  0.000
  0.000
  0.000
  0.000
  0.000
  0.000
  0.691
 31.169
  0.000
  0.000
  0.000
  0.000
  0.000
  0.000
  0.000
  0.000
  0.000
  0.000
  0.000
  0.000
  0.000
  0.000
  0.000
  0.000
  0.000
  0.000
  8.131
  0.083
  0.000
  0.000
  0.000
  0.000
  0.000
  0.000
  0.000
  0.000
  0.000
  0.000
  0.000
  0.000
  0.000
  0.000
 21.479
  0.000
  0.000
  0.000
  0.000
  0.000
  0.000
  0.000
  0.000
  0.000
  0.000
  0.000
  0.171
  7.873
  0.000
  0.000
  0.000
  0.000
  0.000
  0.000
  0.000
  0.000
  0.000
  0.000
 12.959
  0.000
  0.000
  0.000
  0.000
  0.000
  0.000
  0.000
  0.000
  0.000
  3.616
  0.000
  0.000
  0.000
  0.000
  0.000
  0.000
  0.000
  0.000
  0.195
 18.233
  0.000
  0.000
  0.000
  0.000
  0.000
  0.000
  0.000
  0.000
  0.000
  0.000
  0.000
  0.000
  0.000
  0.000
  0.000
  0.076
 10.684
  0.000
  0.000
  0.000
  0.000
  0.000
  0.000
  6.457
  0.067
  0.000
  0.000
  0.000
  0.000
  0.000
  0.000
  5.887
  0.000
  0.000
  0.000
  0.000
  0.000
  0.000
  5.402
  0.000
  0.000
  0.000
  0.000
  0.000
  0.000
 14.925
  0.000
  0.000
  0.000
  0.000
  0.000
  0.000
  0.000
  0.000
  0.000
  0.000
  0.000
  0.091
  8.521
  0.000
  0.000
  0.000
  0.000
  0.000
  0.000
  0.000
  0.000
  0.000
  0.000
  0.080
  7.522
  0.000
  0.000
  0.000
  0.000
  4.520
  0.000
  0.000
  0.000
  0.000
  0.000
 10.236
  0.000
  0.000
  0.000
  0.000
  3.221
  0.034
  0.000
  0.000
  0.000
  0.000
  6.160
  0.000
  0.000
  0.000
  0.000
  2.945
  0.000
  0.000
  0.000
  0.000
  5.637
  0.000
  0.000
  0.000
  0.000
  0.000
  0.000
  0.000
  0.000
  0.000
  9.062
  0.000
  0.000
  0.000
  2.453
  0.052
  0.000
  0.000
  0.000
  9.623
  0.000
  0.000
  0.000
  0.000
  4.624
  0.000
