   1  32   1   0  0.1646436E+02  0.1000000E-03
  CAR 
 unknown system                          
   0   0   0
   1   1
 256 256 256
 256
  0.1000000E-09
  0.6250000E-11
   0
  0.5000000E-15  0.8076656E-09  0.8076656E-09  0.8076656E-09
  0.0000000E+00  0.0000000E+00
  0.000
  0.000
  0.000
  0.000
  0.000
  0.000
  0.000
  0.000
  0.000
  0.000
  0.000
  0.000
  0.000
  0.000
  0.000
  0.000
  0.000
  0.000
  0.000
  0.000
  0.000
  0.000
  0.000
  0.000
  0.000
  0.000
  0.000
  0.000
  0.000
  0.000
  0.000
  0.000
  0.000
  0.000
  0.000
  0.000
  0.000
  0.000
  0.000
  0.000
  0.000
  0.000
  0.000
  0.000
  0.000
 31.105
  0.000
  0.000
  0.000
  0.000
  0.000
  0.000
  0.000
  0.000
  0.000
  0.000
  0.000
  0.000
  0.000
  0.000
  0.000
  0.000
  0.000
  0.000
  7.740
  0.000
  0.000
  0.000
  0.000
  0.000
  0.000
  0.000
  0.000
  0.000
  0.000
  0.000
  0.000
  0.000
  0.000
 20.378
  0.000
  0.000
  0.000
  0.000
  0.000
  0.000
  0.000
  0.000
  0.000
  0.000
  0.000
  7.692
  0.000
  0.000
  0.000
  0.000
  0.000
  0.000
  0.000
  0.000
  0.000
  0.000
 12.259
  0.000
  0.000
  0.000
  0.000
  0.000
  0.000
  0.000
  0.000
  3.345
  0.106
  0.000
  0.000
  0.000
  0.000
  0.000
  0.000
  0.000
 17.555
  0.182
  0.000
  0.000
  0.000
  0.000
  0.000
  0.000
  0.000
  0.000
  0.000
  0.000
  0.000
  0.000
  0.000
  0.000
  0.144
 10.077
  0.000
  0.000
  0.000
  0.000
  0.000
  0.000
  6.168
  0.000
  0.000
  0.000
  0.000
  0.000
  0.000
  5.612
  0.000
  0.000
  0.000
  0.000
  0.000
  0.000
  5.127
  0.000
  0.000
  0.000
  0.000
  0.000
 14.279
  0.000
  0.000
  0.000
  0.000
  0.000
  0.000
  0.000
  0.000
  0.000
  0.000
  0.000
  8.097
  0.170
  0.000
  0.000
  0.000
  0.000
  0.000
  0.000
  0.000
  0.000
  0.000
  0.000
  7.250
  0.000
  0.000
  0.000
  0.000
  4.300
  0.000
  0.000
  0.000
  0.000
  0.034
  9.675
  0.000
  0.000
  0.000
  0.000
  3.080
  0.000
  0.000
  0.000
  0.000
  5.869
  0.000
  0.000
  0.000
  0.000
  2.799
  0.000
  0.000
  0.000
  0.056
  5.291
  0.000
  0.000
  0.000
  0.000
  0.000
  0.000
  0.000
  0.000
  8.634
  0.000
  0.000
  0.000
  2.333
  0.049
  0.000
  0.000
  0.000
  9.134
  0.000
  0.000
  0.000
  4.417
  0.000
  0.000
  0.000
  0.045
  2.076
  0.000
  0.000
  0.000
  0.000
  0.000
  0.000
  0.000
  7.954
  0.000
