   1   2   1   0  0.1780783E+02  0.1000000E-03
  CAR 
 unknown system                          
   0   0   0
   1   1
 256 256 256
 256
  0.1000000E-09
  0.6250000E-11
   0
  0.5000000E-15  0.2940234E-09  0.2940234E-09  0.4741849E-09
  0.0000000E+00  0.0000000E+00
  0.000
  0.000
  0.000
  0.000
  0.000
  0.000
  0.000
  0.000
  0.000
  0.000
  0.000
  0.000
  0.000
  0.000
  0.000
  0.000
  0.000
  0.000
  0.000
  0.000
  0.000
  0.000
  0.000
  0.000
  0.000
  0.000
  0.000
  0.000
  0.000
  0.000
  0.000
  0.000
  0.000
  0.000
  0.000
  0.000
  0.000
  0.000
  0.000
  0.000
  0.000
  0.000
  0.000
  0.000
  0.000
  0.000
 16.106
  0.000
  0.000
  0.000
  0.000
  0.000
  0.000
  0.000
  0.000
  0.000
  0.000
  0.000
  0.000
  0.000
  0.000
  0.000
  0.000
  0.000
  0.000
  0.000
  7.875
  0.000
  0.000
  0.000
  0.000
  0.000
  0.000
  0.000
  0.000
  0.000
  0.000
  0.000
  0.000
  0.000
  0.000
 10.486
  0.000
  0.000
  0.000
  0.000
  0.000
  0.000
  0.000
  0.000
  0.000
  0.000
  0.000
  0.000
  0.000
  0.000
  0.000
  0.000
  0.000
  0.000
  0.000
  0.000
  0.000
  0.000
  2.126
  4.172
  0.000
  0.000
  0.000
  0.000
  0.000
  0.000
  0.000
  0.000
  0.000
  2.611
  0.000
  2.523
  0.000
  0.000
  0.000
  0.000
  0.000
  0.000
  4.494
  0.737
  1.451
  0.000
  0.000
  0.000
  0.000
  0.000
  0.000
  0.000
  3.850
  0.000
  0.000
  0.000
  0.000
  0.000
  0.588
  1.160
  0.000
  0.000
  0.000
  0.000
  0.000
  0.000
  2.106
  2.078
  2.050
  0.000
  0.000
  0.000
  0.000
  0.960
  1.896
  1.404
  0.000
  0.000
  0.000
  0.000
  0.000
  0.000
  2.574
  0.000
  0.000
  0.000
  0.000
  1.616
  0.799
  0.000
  0.000
  0.000
  0.000
  0.000
  0.373
  0.737
  0.000
  0.000
  0.000
  0.705
  1.394
  2.069
  0.000
  0.000
  0.000
  0.000
  0.000
  1.940
  0.000
  0.950
  0.000
  0.930
  1.841
  0.000
  0.000
  0.893
  0.000
  1.167
  1.733
  0.572
  1.699
  0.000
  0.000
  0.000
  0.000
  0.000
  0.000
  0.000
  0.524
  0.519
  0.514
  1.528
  0.000
  1.000
  0.495
  0.000
  0.729
  0.000
  0.239
  1.656
  0.938
  1.394
  0.000
  0.457
  1.810
  0.449
  0.000
  0.000
  0.000
  0.000
  0.000
  0.639
  0.422
  0.837
  0.000
  0.412
  0.816
  0.405
  1.606
  0.398
  1.184
  0.000
  0.971
  0.770
  0.000
  0.000
  0.000
  0.373
  0.740
  0.734
  0.364
  0.000
  0.000
  0.000
