   1  32   1   0  0.1275737E+02  0.1000000E-03
  CAR 
 unknown system                          
   0   0   0
   1   1
 256 256 256
 256
  0.1000000E-09
  0.6250000E-11
   0
  0.5000000E-15  0.7418288E-09  0.7418288E-09  0.7418288E-09
  0.0000000E+00  0.0000000E+00
  0.000
  0.000
  0.000
  0.000
  0.000
  0.000
  0.000
  0.000
  0.000
  0.000
  0.000
  0.000
  0.000
  0.000
  0.000
  0.000
  0.000
  0.000
  0.000
  0.000
  0.000
  0.000
  0.000
  0.000
  0.000
  0.000
  0.000
  0.000
  0.000
  0.000
  0.000
  0.000
  0.000
  0.000
  0.000
  0.000
  0.000
  0.000
  0.000
  0.000
  0.000
 28.368
  0.576
  0.000
  0.000
  0.000
  0.000
  0.000
  0.000
  0.000
  0.000
  0.000
  0.000
  0.000
  0.000
  0.000
  0.000
  0.000
  0.000
  7.047
  0.000
  0.000
  0.000
  0.000
  0.000
  0.000
  0.000
  0.000
  0.000
  0.000
  0.000
  0.000
 18.986
  0.000
  0.000
  0.000
  0.000
  0.000
  0.000
  0.000
  0.000
  0.000
  0.000
  7.008
  0.146
  0.000
  0.000
  0.000
  0.000
  0.000
  0.000
  0.000
  0.000
 11.416
  0.000
  0.000
  0.000
  0.000
  0.000
  0.000
  0.000
  0.000
  3.166
  0.000
  0.000
  0.000
  0.000
  0.000
  0.000
  0.000
  0.511
 15.553
  0.000
  0.000
  0.000
  0.000
  0.000
  0.000
  0.000
  0.000
  0.000
  0.000
  0.000
  0.000
  0.000
  9.372
  0.130
  0.000
  0.000
  0.000
  0.000
  0.000
  5.684
  0.000
  0.000
  0.000
  0.000
  0.000
  0.000
  5.128
  0.000
  0.000
  0.000
  0.000
  0.000
  4.714
  0.000
  0.000
  0.000
  0.000
  0.000
 13.044
  0.000
  0.000
  0.000
  0.000
  0.000
  0.000
  0.000
  0.000
  0.000
  0.000
  7.559
  0.000
  0.000
  0.000
  0.000
  0.000
  0.000
  0.000
  0.000
  0.000
  0.175
  6.458
  0.000
  0.000
  0.000
  0.107
  3.809
  0.000
  0.000
  0.000
  8.895
  0.093
  0.000
  0.000
  0.000
  2.839
  0.000
  0.000
  0.000
  0.000
  5.386
  0.000
  0.000
  0.000
  2.585
  0.000
  0.000
  0.000
  0.000
  4.916
  0.000
  0.000
  0.000
  0.000
  0.000
  0.000
  0.000
  7.958
  0.000
  0.000
  0.000
  2.144
  0.045
  0.000
  0.000
  0.154
  8.209
  0.000
  0.000
  0.085
  3.948
  0.000
  0.000
  1.922
  0.041
  0.000
  0.000
  0.000
  0.000
  0.000
  0.000
  7.322
  0.000
  0.000
  0.000
  0.000
  0.000
  0.000
  0.144
  6.702
  0.000
  0.000
  3.339
  0.000
  0.000
  0.000
  3.232
  0.000
  0.000
  2.367
  0.000
  0.000
  0.000
  7.644
