   0.000000000000000        76.027652117946786
  10.000000000000000        76.026879242765716
  20.000000000000000        76.016930375979271
  30.000000000000000        75.981068316047825
  40.000000000000000        75.908515245282771
  50.000000000000000        75.799943552055353
  60.000000000000000        75.661406573476668
  70.000000000000000        75.499755770923159
  80.000000000000000        75.320998719542573
  90.000000000000000        75.129979021590728
 100.000000000000000        74.930430931655536
 110.000000000000000        74.725189484048244
 120.000000000000000        74.516365680196827
 130.000000000000000        74.305550326223766
 140.000000000000000        74.093923008322122
 150.000000000000000        73.882370701196365
 160.000000000000000        73.671562423567380
 170.000000000000000        73.462003203309365
 180.000000000000000        73.254085712362240
 190.000000000000000        73.048100791169432
 200.000000000000000        72.844291135690341
 210.000000000000000        72.642833857611379
 220.000000000000000        72.443873939827924
 230.000000000000000        72.247528598134153
 240.000000000000000        72.053892593216048
 250.000000000000000        71.863044001144587
 260.000000000000000        71.675031950354139
 270.000000000000000        71.489922247245573
 280.000000000000000        71.307755629883331
 290.000000000000000        71.128560583316045
 300.000000000000000        70.952376975477947
 310.000000000000000        70.779222038465136
 320.000000000000000        70.609119529688257
 330.000000000000000        70.442098630770033
 340.000000000000000        70.278161349961465
 350.000000000000000        70.117331357336482
 360.000000000000000        69.959629979631643
 370.000000000000000        69.805054957774701
 380.000000000000000        69.653607937739665
 390.000000000000000        69.505322681267955
 400.000000000000000        69.360189335983975
 410.000000000000000        69.218213111932883
 420.000000000000000        69.079425697075862
 430.000000000000000        68.943817699212445
 440.000000000000000        68.811385008208831
 450.000000000000000        68.682133360600048
 460.000000000000000        68.556087277248238
 470.000000000000000        68.433217939589525
 480.000000000000000        68.313559473603959
 490.000000000000000        68.197126648420451
 500.000000000000000        68.083861000998297
 510.000000000000000        67.973824497324273
 520.000000000000000        67.866976094798673
 530.000000000000000        67.763394526651666
 540.000000000000000        67.663012661997044
 550.000000000000000        67.565809752330438
 560.000000000000000        67.471851253322995
 570.000000000000000        67.381127317763500
 580.000000000000000        67.293615346388052
 590.000000000000000        67.209296748042505
 600.000000000000000        67.128241205202073
 610.000000000000000        67.050418764344172
 620.000000000000000        66.975771363007198
 630.000000000000000        66.904392968773664
 640.000000000000000        66.836225107100574
 650.000000000000000        66.771297269787240
 660.000000000000000        66.709616300071929
 670.000000000000000        66.651101960282560
 680.000000000000000        66.595798426896494
 690.000000000000000        66.543778370503276
 700.000000000000000        66.494995279304533
 710.000000000000000        66.449468035381059
 720.000000000000000        66.407066997828522
 730.000000000000000        66.367832609462667
 740.000000000000000        66.331964096235339
 750.000000000000000        66.299284532429638
 760.000000000000000        66.269789318156427
 770.000000000000000        66.243518595859712
 780.000000000000000        66.220504326949182
 790.000000000000000        66.200651715455351
 800.000000000000000        66.184069033384219
 810.000000000000000        66.170595581045021
 820.000000000000000        66.160378919251599
 830.000000000000000        66.153343122566554
 840.000000000000000        66.149521122423181
 850.000000000000000        66.148980751908653
 860.000000000000000        66.151593711548927
 870.000000000000000        66.157381463137682
 880.000000000000000        66.166420307630631
 890.000000000000000        66.178546263178887
 900.000000000000000        66.193828183048069
 910.000000000000000        66.212299239226169
 920.000000000000000        66.234173152590415
 930.000000000000000        66.259017010257750
 940.000000000000000        66.287185259999106
 950.000000000000000        66.318259662842834
 960.000000000000000        66.352618506806792
 970.000000000000000        66.390144687423003
 980.000000000000000        66.431086709266040
 990.000000000000000        66.475218345456241
1000.000000000000000        66.521812548993239
