# temperature   10.000000000000000
#   -0.000000552452353    0.000237639154408   -0.031757855373598    1.722858127332815  -33.192307382663799
  56.421670040000002    0.031850900000000
  58.222227920000002    0.041974200000000
  60.060690899999997    0.048715900000000
  61.937453820000002    0.088452600000000
  63.852911519999999    0.095343700000000
  65.807458859999997    0.110219800000000
  67.801490670000007    0.064654000000000
  69.835401800000000    0.094211100000000
  71.909587099999996    0.181505000000000
  74.024441400000001    0.453991900000000
  76.180359559999999    0.564018600000000


# temperature   20.000000000000000
#   -0.000002640384924    0.001249609330054   -0.172823250551356    9.535326203309921 -185.461244350183904
  56.421670040000002    0.298667400000000
  58.222227920000002    0.380135100000000
  60.060690899999997    0.453363300000000
  61.937453820000002    0.664470000000000
  63.852911519999999    0.741643700000000
  65.807458859999997    0.869335700000000
  67.801490670000007    0.923359000000000
  69.835401800000000    1.117760100000000
  71.909587099999996    1.850938300000000
  74.024441400000001    3.291146000000000
  76.180359559999999    4.143939500000000


# temperature   30.000000000000000
#   -0.000016524549922    0.005440358110261   -0.629886644956422   31.157969017476727 -562.213818219300720
  56.421670040000002    1.140067400000000
  58.222227920000002    1.485518500000000
  60.060690899999997    1.833169400000000
  61.937453820000002    2.429791600000000
  63.852911519999999    2.795850000000000
  65.807458859999997    3.438550600000000
  67.801490670000007    4.963071700000000
  69.835401800000000    5.490920600000000
  71.909587099999996    7.347779900000000
  74.024441400000001    9.862740900000000
  76.180359559999999   11.836344900000000


# temperature   40.000000000000000
#   -0.000031215109246    0.009365826672386   -1.013414882103582   47.582469983733162 -823.602657668572647
  56.421670040000002    3.102472300000000
  58.222227920000002    4.001254900000000
  60.060690899999997    4.915930500000000
  61.937453820000002    6.113078700000000
  63.852911519999999    7.008773800000000
  65.807458859999997    8.671156800000000
  67.801490670000007   12.620089399999999
  69.835401800000000   13.536444299999999
  71.909587099999996   16.153417500000000
  74.024441400000001   18.983552400000001
  76.180359559999999   21.854792300000000


# temperature   50.000000000000000
#   -0.000034865805463    0.009921719263041   -1.022167880536182   45.955702949570046 -765.728523948690508
  56.421670040000002    6.473777200000000
  58.222227920000002    8.112908300000001
  60.060690899999997    9.753589900000000
  61.937453820000002   11.598880200000000
  63.852911519999999   13.091602300000000
  65.807458859999997   15.900489100000000
  67.801490670000007   21.921810199999999
  69.835401800000000   23.176990700000001
  71.909587099999996   26.122748200000000
  74.024441400000001   28.842729800000001
  76.180359559999999   32.237108200000002


# temperature   60.000000000000000
#   -0.000028336616865    0.007569295234407   -0.725169334135478   30.299850750756967 -469.870503399642928
  56.421670040000002   11.080039700000000
  58.222227920000002   13.467272500000000
  60.060690899999997   15.814979200000000
  61.937453820000002   18.202458499999999
  63.852911519999999   20.218919499999998
  65.807458859999997   23.982645000000002
  67.801490670000007   31.284618900000002
  69.835401800000000   32.783257300000002
  71.909587099999996   35.799676400000003
  74.024441400000001   38.275647900000003
  76.180359559999999   41.873306999999997


# temperature   70.000000000000000
#   -0.000016162140542    0.003681018708962   -0.274539481848637    7.939125123227643  -65.591166361575603
  56.421670040000002   16.514881299999999
  58.222227920000002   19.537035100000001
  60.060690899999997   22.466595999999999
  61.937453820000002   25.232732100000000
  63.852911519999999   27.641143899999999
  65.807458859999997   32.055691099999997
  67.801490670000007   39.935836999999999
  69.835401800000000   41.574832700000002
  71.909587099999996   44.519796700000001
  74.024441400000001   46.733611900000000
  76.180359559999999   50.311119900000001


# temperature   80.000000000000000
#   -0.000001978332065   -0.000693131897863    0.217988711288345  -15.936081831135576  358.138759647893153
  56.421670040000002   22.361208999999999
  58.222227920000002   25.857190299999999
  60.060690899999997   29.206633100000001
  61.937453820000002   32.192857900000000
  63.852911519999999   34.854049199999999
  65.807458859999997   39.627727600000000
  67.801490670000007   47.594594899999997
  69.835401800000000   49.285513999999999
  71.909587099999996   52.081774099999997
  74.024441400000001   54.050490600000003
  76.180359559999999   57.472671800000001


# temperature   90.000000000000000
#    0.000012076862923   -0.004953665730467    0.690439121959394  -38.528030458347217  754.663183601324135
  56.421670040000002   28.285190300000000
  58.222227920000002   32.092566200000000
  60.060690899999997   35.704538399999997
  61.937453820000002   38.781718300000001
  63.852911519999999   41.573769599999999
  65.807458859999997   46.474761800000003
  67.801490670000007   54.224018299999997
  69.835401800000000   55.901575299999998
  71.909587099999996   58.510879799999998
  74.024441400000001   60.260072899999997
  76.180359559999999   63.457144399999997


# temperature  100.000000000000000
#    0.000024957721171   -0.008818068715751    1.114765701068461  -58.625353075934278 1104.682176735624353
  56.421670040000002   34.053483700000001
  58.222227920000002   38.030870299999997
  60.060690899999997   41.771841500000001
  61.937453820000002   44.844567900000001
  63.852911519999999   47.671610500000000
  65.807458859999997   52.534762800000003
  67.801490670000007   59.896710900000002
  69.835401800000000   61.518010699999998
  71.909587099999996   63.926459800000003
  74.024441400000001   65.482227600000002
  76.180359559999999   68.427040199999993


# temperature  110.000000000000000
#    0.000036270210524   -0.012188723841253    1.482283932692625  -75.902504483595365 1403.853703740340734
  56.421670040000002   39.520145999999997
  58.222227920000002   43.554693200000003
  60.060690899999997   47.320614599999999
  61.937453820000002   50.323309799999997
  63.852911519999999   53.115702700000000
  65.807458859999997   57.832896599999998
  67.801490670000007   64.726142499999995
  69.835401800000000   66.266077699999997
  71.909587099999996   68.474583199999998
  74.024441400000001   69.861173899999997
  76.180359559999999   72.551841499999995


# temperature  120.000000000000000
#    0.000045968183308   -0.015064432874159    1.794160589474146  -90.473051376662681 1655.054968267647610
  56.421670040000002   44.605618600000000
  58.222227920000002   48.612708400000002
  60.060690899999997   52.327610600000000
  61.937453820000002   55.218281099999999
  63.852911519999999   57.928865999999999
  65.807458859999997   62.435289300000001
  67.801490670000007   68.833041399999999
  69.835401800000000   70.279161000000002
  71.909587099999996   72.297050799999994
  74.024441400000001   73.536184300000002
  76.180359559999999   75.984471200000002


# temperature  130.000000000000000
#    0.000054171041762   -0.017488326154673    2.055917560290551 -102.636165688579766 1864.067922793592970
  56.421670040000002   49.276738600000002
  58.222227920000002   53.196256099999999
  60.060690899999997   56.807875199999998
  61.937453820000002   59.561989699999998
  63.852911519999999   62.161208999999999
  65.807458859999997   66.422681900000001
  67.801490670000007   72.330186400000002
  69.835401800000000   73.678399499999998
  71.909587099999996   75.519256999999996
  74.024441400000001   76.630022199999999
  76.180359559999999   78.854180299999996


# temperature  140.000000000000000
#    0.000061062184314   -0.019519383710561    2.274483619332802 -112.743307975056311 2037.355740447220796
  56.421670040000002   53.530657300000001
  58.222227920000002   57.322237399999999
  60.060690899999997   60.796941400000001
  61.937453820000002   63.402316100000000
  63.852911519999999   65.873585700000007
  65.807458859999997   69.876524799999999
  67.801490670000007   75.316648000000001
  69.835401800000000   76.568055700000002
  71.909587099999996   78.247136600000005
  74.024441400000001   79.246120099999999
  76.180359559999999   81.266722799999997


# temperature  150.000000000000000
#    0.000066836795511   -0.021218108489260    2.456746268853175 -121.134458697926121 2181.029212654043931
  56.421670040000002   57.383004200000002
  58.222227920000002   61.021438500000002
  60.060690899999997   64.339543000000006
  61.937453820000002   66.792394700000003
  63.852911519999999   69.128270299999997
  65.807458859999997   72.872340800000003
  67.801490670000007   77.876660500000000
  69.835401800000000   79.035379000000006
  71.909587099999996   80.568089900000004
  74.024441400000001   81.469603699999993
  76.180359559999999   83.307255799999993


# temperature  160.000000000000000
#    0.000071677080285   -0.022639959403523    2.608914055913139 -128.111347115642957 2300.436070787645804
  56.421670040000002   60.859677599999998
  58.222227920000002   64.330973599999993
  60.060690899999997   67.482851100000005
  61.937453820000002   69.784897200000003
  63.852911519999999   71.984124300000005
  65.807458859999997   75.477111699999995
  67.801490670000007   80.080572900000007
  69.835401800000000   81.152306999999993
  71.909587099999996   82.553368199999994
  74.024441400000001   83.369712199999995
  76.180359559999999   85.043880700000003


# temperature  170.000000000000000
#    0.000075742899877   -0.023833055692115    2.736316194369502 -133.930229561594587 2400.072414821092480
  56.421670040000002   63.991416700000002
  58.222227920000002   67.289631000000000
  60.060690899999997   70.272671900000006
  61.937453820000002   72.429069299999995
  63.852911519999999   74.494417900000002
  65.807458859999997   77.748764399999999
  67.801490670000007   81.986584600000000
  69.835401800000000   82.977725599999999
  71.909587099999996   84.260756900000004
  74.024441400000001   85.002482299999997
  76.180359559999999   86.530972899999995


# temperature  180.000000000000000
#    0.000079169670124   -0.024837857907326    2.843400005415653 -138.803269970416295 2483.631394199112947
  56.421670040000002   66.810368900000000
  58.222227920000002   69.935168700000006
  60.060690899999997   72.751499199999998
  61.937453820000002   74.769416600000000
  63.852911519999999   76.706143499999996
  65.807458859999997   79.736669800000001
  67.801490670000007   83.642633300000000
  69.835401800000000   84.559710400000000
  71.909587099999996   85.737068199999996
  74.024441400000001   86.413224000000000
  76.180359559999999   87.812016900000003


# temperature  190.000000000000000
#    0.000082069726242   -0.025687757687337    2.933815328981551 -142.903500398077654 2554.105341601795772
  56.421670040000002   69.348028400000004
  58.222227920000002   72.302866499999993
  60.060690899999997   74.957683000000003
  61.937453820000002   76.845334300000005
  63.852911519999999   78.660118400000002
  65.807458859999997   81.482563499999998
  67.801490670000007   85.088160000000002
  69.835401800000000   85.937518999999995
  71.909587099999996   87.020278399999995
  74.024441400000001   87.638632000000001
  76.180359559999999   88.921909499999998


# temperature  200.000000000000000
#    0.000084535323406   -0.026410070603897    3.010534493368825 -146.371088046961688 2613.904458252211498
  56.421670040000002   71.634081399999999
  58.222227920000002   74.424861899999996
  60.060690899999997   76.925241499999998
  61.937453820000002   78.691245800000004
  63.852911519999999   80.391467300000002
  65.807458859999997   83.021579900000006
  67.801490670000007   86.355645199999998
  69.835401800000000   87.143274199999993
  71.909587099999996   88.141287700000007
  74.024441400000001   88.708517900000004
  76.180359559999999   89.888784700000002


# temperature  210.000000000000000
#    0.000086641772607   -0.027027028811622    3.075967846460798 -149.319178258171775 2664.964483246511918
  56.421670040000002   73.695835400000007
  58.222227920000002   76.329954200000003
  60.060690899999997   78.684021799999996
  61.937453820000002   80.336991400000002
  63.852911519999999   81.930255700000004
  65.807458859999997   84.383251200000004
  67.801490670000007   87.471898199999998
  69.835401800000000   88.203343700000005
  71.909587099999996   89.125337799999997
  74.024441400000001   89.647200600000005
  76.180359559999999   90.735444500000000


# temperature  220.000000000000000
#    0.000088450318869   -0.027556672517646    3.132065450471272 -151.838942200842069 2708.838128426235926
  56.421670040000002   75.558009699999999
  58.222227920000002   78.043677700000003
  60.060690899999997   80.260033000000007
  61.937453820000002   81.808317099999996
  63.852911519999999   83.302149200000002
  65.807458859999997   85.592405499999998
  67.801490670000007   88.459117399999997
  69.835401800000000   89.139455699999999
  71.909587099999996   89.993141699999995
  74.024441400000001   90.474610999999996
  76.180359559999999   91.480472700000007


# temperature  230.000000000000000
#    0.000090010805426   -0.028013657657994    3.180407478364347 -154.003987531235282 2746.773783886169895
  56.421670040000002   77.242742300000003
  58.222227920000002   79.588515200000003
  60.060690899999997   81.675847500000003
  61.937453820000002   83.127382200000000
  63.852911519999999   84.529037599999995
  65.807458859999997   86.669945499999997
  67.801490670000007   89.335750899999994
  69.835401800000000   89.969591800000003
  71.909587099999996   90.761778100000001
  74.024441400000001   91.207164700000007
  76.180359559999999   92.139102199999996


# temperature  240.000000000000000
#    0.000091363872122   -0.028409916394736    3.222277466462218 -155.873898893291909 2779.778087180967759
  56.421670040000002   78.769718400000002
  58.222227920000002   80.984177500000001
  60.060690899999997   82.951013500000002
  61.937453820000002   84.313242000000002
  63.852911519999999   85.629597599999997
  65.807458859999997   87.633507199999997
  67.801490670000007   90.117192200000005
  69.835401800000000   90.708701399999995
  71.909587099999996   91.445399600000002
  74.024441400000001   91.858451299999999
  76.180359559999999   92.723890600000004


# temperature  250.000000000000000
#    0.000092542760775   -0.028755197363721    3.258721948866911 -157.497104606753226 2808.666291601177818
  56.421670040000002   80.156360399999997
  58.222227920000002   82.247901299999995
  60.060690899999997   84.102446700000002
  61.937453820000002   85.382285600000003
  63.852911519999999   86.619783100000006
  65.807458859999997   88.498010800000003
  67.801490670000007   90.816339499999998
  69.835401800000000   91.369269799999998
  71.909587099999996   92.055792699999998
  74.024441400000001   92.439777899999996
  76.180359559999999   93.245248399999994


# temperature  260.000000000000000
#    0.000093574600387   -0.029057452149676    3.290593223005497 -158.912931930208771 2834.098266056209468
  56.421670040000002   81.418043299999994
  58.222227920000002   83.394741800000006
  60.060690899999997   85.144787199999996
  61.937453820000002   86.348622899999995
  63.852911519999999   87.513247600000000
  65.807458859999997   89.276116999999999
  67.801490670000007   91.444046900000004
  69.835401800000000   91.961773300000004
  71.909587099999996   92.602822300000000
  74.024441400000001   92.960600600000006
  76.180359559999999   93.711853899999994


# temperature  270.000000000000000
#    0.000094481850921   -0.029323255897355    3.318594669985590 -160.153738747856096 2856.615247535766684
  56.421670040000002   82.568312899999995
  58.222227920000002   84.437844999999996
  60.060690899999997   86.090716900000004
  61.937453820000002   87.224420300000006
  63.852911519999999   88.321701399999995
  65.807458859999997   89.978604200000007
  67.801490670000007   92.009487100000001
  69.835401800000000   92.495042799999993
  71.909587099999996   93.094784799999999
  74.024441400000001   93.428866099999993
  76.180359559999999   94.130979199999999


# temperature  280.000000000000000
#    0.000095282990352   -0.029558017338750    3.343304224634022 -161.246045440565808 2876.659623039175131
  56.421670040000002   83.619095599999994
  58.222227920000002   85.388694599999994
  60.060690899999997   86.951236300000005
  61.937453820000002   88.020188000000005
  63.852911519999999   89.055213699999996
  65.807458859999997   90.614679600000002
  67.801490670000007   92.520444600000005
  69.835401800000000   92.976555599999998
  71.909587099999996   93.538690900000006
  74.024441400000001   93.851285300000001
  76.180359559999999   94.508750000000006


# temperature  290.000000000000000
#    0.000095993303859   -0.029766209120128    3.365199167280425 -162.211695517418747 2894.594766154214540
  56.421670040000002   84.580891500000007
  58.222227920000002   86.257331500000006
  60.060690899999997   87.735904000000005
  61.937453820000002   88.745025900000002
  63.852911519999999   89.722465700000001
  65.807458859999997   91.192234499999998
  67.801490670000007   92.983553400000005
  69.835401800000000   93.412670500000004
  71.909587099999996   93.940492000000006
  74.024441400000001   94.233551399999996
  76.180359559999999   94.850351300000000


# temperature  300.000000000000000
#    0.000096625594228   -0.029951575164592    3.384678449105636 -163.068901735540265 2910.722962466345507
  56.421670040000002   85.462950300000003
  58.222227920000002   87.052546599999999
  60.060690899999997   88.453041700000000
  61.937453820000002   89.406830799999994
  63.852911519999999   90.330963100000005
  65.807458859999997   91.718055899999996
  67.801490670000007   93.404489799999993
  69.835401800000000   93.808818599999995
  71.909587099999996   94.305262499999998
  74.024441400000001   94.580516000000003
  76.180359559999999   95.160192699999996


# temperature  310.000000000000000
#    0.000097190561274   -0.030117243829939    3.402075046455828 -163.832828036861457 2925.295336568368384
  56.421670040000002   86.273427100000006
  58.222227920000002   87.782048200000006
  60.060690899999997   89.109910299999996
  61.937453820000002   90.012472900000006
  63.852911519999999   90.887213500000001
  65.807458859999997   92.198000899999997
  67.801490670000007   93.788129600000005
  69.835401800000000   94.169657000000001
  71.909587099999996   94.637347500000004
  74.024441400000001   94.896331500000002
  76.180359559999999   95.442041099999997


# temperature  320.000000000000000
#    0.000097697158508   -0.030265833602671    3.417667447853794 -164.516129437797275 2938.521072400712455
  56.421670040000002   87.019520799999995
  58.222227920000002   88.452607400000005
  60.060690899999997   89.712859199999997
  61.937453820000002   90.567944400000002
  63.852911519999999   91.396875499999993
  65.807458859999997   92.637140700000003
  67.801490670000007   94.138677299999998
  69.835401800000000   94.499195599999993
  71.909587099999996   94.940482900000006
  74.024441400000001   95.184566200000006
  76.180359559999999   95.699128700000003


# temperature  330.000000000000000
#    0.000098153003370   -0.030399570197165    3.431692000360347 -165.129518858192398 2950.576934007087402
  56.421670040000002   87.707595200000000
  58.222227920000002   89.070183299999997
  60.060690899999997   90.267453300000000
  61.937453820000002   91.078485200000003
  63.852911519999999   91.864883599999999
  65.807458859999997   93.039880400000001
  67.801490670000007   94.459771300000000
  69.835401800000000   94.800899500000000
  71.909587099999996   95.217893599999996
  74.024441400000001   95.448299000000006
  76.180359559999999   95.934239899999994


# temperature  340.000000000000000
#    0.000098564487134   -0.030520322761992    3.444347120076816 -165.681972462336404 2961.610811874042156
  56.421670040000002   88.343284400000002
  58.222227920000002   89.640030600000003
  60.060690899999997   90.778582200000002
  61.937453820000002   91.548688799999994
  63.852911519999999   92.295552900000004
  65.807458859999997   93.410059200000006
  67.801490670000007   94.754571799999994
  69.835401800000000   95.077774700000006
  71.909587099999996   95.472373300000001
  74.024441400000001   95.690196700000001
  76.180359559999999   96.149782900000005


# temperature  350.000000000000000
#    0.000098937087103   -0.030629691935875    3.455802484869539 -166.181148360831088 2971.748717581490382
  56.421670040000002   88.931585100000007
  58.222227920000002   90.166792700000002
  60.060690899999997   91.250551799999997
  61.937453820000002   91.982593100000003
  63.852911519999999   92.692667400000005
  65.807458859999997   93.751032800000004
  67.801490670000007   95.025832500000007
  69.835401800000000   95.332437400000003
  71.909587099999996   95.706351799999993
  74.024441400000001   95.912576999999999
  76.180359559999999   96.347848400000004


# temperature  360.000000000000000
#    0.000099275471397   -0.030729042865956    3.466202761503423 -166.633565030384034 2981.097840706106126
  56.421670040000002   89.476936400000000
  58.222227920000002   90.654580800000005
  60.060690899999997   91.687162900000004
  61.937453820000002   92.383756000000005
  63.852911519999999   93.059554599999998
  65.807458859999997   94.065743400000002
  67.801490670000007   95.275961100000004
  69.835401800000000   95.567172799999994
  71.909587099999996   95.921948799999996
  74.024441400000001   96.117461899999995
  76.180359559999999   96.530258200000006


# temperature  370.000000000000000
#    0.000099583615526   -0.030819538243411    3.475671045307185 -167.044755638677742 2989.749049234494123
  56.421670040000002   89.983288999999999
  58.222227920000002   91.107043000000004
  60.060690899999997   92.091778800000000
  61.937453820000002   92.755320299999994
  63.852911519999999   93.399148299999993
  65.807458859999997   94.356778500000004
  67.801490670000007   95.507069299999998
  69.835401800000000   95.783983100000000
  71.909587099999996   96.121020299999998
  74.024441400000001   96.306620800000005
  76.180359559999999   96.698604799999998


# temperature  380.000000000000000
#    0.000099865026899   -0.030902202001089    3.484315539615045 -167.419573629377737 2997.782027474758252
  56.421670040000002   90.454165599999996
  58.222227920000002   91.527422999999999
  60.060690899999997   92.467382000000001
  61.937453820000002   93.100069500000004
  63.852911519999999   93.714041699999996
  65.807458859999997   94.626419400000003
  67.801490670000007   95.721014800000006
  69.835401800000000   95.984628099999995
  71.909587099999996   96.305196199999997
  74.024441400000001   96.481607299999993
  76.180359559999999   96.854285099999998


# temperature  390.000000000000000
#    0.000100122614505   -0.030977886612842    3.492226464447384 -167.762060691630467 3005.263110698317632
  56.421670040000002   90.892712799999998
  58.222227920000002   91.918610799999996
  60.060690899999997   92.816623899999996
  61.937453820000002   93.420473999999999
  63.852911519999999   94.006533099999999
  65.807458859999997   94.876683400000005
  67.801490670000007   95.919436800000000
  69.835401800000000   96.170659299999997
  71.909587099999996   96.475912300000005
  74.024441400000001   96.643789799999993
  76.180359559999999   96.998528500000006


# temperature  400.000000000000000
#    0.000100359021348   -0.031047363479400    3.499485200052864 -168.075853466070186 3012.251987683992411
  56.421670040000002   91.301746600000001
  58.222227920000002   92.283186599999993
  60.060690899999997   93.141866100000001
  61.937453820000002   93.718732099999997
  63.852911519999999   94.278664100000000
  65.807458859999997   95.109359100000006
  67.801490670000007   96.103785400000007
  69.835401800000000   96.343448199999997
  71.909587099999996   96.634437100000000
  74.024441400000001   96.794376700000001
  76.180359559999999   97.132419600000006


# temperature  410.000000000000000
#    0.000100576456926   -0.031111279775084    3.506160108916843 -168.364002347634965 3018.798723560565122
  56.421670040000002   91.683791600000006
  58.222227920000002   92.623458799999995
  60.060690899999997   93.445217499999998
  61.937453820000002   93.996803900000003
  63.852911519999999   94.532252999999997
  65.807458859999997   95.326036000000002
  67.801490670000007   96.275347199999999
  69.835401800000000   96.504210900000004
  71.909587099999996   96.781894399999999
  74.024441400000001   96.934438599999993
  76.180359559999999   97.256918600000006


# temperature  420.000000000000000
#    0.000100776879920   -0.031170208704543    3.512311672579904 -168.629201856521149 3024.947580395190471
  56.421670040000002   92.041115599999998
  58.222227920000002   92.941496400000005
  60.060690899999997   93.728564500000005
  61.937453820000002   94.256441400000000
  63.852911519999999   94.768922599999996
  65.807458859999997   95.528130300000001
  67.801490670000007   96.435266499999997
  69.835401800000000   96.654027999999997
  71.909587099999996   96.919282800000005
  74.024441400000001   97.064926099999994
  76.180359559999999   97.372877900000006


# temperature  430.000000000000000
#    0.000100962034969   -0.031224659816318    3.517993544564954 -168.873836422050402 3030.737729262930770
  56.421670040000002   92.375758899999994
  58.222227920000002   93.239157800000001
  60.060690899999997   93.993598599999999
  61.937453820000002   94.499213600000004
  63.852911519999999   94.990124600000001
  65.807458859999997   95.716907000000006
  67.801490670000007   96.584563599999996
  69.835401800000000   96.793862899999993
  71.909587099999996   97.047491399999998
  74.024441400000001   97.186685900000001
  76.180359559999999   97.481055600000005


# temperature  440.000000000000000
#    0.000101133392160   -0.031275064622213    3.523251273129980 -169.099929364874924 3036.202468781636526
  56.421670040000002   92.689560700000001
  58.222227920000002   93.518115100000003
  60.060690899999997   94.241839200000001
  61.937453820000002   94.726528799999997
  63.852911519999999   95.197160400000001
  65.807458859999997   95.893498199999996
  67.801490670000007   96.724150499999993
  69.835401800000000   96.924575700000005
  71.909587099999996   97.167314000000005
  74.024441400000001   97.300473800000006
  76.180359559999999   97.582128299999994


# temperature  450.000000000000000
#    0.000101292344444   -0.031321828814097    3.528127448339944 -169.309366469799329 3041.372834848754792
  56.421670040000002   92.984181800000002
  58.222227920000002   93.779875700000005
  60.060690899999997   94.474654200000003
  61.937453820000002   94.939653600000000
  63.852911519999999   95.391199400000005
  65.807458859999997   96.058919799999998
  67.801490670000007   96.854844400000005
  69.835401800000000   97.046937000000000
  71.909587099999996   97.279461299999994
  74.024441400000001   97.406966100000005
  76.180359559999999   97.676701199999997


# temperature  460.000000000000000
#    0.000101439973473   -0.031365271743986    3.532655842736869 -169.503643580849825 3046.273516427546383
  56.421670040000002   93.261124100000004
  58.222227920000002   94.025800799999999
  60.060690899999997   94.693276999999995
  61.937453820000002   95.139729299999999
  63.852911519999999   95.573294099999998
  65.807458859999997   96.214084799999995
  67.801490670000007   96.977378799999997
  69.835401800000000   97.161638199999999
  71.909587099999996   97.384570699999998
  74.024441400000001   97.506769199999994
  76.180359559999999   97.765316600000006


# temperature  470.000000000000000
#    0.000101577402799   -0.031405720055050    3.536870674425149 -169.684271509640354 3050.929453585621104
  56.421670040000002   93.521748500000001
  58.222227920000002   94.257122199999998
  60.060690899999997   94.898821999999996
  61.937453820000002   95.327786099999997
  63.852911519999999   95.744394099999994
  65.807458859999997   96.359815999999995
  67.801490670000007   97.092413899999997
  69.835401800000000   97.269300900000005
  71.909587099999996   97.483215099999995
  74.024441400000001   97.600428500000007
  76.180359559999999   97.848461799999995


# temperature  480.000000000000000
#    0.000101705510023   -0.031443431978590    3.540799160916487 -169.852451038695591 3055.360526485372247
  56.421670040000002   93.767289899999994
  58.222227920000002   94.474955899999998
  60.060690899999997   95.092298099999994
  61.937453820000002   95.504756200000003
  63.852911519999999   95.905357300000006
  65.807458859999997   96.496855900000000
  67.801490670000007   97.200544800000003
  69.835401800000000   97.370485599999995
  71.909587099999996   97.575910800000003
  74.024441400000001   97.688434900000004
  76.180359559999999   97.926575499999998


# temperature  490.000000000000000
#    0.000101825119672   -0.031478648947391    3.544466665190963 -170.009299204688176 3059.585259279702768
  56.421670040000002   93.998870699999998
  58.222227920000002   94.680315300000004
  60.060690899999997   95.274619900000005
  61.937453820000002   95.671484000000007
  63.852911519999999   96.056960500000002
  65.807458859999997   96.625876199999993
  67.801490670000007   97.302309199999996
  69.835401800000000   97.465698500000002
  71.909587099999996   97.663123799999994
  74.024441400000001   97.771231900000004
  76.180359559999999   98.000053600000001


# temperature  500.000000000000000
#    0.000101936981796   -0.031511590541628    3.547896249737584 -170.155831524868063 3063.620548036108630
  56.421670040000002   94.217512600000006
  58.222227920000002   94.874121400000007
  60.060690899999997   95.446618200000003
  61.937453820000002   95.828736000000006
  63.852911519999999   96.199908600000001
  65.807458859999997   96.747485400000002
  67.801490670000007   97.398194000000004
  69.835401800000000   97.555397499999998
  71.909587099999996   97.745275699999993
  74.024441400000001   97.849220299999999
  76.180359559999999   98.069254000000001


# temperature  510.000000000000000
#    0.000102041744134   -0.031542446558145    3.551107829510160 -170.292921657224838 3067.480941368627555
  56.421670040000002   94.424147099999999
  58.222227920000002   95.057213500000003
  60.060690899999997   95.609048799999997
  61.937453820000002   95.977209299999998
  63.852911519999999   96.334841600000004
  65.807458859999997   96.862235900000002
  67.801490670000007   97.488640500000002
  69.835401800000000   97.639997600000001
  71.909587099999996   97.822748399999995
  74.024441400000001   97.922763399999994
  76.180359559999999   98.134500700000004


# temperature  520.000000000000000
#    0.000102139985247   -0.031571386826818    3.554119237824941 -170.421351637863012 3071.179511186140644
  56.421670040000002   94.619624700000003
  58.222227920000002   95.230356700000002
  60.060690899999997   95.762600399999997
  61.937453820000002   96.117538600000003
  63.852911519999999   96.462342199999995
  65.807458859999997   96.970629900000006
  67.801490670000007   97.574049700000003
  69.835401800000000   97.719875900000005
  71.909587099999996   97.895888900000003
  74.024441400000001   97.992191099999999
  76.180359559999999   98.196088099999997


# temperature  530.000000000000000
#    0.000102232270304   -0.031598576405729    3.556947769271076 -170.541880926544252 3074.729003251014547
  56.421670040000002   94.804723100000004
  58.222227920000002   95.394250000000000
  60.060690899999997   95.907901499999994
  61.937453820000002   96.250302899999994
  63.852911519999999   96.582941700000006
  65.807458859999997   97.073124899999996
  67.801490670000007   97.654786700000002
  69.835401800000000   97.795375600000000
  71.909587099999996   97.965012500000000
  74.024441400000001   98.057803199999995
  76.180359559999999   98.254283500000000


# temperature  540.000000000000000
#    0.000102319044071   -0.031624146252588    3.559607169298790 -170.655109150600794 3078.139494524660677
  56.421670040000002   94.980154299999995
  58.222227920000002   95.549532999999997
  60.060690899999997   96.045526699999996
  61.937453820000002   96.376031100000006
  63.852911519999999   96.697124900000006
  65.807458859999997   97.170138199999997
  67.801490670000007   97.731184099999993
  69.835401800000000   97.866809000000003
  71.909587099999996   98.030406799999994
  74.024441400000001   98.119872999999998
  76.180359559999999   98.309330399999993


# temperature  550.000000000000000
#    0.000102400745513   -0.031648224884678    3.562110899051133 -170.761624888858734 3081.420922370312837
  56.421670040000002   95.146571300000005
  58.222227920000002   95.696791599999997
  60.060690899999997   96.176001900000003
  61.937453820000002   96.495207300000004
  63.852911519999999   96.805335400000004
  65.807458859999997   97.262051299999996
  67.801490670000007   97.803545600000007
  69.835401800000000   97.934461600000006
  71.909587099999996   98.092333800000006
  74.024441400000001   98.178649899999996
  76.180359559999999   98.361451099999996


# temperature  560.000000000000000
#    0.000102477746631   -0.031670921978023    3.564470480109383 -170.861931062022364 3084.581819908236412
  56.421670040000002   95.304573399999995
  58.222227920000002   95.836562999999998
  60.060690899999997   96.299809100000004
  61.937453820000002   96.608274899999998
  63.852911519999999   96.907979299999994
  65.807458859999997   97.349213100000000
  67.801490670000007   97.872149199999996
  69.835401800000000   97.998594199999999
  71.909587099999996   98.151033499999997
  74.024441400000001   98.234361600000000
  76.180359559999999   98.410848400000006


# temperature  570.000000000000000
#    0.000102550433963   -0.031692350024772    3.566697648239154 -170.956539827078160 3087.630880167532723
  56.421670040000002   95.454711700000004
  58.222227920000002   95.969341099999994
  60.060690899999997   96.417390900000001
  61.937453820000002   96.715640699999994
  63.852911519999999   97.005429100000001
  65.807458859999997   97.431943500000003
  67.801490670000007   97.937249199999997
  69.835401800000000   98.059445699999998
  71.909587099999996   98.206725199999994
  74.024441400000001   98.287216700000002
  76.180359559999999   98.457708299999993


# temperature  580.000000000000000
#    0.000102619100141   -0.031712595675690    3.568801516325298 -171.045847775313092 3090.574899413580624
  56.421670040000002   95.597493400000005
  58.222227920000002   96.095579999999998
  60.060690899999997   96.529153899999997
  61.937453820000002   96.817678799999996
  63.852911519999999   97.098026700000005
  65.807458859999997   97.510535899999994
  67.801490670000007   97.999078900000001
  69.835401800000000   98.117235100000002
  71.909587099999996   98.259610100000003
  74.024441400000001   98.337406500000000
  76.180359559999999   98.502200799999997


# temperature  590.000000000000000
#    0.000102684054365   -0.031731749094347    3.570791487579246 -171.130263820458396 3093.420873602065967
  56.421670040000002   95.733386100000004
  58.222227920000002   96.215697700000007
  60.060690899999997   96.635472699999994
  61.937453820000002   96.914732900000004
  63.852911519999999   97.186086900000006
  65.807458859999997   97.585260199999993
  67.801490670000007   98.057852800000006
  69.835401800000000   98.172163600000005
  71.909587099999996   98.309872999999996
  74.024441400000001   98.385106500000006
  76.180359559999999   98.544482299999999


# temperature  600.000000000000000
#    0.000102745547364   -0.031749884317724    3.572675331905153 -171.210125537855731 3096.174636336299955
  56.421670040000002   95.862821100000005
  58.222227920000002   96.330080100000004
  60.060690899999997   96.736692099999999
  61.937453820000002   97.007120099999995
  63.852911519999999   97.269899199999998
  65.807458859999997   97.656364600000003
  67.801490670000007   98.113767999999993
  69.835401800000000   98.224416099999999
  71.909587099999996   98.357683600000001
  74.024441400000001   98.430477999999994
  76.180359559999999   98.584696399999999


# temperature  610.000000000000000
#    0.000102803820672   -0.031767072305397    3.574460473356582 -171.285755196780343 3098.841767880373482
  56.421670040000002   95.986196800000002
  58.222227920000002   96.439083100000005
  60.060690899999997   96.833130499999996
  61.937453820000002   97.095132500000005
  63.852911519999999   97.349730699999995
  65.807458859999997   97.724077899999997
  67.801490670000007   98.167006099999995
  69.835401800000000   98.274162899999993
  71.909587099999996   98.403198300000000
  74.024441400000001   98.473669700000002
  76.180359559999999   98.622975199999999


# temperature  620.000000000000000
#    0.000102859108995   -0.031783381496365    3.576154040843816 -171.357461835301990 3101.427628656299021
  56.421670040000002   96.103881900000005
  58.222227920000002   96.543035900000007
  60.060690899999997   96.925082099999997
  61.937453820000002   97.179040200000003
  63.852911519999999   97.425827900000002
  65.807458859999997   97.788611299999999
  67.801490670000007   98.217734500000006
  69.835401800000000   98.321561099999997
  71.909587099999996   98.446561299999999
  74.024441400000001   98.514818399999996
  76.180359559999999   98.659440599999996


# temperature  630.000000000000000
#    0.000102911615545   -0.031798871578738    3.577762273601866 -171.425515754412970 3103.936944481667979
  56.421670040000002   96.216217599999993
  58.222227920000002   96.642242999999993
  60.060690899999997   97.012818699999997
  61.937453820000002   97.259092600000002
  63.852911519999999   97.498418799999996
  65.807458859999997   97.850159599999998
  67.801490670000007   98.266107899999994
  69.835401800000000   98.366755600000005
  71.909587099999996   98.487905699999999
  74.024441400000001   98.554050500000002
  76.180359559999999   98.694204900000003


# temperature  640.000000000000000
#    0.000102961513098   -0.031813593833130    3.579290564799637 -171.490150960833631 3106.373858707085674
  56.421670040000002   96.323520099999996
  58.222227920000002   96.736986400000006
  60.060690899999997   97.096592200000003
  61.937453820000002   97.335520799999998
  63.852911519999999   97.567714300000006
  65.807458859999997   97.908903400000000
  67.801490670000007   98.312269200000003
  69.835401800000000   98.409880500000000
  71.909587099999996   98.527354200000005
  74.024441400000001   98.591482900000003
  76.180359559999999   98.727372099999997


# temperature  650.000000000000000
#    0.000103008990068   -0.031827602858120    3.580744568369137 -171.551611013227586 3108.742635151134891
  56.421670040000002   96.426083000000006
  58.222227920000002   96.827527900000007
  60.060690899999997   97.176636099999996
  61.937453820000002   97.408538899999996
  63.852911519999999   97.633909500000001
  65.807458859999997   97.965009600000002
  67.801490670000007   98.356350800000001
  69.835401800000000   98.451059700000002
  71.909587099999996   98.565020799999999
  74.024441400000001   98.627223599999994
  76.180359559999999   98.759038200000006


# temperature  660.000000000000000
#    0.000103054171135   -0.031840936215943    3.582128254539790 -171.610066971537918 3111.046368759628876
  56.421670040000002   96.524178899999995
  58.222227920000002   96.914110399999998
  60.060690899999997   97.253167000000005
  61.937453820000002   97.478345599999997
  63.852911519999999   97.697185800000000
  65.807458859999997   98.018632999999994
  67.801490670000007   98.398475099999999
  69.835401800000000   98.490408200000005
  71.909587099999996   98.601010799999997
  74.024441400000001   98.661372799999995
  76.180359559999999   98.789292300000000


# temperature  670.000000000000000
#    0.000103097224801   -0.031853643072854    3.583446754898032 -171.665742335603227 3113.289033550265231
  56.421670040000002   96.618061200000000
  58.222227920000002   96.996959500000003
  60.060690899999997   97.326386200000002
  61.937453820000002   97.545125200000001
  63.852911519999999   97.757711200000003
  65.807458859999997   98.069917300000000
  67.801490670000007   98.438755999999998
  69.835401800000000   98.528032400000001
  71.909587099999996   98.635421899999997
  74.024441400000001   98.694023099999995
  76.180359559999999   98.818216699999994


# temperature  680.000000000000000
#    0.000103138271133   -0.031865758646510    3.584703720621671 -171.718792169568673 3115.473417811941999
  56.421670040000002   96.707965700000003
  58.222227920000002   97.076285400000003
  60.060690899999997   97.396480699999998
  61.937453820000002   97.609049200000001
  63.852911519999999   97.815642199999999
  65.807458859999997   98.118995999999996
  67.801490670000007   98.477299099999996
  69.835401800000000   98.564031499999999
  71.909587099999996   98.668344899999994
  74.024441400000001   98.725260899999995
  76.180359559999999   98.845888000000002


# temperature  690.000000000000000
#    0.000103177433640   -0.031877319721331    3.585903037083840 -171.769386231379627 3117.602619627395597
  56.421670040000002   96.794112400000003
  58.222227920000002   97.152283600000004
  60.060690899999997   97.463624699999997
  61.937453820000002   97.670277299999995
  63.852911519999999   97.871124100000003
  65.807458859999997   98.165993200000003
  67.801490670000007   98.514202499999996
  69.835401800000000   98.598497199999997
  71.909587099999996   98.699864099999999
  74.024441400000001   98.755166200000005
  76.180359559999999   98.872377499999999


# temperature  700.000000000000000
#    0.000103214852832   -0.031888366403400    3.587048809929057 -171.817699838903422 3119.679753313526362
  56.421670040000002   96.876705999999999
  58.222227920000002   97.225136199999994
  60.060690899999997   97.527980600000006
  61.937453820000002   97.728958000000006
  63.852911519999999   97.924292500000007
  65.807458859999997   98.211024499999994
  67.801490670000007   98.549557699999994
  69.835401800000000   98.631515199999996
  71.909587099999996   98.730057900000006
  74.024441400000001   98.783813499999994
  76.180359559999999   98.897751400000004


# temperature  710.000000000000000
#    0.000103250597316   -0.031898919848307    3.588143289715946 -171.863828676003152 3121.706651681018684
  56.421670040000002   96.955937899999995
  58.222227920000002   97.295013499999996
  60.060690899999997   97.589699600000003
  61.937453820000002   97.785229999999999
  63.852911519999999   97.975273400000006
  65.807458859999997   98.254197599999998
  67.801490670000007   98.583449799999997
  69.835401800000000   98.663165199999995
  71.909587099999996   98.758999500000002
  74.024441400000001   98.811272200000005
  76.180359559999999   98.922071200000005


# temperature  720.000000000000000
#    0.000103284792244   -0.031909016484064    3.589190277388854 -171.907938736177016 3123.686331172606515
  56.421670040000002   97.031986599999996
  58.222227920000002   97.362074100000001
  60.060690899999997   97.648923199999999
  61.937453820000002   97.839222599999999
  63.852911519999999   98.024184800000000
  65.807458859999997   98.295613000000003
  67.801490670000007   98.615958100000000
  69.835401800000000   98.693521599999997
  71.909587099999996   98.786756900000000
  74.024441400000001   98.837607000000006
  76.180359559999999   98.945394300000004


# temperature  730.000000000000000
#    0.000103317501074   -0.031918675489079    3.590191784667982 -171.950114602400532 3125.620420055603063
  56.421670040000002   97.105019100000007
  58.222227920000002   97.426466500000004
  60.060690899999997   97.705783100000005
  61.937453820000002   97.891056699999993
  63.852911519999999   98.071136600000003
  65.807458859999997   98.335364299999995
  67.801490670000007   98.647156699999996
  69.835401800000000   98.722653600000001
  71.909587099999996   98.813393700000006
  74.024441400000001   98.862878300000006
  76.180359559999999   98.967774500000004


# temperature  740.000000000000000
#    0.000103348844852   -0.031927931326482    3.591151345976840 -171.990508521289001 3127.511662123653878
  56.421670040000002   97.175191900000002
  58.222227920000002   97.488329500000006
  60.060690899999997   97.760402999999997
  61.937453820000002   97.940845199999998
  63.852911519999999   98.116231700000000
  65.807458859999997   98.373539300000004
  67.801490670000007   98.677114799999998
  69.835401800000000   98.750626100000005
  71.909587099999996   98.838969199999994
  74.024441400000001   98.887142299999994
  76.180359559999999   98.989261700000000


# temperature  750.000000000000000
#    0.000103378860656   -0.031936796379514    3.592070334930107 -172.029179697802334 3129.361299834800320
  56.421670040000002   97.242651199999997
  58.222227920000002   97.547792999999999
  60.060690899999997   97.812898300000001
  61.937453820000002   97.988693900000001
  63.852911519999999   98.159566200000000
  65.807458859999997   98.410219799999993
  67.801490670000007   98.705897100000001
  69.835401800000000   98.777499500000005
  71.909587099999996   98.863539000000003
  74.024441400000001   98.910451800000004
  76.180359559999999   99.009902800000006


# temperature  760.000000000000000
#    0.000103407640267   -0.031945296871423    3.592951436906978 -172.066242739260190 3131.171441933663573
  56.421670040000002   97.307534200000006
  58.222227920000002   97.604978900000006
  60.060690899999997   97.863377200000002
  61.937453820000002   98.034701600000005
  63.852911519999999   98.201230300000006
  65.807458859999997   98.445482699999999
  67.801490670000007   98.733564299999998
  69.835401800000000   98.803330700000004
  71.909587099999996   98.887155000000007
  74.024441400000001   98.932856200000003
  76.180359559999999   99.029741400000006


# temperature  770.000000000000000
#    0.000103435261774   -0.031953455485509    3.593797000120845 -172.101798430705060 3132.943979132564436
  56.421670040000002   97.369969699999999
  58.222227920000002   97.660001300000005
  60.060690899999997   97.911941100000007
  61.937453820000002   98.078961399999997
  63.852911519999999   98.241308300000000
  65.807458859999997   98.479399700000002
  67.801490670000007   98.760172900000001
  69.835401800000000   98.828172600000002
  71.909587099999996   98.909865699999997
  74.024441400000001   98.954401500000003
  76.180359559999999   99.048818600000004


# temperature  780.000000000000000
#    0.000103461756712   -0.031961282442040    3.594608135824522 -172.135893751326876 3134.679923712964865
  56.421670040000002   97.430078300000005
  58.222227920000002   97.712967300000003
  60.060690899999997   97.958685299999999
  61.937453820000002   98.121560099999996
  63.852911519999999   98.279879399999999
  65.807458859999997   98.512038300000000
  67.801490670000007   98.785776100000007
  69.835401800000000   98.852075099999993
  71.909587099999996   98.931716899999998
  74.024441400000001   98.975131000000005
  76.180359559999999   99.067172700000000


# temperature  790.000000000000000
#    0.000103487216006   -0.031968803664546    3.595387506311410 -172.168643662687003 3136.381391265143066
  56.421670040000002   97.487973699999998
  58.222227920000002   97.763977699999998
  60.060690899999997   98.003699100000006
  61.937453820000002   98.162579500000007
  63.852911519999999   98.317018000000004
  65.807458859999997   98.543461699999995
  67.801490670000007   98.810423900000004
  69.835401800000000   98.875084599999994
  71.909587099999996   98.952751100000000
  74.024441400000001   98.995085300000000
  76.180359559999999   99.084839700000003


# temperature  800.000000000000000
#    0.000103511686987   -0.031976033134154    3.596136563750467 -172.200109474370777 3138.049607100214871
  56.421670040000002   97.543762400000006
  58.222227920000002   97.813127100000003
  60.060690899999997   98.047066500000000
  61.937453820000002   98.202096499999996
  63.852911519999999   98.352793800000001
  65.807458859999997   98.573729299999997
  67.801490670000007   98.834163000000004
  69.835401800000000   98.897245200000000
  71.909587099999996   98.973008600000000
  74.024441400000001   99.014302400000005
  76.180359559999999   99.101853599999998


# temperature  810.000000000000000
#    0.000103535189917   -0.031982977842261    3.596856087007875 -172.230323936413697 3139.685335096875860
  56.421670040000002   97.597544999999997
  58.222227920000002   97.860504300000002
  60.060690899999997   98.088866400000001
  61.937453820000002   98.240183099999996
  63.852911519999999   98.387272400000001
  65.807458859999997   98.602896900000005
  67.801490670000007   98.857037500000004
  69.835401800000000   98.918597899999995
  71.909587099999996   98.992526999999995
  74.024441400000001   99.032818300000002
  76.180359559999999   99.118245900000005


# temperature  820.000000000000000
#    0.000103557825518   -0.031989665945092    3.597548940385837 -172.259411141529483 3141.290828774141573
  56.421670040000002   97.649415800000000
  58.222227920000002   97.906193200000004
  60.060690899999997   98.129173100000003
  61.937453820000002   98.276907300000005
  63.852911519999999   98.420515600000002
  65.807458859999997   98.631017000000000
  67.801490670000007   98.879088800000005
  69.835401800000000   98.939181500000004
  71.909587099999996   99.011341799999997
  74.024441400000001   99.050666500000005
  76.180359559999999   99.134046600000005


# temperature  830.000000000000000
#    0.000103579585972   -0.031996096637865    3.598215104832402 -172.287368356495733 3142.866251901531541
  56.421670040000002   97.699463899999998
  58.222227920000002   97.950272699999999
  60.060690899999997   98.168056600000000
  61.937453820000002   98.312332999999995
  63.852911519999999   98.452581600000002
  65.807458859999997   98.658139000000006
  67.801490670000007   98.900355700000006
  69.835401800000000   98.959032300000004
  71.909587099999996   99.029486300000002
  74.024441400000001   99.067878699999994
  76.180359559999999   99.149283800000006


# temperature  840.000000000000000
#    0.000103600586147   -0.032002301489423    3.598857757352440 -172.314332843736878 3144.414053550082826
  56.421670040000002   97.747773300000006
  58.222227920000002   97.992817000000002
  60.060690899999997   98.205582899999996
  61.937453820000002   98.346520600000005
  63.852911519999999   98.483524900000006
  65.807458859999997   98.684309600000006
  67.801490670000007   98.920874999999995
  69.835401800000000   98.978184700000000
  71.909587099999996   99.046991899999995
  74.024441400000001   99.084484599999996
  76.180359559999999   99.163983799999997


# temperature  850.000000000000000
#    0.000103620775198   -0.032008268439506    3.599475785505771 -172.340255316649973 3145.933645169796364
  56.421670040000002   97.794423199999997
  58.222227920000002   98.033896400000003
  60.060690899999997   98.241814199999993
  61.937453820000002   98.379526799999994
  63.852911519999999   98.513397400000002
  65.807458859999997   98.709572399999999
  67.801490670000007   98.940681200000000
  69.835401800000000   98.996671000000006
  71.909587099999996   99.063888300000002
  74.024441400000001   99.100512400000000
  76.180359559999999   99.178171699999993


# temperature  860.000000000000000
#    0.000103640254334   -0.032014025242978    3.600071976693045 -172.365255934910039 3147.427184788321938
  56.421670040000002   97.839488200000005
  58.222227920000002   98.073577000000000
  60.060690899999997   98.276809000000000
  61.937453820000002   98.411405299999998
  63.852911519999999   98.542247599999996
  65.807458859999997   98.733969000000002
  67.801490670000007   98.959806900000004
  69.835401800000000   99.014521599999995
  71.909587099999996   99.080203200000000
  74.024441400000001   99.115988599999994
  76.180359559999999   99.191870800000004


# temperature  870.000000000000000
#    0.000103659037468   -0.032019576816319    3.600646887835868 -172.389358569201363 3148.895271407357995
  56.421670040000002   97.883039199999999
  58.222227920000002   98.111921300000006
  60.060690899999997   98.310622899999998
  61.937453820000002   98.442206600000006
  63.852911519999999   98.570121499999999
  65.807458859999997   98.757538400000001
  67.801490670000007   98.978282800000002
  69.835401800000000   99.031765300000004
  71.909587099999996   99.095963100000006
  74.024441400000001   99.130938099999995
  76.180359559999999   99.205103300000005


# temperature  880.000000000000000
#    0.000103677152846   -0.032024931200738    3.601201321353038 -172.412595244754868 3150.338589396940279
  56.421670040000002   97.925142600000001
  58.222227920000002   98.148988399999993
  60.060690899999997   98.343308100000002
  61.937453820000002   98.471978600000000
  63.852911519999999   98.597062500000007
  65.807458859999997   98.780317299999993
  67.801490670000007   98.996138099999996
  69.835401800000000   99.048429299999995
  71.909587099999996   99.111192700000004
  74.024441400000001   99.145384500000006
  76.180359559999999   99.217890199999999


# temperature  890.000000000000000
#    0.000103694633299   -0.032030098409966    3.601736354336156 -172.435013769037312 3151.758138879842136
  56.421670040000002   97.965861799999999
  58.222227920000002   98.184834100000003
  60.060690899999997   98.374914099999998
  61.937453820000002   98.500766499999997
  63.852911519999999   98.623111800000004
  65.807458859999997   98.802340799999996
  67.801490670000007   99.013400000000004
  69.835401800000000   99.064539199999999
  71.909587099999996   99.125915699999993
  74.024441400000001   99.159350099999997
  76.180359559999999   99.230251199999998


# temperature  900.000000000000000
#    0.000103711517564   -0.032035089503107    3.602253115178768 -172.456661951323099 3153.154876108125791
  56.421670040000002   98.005256500000002
  58.222227920000002   98.219511400000002
  60.060690899999997   98.405487800000003
  61.937453820000002   98.528613000000007
  63.852911519999999   98.648308000000000
  65.807458859999997   98.823641800000004
  67.801490670000007   99.030094599999998
  69.835401800000000   99.080119199999999
  71.909587099999996   99.140153999999995
  74.024441400000001   99.172855999999996
  76.180359559999999   99.242204900000004


# temperature  910.000000000000000
#    0.000103727832025   -0.032039912189222    3.602752398057806 -172.477573108436758 3154.529519336671456
  56.421670040000002   98.043383199999994
  58.222227920000002   98.253070199999996
  60.060690899999997   98.435073500000001
  61.937453820000002   98.555558599999998
  63.852911519999999   98.672687900000000
  65.807458859999997   98.844251400000005
  67.801490670000007   99.046246499999995
  69.835401800000000   99.095192299999994
  71.909587099999996   99.153928800000003
  74.024441400000001   99.185922099999999
  76.180359559999999   99.253769100000000


# temperature  920.000000000000000
#    0.000103743582709   -0.032044568897599    3.603234487385026 -172.497758927753495 3155.882439671868269
  56.421670040000002   98.080295399999997
  58.222227920000002   98.285557900000001
  60.060690899999997   98.463713100000007
  61.937453820000002   98.581641700000006
  63.852911519999999   98.696286400000005
  65.807458859999997   98.864199200000002
  67.801490670000007   99.061878699999994
  69.835401800000000   99.109780200000003
  71.909587099999996   99.167259999999999
  74.024441400000001   99.198567199999999
  76.180359559999999   99.264960500000001


# temperature  930.000000000000000
#    0.000103758828967   -0.032049076182541    3.603701066406515 -172.517292506560665 3157.215009312042639
  56.421670040000002   98.116044099999996
  58.222227920000002   98.317019500000001
  60.060690899999997   98.491446499999995
  61.937453820000002   98.606898400000006
  63.852911519999999   98.719136300000002
  65.807458859999997   98.883513100000002
  67.801490670000007   99.077013399999998
  69.835401800000000   99.123903400000003
  71.909587099999996   99.180166200000002
  74.024441400000001   99.210809200000000
  76.180359559999999   99.275794899999994


# temperature  940.000000000000000
#    0.000103773548521   -0.032053428543370    3.604151595749038 -172.536147992369081 3158.526951835134241
  56.421670040000002   98.150677400000006
  58.222227920000002   98.347497599999997
  60.060690899999997   98.518311199999999
  61.937453820000002   98.631363300000004
  63.852911519999999   98.741268899999994
  65.807458859999997   98.902219700000003
  67.801490670000007   99.091671399999996
  69.835401800000000   99.137581600000004
  71.909587099999996   99.192665500000004
  74.024441400000001   99.222665100000000
  76.180359559999999   99.286287299999998


# temperature  950.000000000000000
#    0.000103787819062   -0.032057647419080    3.604588249148031 -172.554420581378480 3159.820002749225296
  56.421670040000002   98.184241000000000
  58.222227920000002   98.377032499999999
  60.060690899999997   98.544343200000000
  61.937453820000002   98.655069100000006
  63.852911519999999   98.762713800000000
  65.807458859999997   98.920344000000000
  67.801490670000007   99.105872500000004
  69.835401800000000   99.150833000000006
  71.909587099999996   99.204774599999993
  74.024441400000001   99.234150799999995
  76.180359559999999   99.296451899999994


# temperature  960.000000000000000
#    0.000103801597829   -0.032061722165970    3.605010009171825 -172.572065040174294 3161.093584577345609
  56.421670040000002   98.216778399999995
  58.222227920000002   98.405662699999993
  60.060690899999997   98.569576299999994
  61.937453820000002   98.678046600000002
  63.852911519999999   98.783499199999994
  65.807458859999997   98.937910000000002
  67.801490670000007   99.119635400000007
  69.835401800000000   99.163675299999994
  71.909587099999996   99.216509700000003
  74.024441400000001   99.245281700000007
  76.180359559999999   99.306302299999999


# temperature  970.000000000000000
#    0.000103814966553   -0.032065674880009    3.605419077175180 -172.589176392919001 3162.349399576823998
  56.421670040000002   98.248330800000005
  58.222227920000002   98.433424599999995
  60.060690899999997   98.594042900000005
  61.937453820000002   98.700325399999997
  63.852911519999999   98.803651700000003
  65.807458859999997   98.954940399999998
  67.801490670000007   99.132977900000000
  69.835401800000000   99.176125200000001
  71.909587099999996   99.227885900000004
  74.024441400000001   99.256072099999997
  76.180359559999999   99.315851199999997


# temperature  980.000000000000000
#    0.000103827904831   -0.032069500853016    3.605815028311273 -172.605735842981460 3163.587302840484881
  56.421670040000002   98.278937299999996
  58.222227920000002   98.460352799999995
  60.060690899999997   98.617773400000004
  61.937453820000002   98.721933399999998
  63.852911519999999   98.823196699999997
  65.807458859999997   98.971456500000002
  67.801490670000007   99.145916999999997
  69.835401800000000   99.188198299999996
  71.909587099999996   99.238917700000002
  74.024441400000001   99.266535800000000
  76.180359559999999   99.325110699999996


# temperature  990.000000000000000
#    0.000103840429880   -0.032073204874073    3.606198331427950 -172.621761794511400 3164.807722179358734
  56.421670040000002   98.308635300000006
  58.222227920000002   98.486480200000003
  60.060690899999997   98.640797199999994
  61.937453820000002   98.742897200000002
  63.852911519999999   98.842158400000002
  65.807458859999997   98.987478899999999
  67.801490670000007   99.158468700000000
  69.835401800000000   99.199909800000000
  71.909587099999996   99.249618900000002
  74.024441400000001   99.276685799999996
  76.180359559999999   99.334092499999997


# temperature 1000.000000000000000
#    0.000103852585150   -0.032076799436759    3.606570295144025 -172.637312952884287 3166.011798505179740
  56.421670040000002   98.337460300000004
  58.222227920000002   98.511838299999994
  60.060690899999997   98.663141899999999
  61.937453820000002   98.763242099999999
  63.852911519999999   98.860559600000002
  65.807458859999997   99.003027000000003
  67.801490670000007   99.170648299999996
  69.835401800000000   99.211274000000003
  71.909587099999996   99.260002499999999
  74.024441400000001   99.286534500000002
  76.180359559999999   99.342807600000000


