   0.000000000000000    0.000000000000000
  10.000000000000000    0.000002793203327
  20.000000000000000    0.000034422349946
  30.000000000000000    0.000194315211203
  40.000000000000000    0.000544117839048
  50.000000000000000    0.001023794199689
  60.000000000000000    0.001549979416527
  70.000000000000000    0.002065838319500
  80.000000000000000    0.002541781823785
  90.000000000000000    0.002966059269147
 100.000000000000000    0.003336890288580
 110.000000000000000    0.003657447682564
 120.000000000000000    0.003932975934095
 130.000000000000000    0.004169252143307
 140.000000000000000    0.004371828418094
 150.000000000000000    0.004545705351563
 160.000000000000000    0.004695231750354
 170.000000000000000    0.004824115103370
 180.000000000000000    0.004935480975730
 190.000000000000000    0.005031948856997
 200.000000000000000    0.005115708349662
 210.000000000000000    0.005188589215613
 220.000000000000000    0.005252122115168
 230.000000000000000    0.005307590184378
 240.000000000000000    0.005356071978461
 250.000000000000000    0.005398476974631
 260.000000000000000    0.005435574785458
 270.000000000000000    0.005468018692456
 280.000000000000000    0.005496365579325
 290.000000000000000    0.005521091722668
 300.000000000000000    0.005542605924057
 310.000000000000000    0.005561260476492
 320.000000000000000    0.005577359916241
 330.000000000000000    0.005591168264702
 340.000000000000000    0.005602915615805
 350.000000000000000    0.005612802710842
 360.000000000000000    0.005621005465401
 370.000000000000000    0.005627678511946
 380.000000000000000    0.005632958249358
 390.000000000000000    0.005636964899257
 400.000000000000000    0.005639805462360
 410.000000000000000    0.005641574865767
 420.000000000000000    0.005642357573874
 430.000000000000000    0.005642229334538
 440.000000000000000    0.005641258067740
 450.000000000000000    0.005639504533669
 460.000000000000000    0.005637023579553
 470.000000000000000    0.005633864843720
 480.000000000000000    0.005630072891656
 490.000000000000000    0.005625688336905
 500.000000000000000    0.005620748533595
 510.000000000000000    0.005615286704563
 520.000000000000000    0.005609333910634
 530.000000000000000    0.005602917756522
 540.000000000000000    0.005596064476838
 550.000000000000000    0.005588797923336
 560.000000000000000    0.005581139577861
 570.000000000000000    0.005573109668848
 580.000000000000000    0.005564727035174
 590.000000000000000    0.005556008993440
 600.000000000000000    0.005546971378509
 610.000000000000000    0.005537629211694
 620.000000000000000    0.005527996816250
 630.000000000000000    0.005518086711542
 640.000000000000000    0.005507911519834
 650.000000000000000    0.005497482516002
 660.000000000000000    0.005486810504391
 670.000000000000000    0.005475905951261
 680.000000000000000    0.005464778279433
 690.000000000000000    0.005453436396803
 700.000000000000000    0.005441889002240
 710.000000000000000    0.005430144335006
 720.000000000000000    0.005418210470536
 730.000000000000000    0.005406094694739
 740.000000000000000    0.005393803615746
 750.000000000000000    0.005381344524855
 760.000000000000000    0.005368723839945
 770.000000000000000    0.005355947683961
 780.000000000000000    0.005343022178852
 790.000000000000000    0.005329953030771
 800.000000000000000    0.005316745770428
 810.000000000000000    0.005303405964910
 820.000000000000000    0.005289938550069
 830.000000000000000    0.005276348694365
 840.000000000000000    0.005262641273002
 850.000000000000000    0.005248821115726
 860.000000000000000    0.005234892652127
 870.000000000000000    0.005220860400987
 880.000000000000000    0.005206728734156
 890.000000000000000    0.005192501849659
 900.000000000000000    0.005178183941543
 910.000000000000000    0.005163778957084
 920.000000000000000    0.005149291367351
 930.000000000000000    0.005134724215067
 940.000000000000000    0.005120081952785
 950.000000000000000    0.005105367481467
 960.000000000000000    0.005090585167342
 970.000000000000000    0.005075738116031
 980.000000000000000    0.005060830977651
 990.000000000000000    0.005045866384456
1000.000000000000000    0.005030845191183
