# temperature   10.000000000000000
#   -0.000000408759951    0.000359775333041   -0.058356085067840    3.474893544672944  -70.749719195518736
  56.421670040000002    0.006542400000000
  58.222227920000002    0.009253000000000
  60.060690899999997    0.011090800000000
  61.937453820000002    0.024104200000000
  63.852911519999999    0.026447100000000
  65.807458859999997    0.031541600000000
  67.801490670000007    0.014850000000000
  69.835401800000000    0.023917900000000
  71.909587099999996    0.052674000000000
  74.024441400000001    0.160527000000000
  76.180359559999999    0.193559800000000


# temperature   20.000000000000000
#   -0.000014578188681    0.005079357487082   -0.609254823975814   30.885952405251739 -567.483650194216011
  56.421670040000002    0.091483500000000
  58.222227920000002    0.116759800000000
  60.060690899999997    0.137016000000000
  61.937453820000002    0.220108100000000
  63.852911519999999    0.241465800000000
  65.807458859999997    0.280725200000000
  67.801490670000007    0.227118800000000
  69.835401800000000    0.296801800000000
  71.909587099999996    0.535336200000000
  74.024441400000001    1.148265600000000
  76.180359559999999    1.443387800000000


# temperature   30.000000000000000
#   -0.000052611275339    0.014869194013842   -1.536621642394340   69.464887879192602 -1164.067109869050910
  56.421670040000002    0.343451000000000
  58.222227920000002    0.442587000000000
  60.060690899999997    0.534626100000000
  61.937453820000002    0.767813400000000
  63.852911519999999    0.865484900000000
  65.807458859999997    1.034379600000000
  67.801490670000007    1.224655800000000
  69.835401800000000    1.431921900000000
  71.909587099999996    2.182141600000000
  74.024441400000001    3.607188300000000
  76.180359559999999    4.460072300000000


# temperature   40.000000000000000
#   -0.000039194963780    0.009478121140338   -0.819941519686265   30.455031065940343 -410.086275400286922
  56.421670040000002    0.907795400000000
  58.222227920000002    1.175575800000000
  60.060690899999997    1.439179400000000
  61.937453820000002    1.922683500000000
  63.852911519999999    2.194255000000000
  65.807458859999997    2.679347900000000
  67.801490670000007    3.636012200000000
  69.835401800000000    4.048568800000000
  71.909587099999996    5.449177000000000
  74.024441400000001    7.656163000000000
  76.180359559999999    9.208427800000001


# temperature   50.000000000000000
#    0.000010752767789   -0.005616291952954    0.849677800205574  -49.594874200015092  999.911162438762517
  56.421670040000002    1.936406500000000
  58.222227920000002    2.482530900000000
  60.060690899999997    3.027090800000000
  61.937453820000002    3.848217000000000
  63.852911519999999    4.384152200000000
  65.807458859999997    5.364701200000000
  67.801490670000007    7.438580300000000
  69.835401800000000    8.093516599999999
  71.909587099999996   10.119725600000001
  74.024441400000001   12.950862100000000
  76.180359559999999   15.206764300000000


# temperature   60.000000000000000
#    0.000060529806670   -0.020016279047510    2.382400751174092 -120.609265795192044 2214.099231389896431
  56.421670040000002    3.507937100000000
  58.222227920000002    4.420060300000000
  60.060690899999997    5.327565800000000
  61.937453820000002    6.535336500000000
  63.852911519999999    7.391464800000000
  65.807458859999997    8.972776100000001
  67.801490670000007   12.269729900000000
  69.835401800000000   13.176621400000000
  71.909587099999996   15.749002800000000
  74.024441400000001   19.055296400000000
  76.180359559999999   21.952179500000000


# temperature   70.000000000000000
#    0.000095560882239   -0.029857041135727    3.399285871363992 -166.316522680646898 2973.853703131286238
  56.421670040000002    5.616232600000000
  58.222227920000002    6.945932200000000
  60.060690899999997    8.261004900000000
  61.937453820000002    9.867403500000000
  63.852911519999999   11.065626300000000
  65.807458859999997   13.279999699999999
  67.801490670000007   17.753672500000000
  69.835401800000000   18.903385100000001
  71.909587099999996   21.936711500000001
  74.024441400000001   25.604897300000001
  76.180359559999999   29.057106399999999


# temperature   80.000000000000000
#    0.000114945371611   -0.035086107358320    3.915378302363687 -188.319630919989635 3321.018895291041190
  56.421670040000002    8.200616500000001
  58.222227920000002    9.966665300000001
  60.060690899999997   11.702170000000001
  61.937453820000002   13.693925200000001
  63.852911519999999   15.231730799999999
  65.807458859999997   18.061983600000001
  67.801490670000007   23.597891400000002
  69.835401800000000   24.970711600000001
  71.909587099999996   28.388181700000001
  74.024441400000001   32.335717699999996
  76.180359559999999   36.256587699999997


# temperature   90.000000000000000
#    0.000122179519506   -0.036814236824918    4.059458761789876 -193.084636584494007 3374.213770935029970
  56.421670040000002   11.176965700000000
  58.222227920000002   13.374274900000000
  60.060690899999997   15.520891300000001
  61.937453820000002   17.870723900000002
  63.852911519999999   19.730602699999999
  65.807458859999997   23.132404099999999
  67.801490670000007   29.596343600000001
  69.835401800000000   31.168078500000000
  71.909587099999996   34.904342200000002
  74.024441400000001   39.070824899999998
  76.180359559999999   43.382212400000000


# temperature  100.000000000000000
#    0.000121255326218   -0.036235131001596    3.963097617341536 -186.937945361010009 3245.269587801270518
  56.421670040000002   14.457777000000000
  58.222227920000002   17.066152200000001
  60.060690899999997   19.601049000000000
  61.937453820000002   22.275562000000001
  63.852911519999999   24.432146400000001
  65.807458859999997   28.349539100000001
  67.801490670000007   35.610937800000002
  69.835401800000000   37.356799600000002
  71.909587099999996   41.357630399999998
  74.024441400000001   45.698175300000003
  76.180359559999999   50.333456900000002


# temperature  110.000000000000000
#    0.000115441227729   -0.034302674503952    3.729091239949834 -174.717904680931042 3018.000826277216674
  56.421670040000002   17.962588199999999
  58.222227920000002   20.953510099999999
  60.060690899999997   23.846839500000002
  61.937453820000002   26.811348200000001
  63.852911519999999   29.236210700000001
  65.807458859999997   33.610933199999998
  67.801490670000007   41.552409300000001
  69.835401800000000   43.449123700000001
  71.909587099999996   47.670079200000004
  74.024441400000001   52.150787600000001
  76.180359559999999   57.054768699999997


# temperature  120.000000000000000
#    0.000107073742181   -0.031687621146931    3.428545550804438 -159.715419899132002 2748.450132796192065
  56.421670040000002   21.622262400000000
  58.222227920000002   24.963577200000000
  60.060690899999997   28.182855600000000
  61.937453820000002   31.404063600000001
  63.852911519999999   34.068660199999997
  65.807458859999997   38.845139400000001
  67.801490670000007   47.365216699999998
  69.835401800000000   49.391955799999998
  71.909587099999996   53.796816499999998
  74.024441400000001   58.391703999999997
  76.180359559999999   63.519295800000002


# temperature  130.000000000000000
#    0.000097685863436   -0.028823692847798    3.106731148887348 -143.990369182167143 2471.061293055427541
  56.421670040000002   25.379869299999999
  58.222227920000002   29.038793800000001
  60.060690899999997   32.551625000000001
  61.937453820000002   35.998934900000002
  63.852911519999999   38.876245200000000
  65.807458859999997   44.003907099999999
  67.801490670000007   53.016612000000002
  69.835401800000000   55.155243100000000
  71.909587099999996   59.714531999999998
  74.024441400000001   64.403415400000000
  76.180359559999999   69.717991299999994


# temperature  140.000000000000000
#    0.000088212893536   -0.025971369546592    2.790353240863375 -128.732690116120921 2205.265329475323142
  56.421670040000002   29.189889800000000
  58.222227920000002   33.134797399999997
  60.060690899999997   36.910427700000000
  61.937453820000002   40.556441499999998
  63.852911519999999   43.621762699999998
  65.807458859999997   49.055808399999997
  67.801490670000007   58.489026299999999
  69.835401800000000   60.724010000000000
  71.909587099999996   65.413704800000005
  74.024441400000001   70.180718799999994
  76.180359559999999   75.652544199999994


# temperature  150.000000000000000
#    0.000079181626085   -0.023274294961331    2.493766406042502 -114.561863977036055 1960.796415811242241
  56.421670040000002   33.016729499999997
  58.222227920000002   37.218115800000000
  60.060690899999997   41.228216500000002
  61.937453820000002   45.048785100000003
  63.852911519999999   48.280011700000003
  65.807458859999997   53.981378599999999
  67.801490670000007   63.774869899999999
  69.835401800000000   66.093001700000002
  71.909587099999996   70.893462700000001
  74.024441400000001   75.725999599999994
  76.180359559999999   81.330877599999994


# temperature  160.000000000000000
#    0.000070855630812   -0.020801731326212    2.223564726772170 -101.744131643695738 1741.480514058219342
  56.421670040000002   36.833067100000001
  58.222227920000002   41.263988200000000
  60.060690899999997   45.482958400000001
  61.937453820000002   49.456996199999999
  63.852911519999999   52.834608799999998
  65.807458859999997   58.769540300000003
  67.801490670000007   68.873015899999999
  69.835401800000000   71.263119700000004
  71.909587099999996   76.158220600000007
  74.024441400000001   81.046159799999998
  76.180359559999999   86.764317899999995


# temperature  170.000000000000000
#    0.000063337485204   -0.018578019954345    1.981723306403208  -90.339083803312477 1547.755764626805103
  56.421670040000002   40.618294700000000
  58.222227920000002   45.254482199999998
  60.060690899999997   49.659467200000002
  61.937453820000002   53.768663099999998
  63.852911519999999   57.275564400000000
  65.807458859999997   63.415025700000001
  67.801490670000007   73.786437500000005
  69.835401800000000   76.239063599999994
  71.909587099999996   81.215496000000002
  74.024441400000001   86.150637399999994
  76.180359559999999   91.965834700000002


# temperature  180.000000000000000
#    0.000056636222808   -0.016601807687715    1.767625075124349  -80.293066905228045 1378.256952397181294
  56.421670040000002   44.357152200000002
  58.222227920000002   49.176942799999999
  60.060690899999997   53.747695899999997
  61.937453820000002   57.976190799999998
  63.852911519999999   61.597474200000001
  65.807458859999997   67.916539299999997
  67.801490670000007   78.520628400000007
  69.835401800000000   81.027779100000004
  71.909587099999996   86.074500499999999
  74.024441400000001   91.050141800000006
  76.180359559999999   96.948962100000003


# temperature  190.000000000000000
#    0.000050710567482   -0.014858238029102    1.579330865658468  -71.496945952250570 1230.780980692517460
  56.421670040000002   48.038585900000001
  58.222227920000002   53.022750400000000
  60.060690899999997   57.741419299999997
  61.937453820000002   62.075489200000000
  63.852911519999999   65.798186999999999
  65.807458859999997   72.275458200000003
  67.801490670000007   83.082549099999994
  69.835401800000000   85.637441499999994
  71.909587099999996   90.745238000000001
  74.024441400000001   95.755856300000005
  76.180359559999999  101.727150800000004


# temperature  200.000000000000000
#    0.000045494777134   -0.013326171038849    1.414323050511459  -63.819446884388412 1102.834586234047947
  56.421670040000002   51.654818200000001
  58.222227920000002   56.786345500000003
  60.060690899999997   61.637228800000003
  61.937453820000002   66.064992300000000
  63.852911519999999   69.877831000000000
  65.807458859999997   76.494917700000002
  67.801490670000007   87.479929799999994
  69.835401800000000   90.076794300000003
  71.909587099999996   95.237934600000003
  74.024441400000001  100.278943900000002
  76.180359559999999  106.313392500000006


# temperature  210.000000000000000
#    0.000040914423392   -0.011982528438248    1.269945677533098  -57.126500294905775  991.944598892672161
  56.421670040000002   55.200604300000002
  58.222227920000002   60.464471400000001
  60.060690899999997   65.433773900000006
  61.937453820000002   69.944931400000002
  63.852911519999999   73.838105200000001
  65.807458859999997   80.579169600000000
  67.801490670000007   91.720812199999997
  69.835401800000000   94.354724300000001
  71.909587099999996   99.562685000000002
  74.024441400000001  104.630250099999998
  76.180359559999999  110.720015700000005


# temperature  220.000000000000000
#    0.000036894827456   -0.010804581733796    1.143631445409632  -51.290928524459616  895.807245467378948
  56.421670040000002   58.672643100000002
  58.222227920000002   64.055590400000000
  60.060690899999997   69.131192200000001
  61.937453820000002   73.716798100000005
  63.852911519999999   77.681766999999994
  65.807458859999997   84.533134899999993
  67.801490670000007   95.813253099999997
  69.835401800000000   98.479993699999994
  71.909587099999996  103.729241000000002
  74.024441400000001  108.820132999999998
  76.180359559999999  114.958587399999999


# temperature  230.000000000000000
#    0.000033365809009   -0.009771203430279    1.033021288204613  -46.197296946729566  812.357807302808283
  56.421670040000002   62.069116299999997
  58.222227920000002   67.559437799999998
  60.060690899999997   72.730682000000002
  61.937453820000002   77.382948999999996
  63.852911519999999   81.412261599999994
  65.807458859999997   88.362092899999993
  67.801490670000007   99.765135700000002
  69.835401800000000  102.461076500000004
  71.909587099999996  107.746891199999993
  74.024441400000001  112.858374499999996
  76.180359559999999  119.039880999999994


# temperature  240.000000000000000
#    0.000030263623652   -0.008863347275763    0.936005990968585  -41.743333835217577  739.785011109515949
  56.421670040000002   65.389328100000000
  58.222227920000002   70.976680099999996
  60.060690899999997   76.234184700000000
  61.937453820000002   80.946315999999996
  63.852911519999999   85.033456500000000
  65.807458859999997   92.071467499999997
  67.801490670000007  103.584055000000006
  69.835401800000000  106.306063399999999
  71.909587099999996  111.624400899999998
  74.024441400000001  116.754143999999997
  76.180359559999999  122.973883799999996


# temperature  250.000000000000000
#    0.000027531717017   -0.008064203397681    0.850735188036520  -37.839944366114587  676.523589181203988
  56.421670040000002   68.633425399999993
  58.222227920000002   74.308656099999993
  60.060690899999997   79.644147200000006
  61.937453820000002   84.410194500000003
  63.852911519999999   88.549451599999998
  65.807458859999997   95.666681600000004
  67.801490670000007  107.277252099999998
  69.835401800000000  110.022612899999999
  71.909587099999996  115.369989700000005
  74.024441400000001  120.515994800000001
  76.180359559999999  126.769827000000006


# temperature  260.000000000000000
#    0.000025120612838   -0.007359123100821    0.775603999063381  -34.410294209757936  621.232960898714509
  56.421670040000002   71.802180600000000
  58.222227920000002   77.557179899999994
  60.060690899999997   82.963346999999999
  61.937453820000002   87.778089800000004
  63.852911519999999   91.964443799999998
  65.807458859999997   99.153059600000006
  67.801490670000007  110.851580400000003
  69.835401800000000  113.617931200000001
  71.909587099999996  118.991333600000004
  74.024441400000001  124.151879600000001
  76.180359559999999  130.436228999999997


# temperature  270.000000000000000
#    0.000022987354708   -0.006735427829663    0.709228823964456  -31.388467134061557  572.770109939162467
  56.421670040000002   74.896824199999998
  58.222227920000002   80.724391800000006
  60.060690899999997   86.194761799999995
  61.937453820000002   91.053605000000005
  63.852911519999999   95.282632899999996
  65.807458859999997  102.535764799999995
  67.801490670000007  114.313494399999996
  69.835401800000000  117.098772100000005
  71.909587099999996  122.495581000000001
  74.024441400000001  127.669177899999994
  76.180359559999999  133.980943400000001


# temperature  280.000000000000000
#    0.000021094976616   -0.006182230825272    0.650425192642308  -28.718263598567948  530.165854560179014
  56.421670040000002   77.918915600000005
  58.222227920000002   83.812646200000003
  60.060690899999997   89.341474599999998
  61.937453820000002   94.240362099999999
  63.852911519999999   98.508155599999995
  65.807458859999997  105.819759500000004
  67.801490670000007  117.669052100000002
  69.835401800000000  120.471448300000006
  71.909587099999996  125.889378100000002
  74.024441400000001  131.074730100000011
  76.180359559999999  137.411210000000011


# temperature  290.000000000000000
#    0.000019411623622   -0.005690170387052    0.598177487954964  -26.351681008546990  492.596679043700533
  56.421670040000002   80.870242700000006
  58.222227920000002   86.824426799999998
  60.060690899999997   92.406604299999998
  61.937453820000002   97.341945300000006
  63.852911519999999  101.645041699999993
  65.807458859999997  109.009783200000001
  67.801490670000007  120.923925800000006
  69.835401800000000  123.741849900000005
  71.909587099999996  129.178898099999998
  74.024441400000001  134.374873400000013
  76.180359559999999  140.733704299999999


# temperature  300.000000000000000
#    0.000017910069624   -0.005251254981783    0.551620557552266  -24.247958929603513  459.366641829356979
  56.421670040000002   83.752746500000001
  58.222227920000002   89.762283600000004
  60.060690899999997   95.393254999999996
  61.937453820000002  100.361862000000002
  63.852911519999999  104.697185000000005
  65.807458859999997  112.110341599999998
  67.801490670000007  124.083419300000003
  69.835401800000000  126.915467399999997
  71.909587099999996  132.369872899999990
  74.024441400000001  137.575478599999997
  76.180359559999999  143.954584899999986


# temperature  310.000000000000000
#    0.000016566883693   -0.004858617491944    0.510012658470745  -22.372263917897342  429.883762781634744
  56.421670040000002   86.568461900000003
  58.222227920000002   92.628785800000003
  60.060690899999997   98.304480600000005
  61.937453820000002  103.303516200000004
  63.852911519999999  107.668325800000005
  65.807458859999997  115.125704099999993
  67.801490670000007  127.152487199999996
  69.835401800000000  129.997416200000004
  71.909587099999996  135.467624400000005
  74.024441400000001  140.681986400000000
  76.180359559999999  147.079538200000002


# temperature  320.000000000000000
#    0.000015362040667   -0.004506392872522    0.472721266341317  -20.694970549436231  403.646742254214814
  56.421670040000002   89.319473500000001
  58.222227920000002   95.426487600000002
  60.060690899999997  101.143259999999998
  61.937453820000002  106.170191599999995
  63.852911519999999  110.562040699999997
  65.807458859999997  118.059906600000005
  67.801490670000007  130.135755999999986
  69.835401800000000  132.992461800000001
  71.909587099999996  138.477095800000001
  74.024441400000001  143.699441400000012
  76.180359559999999  150.113819900000010


# temperature  330.000000000000000
#    0.000014278297603   -0.004189536638659    0.439203368670690  -19.190718230530486  380.228316535647934
  56.421670040000002   92.007882100000003
  58.222227920000002   98.157903099999999
  60.060690899999997  103.912480000000002
  61.937453820000002  108.965041299999996
  63.852911519999999  113.381738900000002
  65.807458859999997  120.916758000000002
  67.801490670000007  133.037545399999999
  69.835401800000000  135.905044299999986
  71.909587099999996  141.402880399999987
  74.024441400000001  146.632524600000011
  76.180359559999999  153.062292799999994


# temperature  340.000000000000000
#    0.000013300862759   -0.003903723377766    0.408993963762425  -17.837841590086338  359.264962941040324
  56.421670040000002   94.635778900000005
  58.222227920000002  100.825488199999995
  60.060690899999997  106.614924900000005
  61.937453820000002  111.691082600000001
  63.852911519999999  116.130662200000003
  65.807458859999997  123.699848700000004
  67.801490670000007  135.861889800000000
  69.835401800000000  138.739302600000002
  71.909587099999996  144.249250100000012
  74.024441400000001  149.485583100000014
  76.180359559999999  155.929461300000014


# temperature  350.000000000000000
#    0.000012416917316   -0.003645208675052    0.381691218177282  -16.617668328998981  340.444671677634574
  56.421670040000002   97.205227500000007
  58.222227920000002  103.431628599999996
  60.060690899999997  109.253269799999998
  61.937453820000002  114.351195399999995
  63.852911519999999  118.811887700000000
  65.807458859999997  126.412561199999999
  67.801490670000007  138.612557799999990
  69.835401800000000  141.499097000000006
  71.909587099999996  147.020180699999997
  74.024441400000001  152.262658399999992
  76.180359559999999  158.719503500000002


# temperature  360.000000000000000
#    0.000011615512870   -0.003410792850787    0.356951939595974  -15.514280021701156  323.502466289350423
  56.421670040000002   99.718249700000001
  58.222227920000002  105.978631699999994
  60.060690899999997  111.830077700000004
  61.937453820000002  116.948122699999999
  63.852911519999999  121.428332299999994
  65.807458859999997  129.058080499999988
  67.801490670000007  141.293072499999994
  69.835401800000000  144.188030499999996
  71.909587099999996  149.719376000000011
  74.024441400000001  154.967511000000002
  76.180359559999999  161.436298899999997


# temperature  370.000000000000000
#    0.000010887123193   -0.003197694445157    0.334478263154439  -14.513894756291329  308.209841484342519
  56.421670040000002  102.176815899999994
  58.222227920000002  108.468721299999999
  60.060690899999997  114.347799100000003
  61.937453820000002  119.484474100000000
  63.852911519999999  123.982758899999993
  65.807458859999997  131.639405500000009
  67.801490670000007  143.906728899999990
  69.835401800000000  146.809468500000008
  71.909587099999996  152.350289500000002
  74.024441400000001  157.603644500000001
  76.180359559999999  164.083455100000009


# temperature  380.000000000000000
#    0.000010223472688   -0.003003498306918    0.314011868277843  -13.604586791330490  294.369830111800582
  56.421670040000002  104.582838499999994
  58.222227920000002  110.904034800000005
  60.060690899999997  116.808772899999994
  61.937453820000002  121.962729100000004
  63.852911519999999  126.477782800000000
  65.807458859999997  134.159360099999986
  67.801490670000007  146.456611400000014
  69.835401800000000  149.366557099999994
  71.909587099999996  154.916145000000000
  74.024441400000001  160.174326100000002
  76.180359559999999  166.664330799999988


# temperature  390.000000000000000
#    0.000009617389642   -0.002826111219515    0.295329037583920  -12.776047152767111  281.812793789218063
  56.421670040000002  106.938167399999998
  58.222227920000002  113.286623100000000
  60.060690899999997  119.215228800000006
  61.937453820000002  124.385242300000002
  63.852911519999999  128.915879200000006
  65.807458859999997  136.620603499999987
  67.801490670000007  148.945609200000007
  69.835401800000000  151.862240200000002
  71.909587099999996  157.419954600000011
  74.024441400000001  162.682606399999997
  76.180359559999999  169.182056700000004


# temperature  400.000000000000000
#    0.000009062652749   -0.002663717181194    0.278235830099494  -12.019355922374363  270.392508739188997
  56.421670040000002  109.244587199999998
  58.222227920000002  115.618450100000004
  60.060690899999997  121.569290400000000
  61.937453820000002  126.754248099999998
  63.852911519999999  131.299389800000000
  65.807458859999997  139.025641600000000
  67.801490670000007  151.376431099999991
  69.835401800000000  154.299275200000011
  71.909587099999996  159.864535999999987
  74.024441400000001  165.131336800000014
  76.180359559999999  171.639555400000006


# temperature  410.000000000000000
#    0.000008553759048   -0.002514711692280    0.262561166213714  -11.326662662689291  259.980736083432419
  56.421670040000002  111.503816400000005
  58.222227920000002  117.901394699999997
  60.060690899999997  123.872979299999997
  61.937453820000002  129.071867200000014
  63.852911519999999  133.630530800000003
  65.807458859999997  141.376835699999987
  67.801490670000007  153.751619199999993
  69.835401800000000  156.680246899999986
  71.909587099999996  162.252527500000014
  74.024441400000001  167.523185600000005
  76.180359559999999  174.039557800000011


# temperature  420.000000000000000
#    0.000008085987964   -0.002377716022745    0.248157982000313  -10.691227133811870  250.467792286891836
  56.421670040000002  113.717506799999995
  58.222227920000002  120.137252500000002
  60.060690899999997  126.128218899999993
  61.937453820000002  131.340111100000001
  63.852911519999999  135.911399200000005
  65.807458859999997  143.676412900000003
  67.801490670000007  156.073560700000002
  69.835401800000000  159.007580899999994
  71.909587099999996  164.586402200000009
  74.024441400000001  169.860652499999986
  76.180359559999999  176.384619299999997


# temperature  430.000000000000000
#    0.000007655097158   -0.002251494057711    0.234894747132318  -10.107037595767190  241.756190900265437
  56.421670040000002  115.887244400000000
  58.222227920000002  122.327738800000006
  60.060690899999997  128.336838999999998
  61.937453820000002  133.560888799999987
  63.852911519999999  138.143980400000004
  65.807458859999997  145.926474600000006
  67.801490670000007  158.344500000000011
  69.835401800000000  161.283555699999994
  71.909587099999996  166.868480799999986
  74.024441400000001  172.146081699999996
  76.180359559999999  178.677133900000001


# temperature  440.000000000000000
#    0.000007257405285   -0.002134971498254    0.222657111782178   -9.568873379739079  233.761566319501696
  56.421670040000002  118.014550099999994
  58.222227920000002  124.474490700000004
  60.060690899999997  130.500579899999991
  61.937453820000002  135.736011499999989
  63.852911519999999  140.330154300000004
  65.807458859999997  148.129004600000002
  67.801490670000007  160.566548799999993
  69.835401800000000  163.510313499999995
  71.909587099999996  169.100943300000012
  74.024441400000001  174.381674400000009
  76.180359559999999  180.919346700000006


# temperature  450.000000000000000
#    0.000006889686133   -0.002027206500352    0.211344874741463   -9.072167403741396  226.410390029879835
  56.421670040000002  120.100881799999996
  58.222227920000002  126.579070900000005
  60.060690899999997  132.621096999999992
  61.937453820000002  137.867198400000007
  63.852911519999999  142.471701800000005
  65.807458859999997  150.285877199999987
  67.801490670000007  162.741695700000008
  69.835401800000000  165.689870200000001
  71.909587099999996  171.285839500000009
  74.024441400000001  176.569499100000002
  76.180359559999999  183.113366200000002


# temperature  460.000000000000000
#    0.000006549040783   -0.001927353972989    0.200868280173107   -8.612837596834170  219.637150650202358
  56.421670040000002  122.147635800000003
  58.222227920000002  128.642970600000012
  60.060690899999997  134.699965300000002
  61.937453820000002  139.956081699999999
  63.852911519999999  144.570310799999987
  65.807458859999997  152.398864099999997
  67.801490670000007  164.871815199999986
  69.835401800000000  167.824125100000003
  71.909587099999996  173.425098899999995
  74.024441400000001  178.711502200000012
  76.180359559999999  185.261174000000011


# temperature  470.000000000000000
#    0.000006232947207   -0.001834677410434    0.191149069639591   -8.187328808601059  213.385009855503966
  56.421670040000002  124.156149299999996
  58.222227920000002  130.667612399999996
  60.060690899999997  136.738683199999997
  61.937453820000002  142.004211900000001
  63.852911519999999  146.627581899999996
  65.807458859999997  154.469641700000011
  67.801490670000007  166.958676099999991
  69.835401800000000  169.914868899999988
  71.909587099999996  175.520539500000012
  74.024441400000001  180.809516900000006
  76.180359559999999  187.364635200000009


# temperature  480.000000000000000
#    0.000005939122439   -0.001748511179413    0.182116637107240   -7.792440148519169  207.602938527926625
  56.421670040000002  126.127701999999999
  58.222227920000002  132.654353899999990
  60.060690899999997  138.738676800000007
  61.937453820000002  144.013061800000003
  63.852911519999999  148.645033299999994
  65.807458859999997  156.499796500000002
  67.801490670000007  169.003948299999990
  69.835401800000000  171.963791600000008
  71.909587099999996  177.573875899999990
  74.024441400000001  182.865271299999989
  76.180359559999999  189.425506799999994


# temperature  490.000000000000000
#    0.000005665533943   -0.001668262824847    0.173708198547046   -7.425330766835304  202.245815560335814
  56.421670040000002  128.063519100000008
  58.222227920000002  134.604490700000014
  60.060690899999997  140.701303899999999
  61.937453820000002  145.984031799999997
  63.852911519999999  150.624106500000011
  65.807458859999997  158.490831700000001
  67.801490670000007  171.009210300000007
  69.835401800000000  173.972489700000011
  71.909587099999996  179.586726700000014
  74.024441400000001  184.880396499999989
  76.180359559999999  191.445445599999999


# temperature  500.000000000000000
#    0.000005410447361   -0.001593424477900    0.165869801777157   -7.083559445893915  197.275023532225958
  56.421670040000002  129.964772900000014
  58.222227920000002  136.519259199999993
  60.060690899999997  142.627857400000011
  61.937453820000002  147.918453199999988
  63.852911519999999  152.566170300000010
  65.807458859999997  160.444172199999997
  67.801490670000007  172.975955199999987
  69.835401800000000  175.942472600000002
  71.909587099999996  181.560621400000002
  74.024441400000001  186.856433000000010
  76.180359559999999  193.426015500000005


# temperature  510.000000000000000
#    0.000005172197415   -0.001523511628949    0.158550225999074   -6.764816382220376  192.654070821916349
  56.421670040000002  131.832585499999993
  58.222227920000002  138.399840000000012
  60.060690899999997  144.519569399999995
  61.937453820000002  149.817593100000011
  63.852911519999999  154.472525600000012
  65.807458859999997  162.361169899999993
  67.801490670000007  174.905596500000001
  69.835401800000000  177.875168800000012
  71.909587099999996  183.497006699999986
  74.024441400000001  188.794837400000006
  76.180359559999999  195.368694599999998


# temperature  520.000000000000000
#    0.000004949353895   -0.001458106614456    0.151705242412154   -6.467108462567936  188.351619526628696
  56.421670040000002  133.668030799999997
  58.222227920000002  140.247360299999997
  60.060690899999997  146.377613999999994
  61.937453820000002  151.682657599999999
  63.852911519999999  156.344409299999995
  65.807458859999997  164.243108100000001
  67.801490670000007  176.799473699999993
  69.835401800000000  179.771930999999995
  71.909587099999996  185.397251799999992
  74.024441400000001  190.696988400000009
  76.180359559999999  197.274880499999995


# temperature  530.000000000000000
#    0.000004740684618   -0.001396848281509    0.145296542728633   -6.188710639600630  184.340680188969372
  56.421670040000002  135.472137099999998
  58.222227920000002  142.062896800000004
  60.060690899999997  148.203110699999996
  61.937453820000002  153.514795200000009
  63.852911519999999  158.182998300000008
  65.807458859999997  166.091205599999995
  67.801490670000007  178.658856899999989
  69.835401800000000  181.634041700000012
  71.909587099999996  187.262654199999986
  74.024441400000001  192.564191499999993
  76.180359559999999  199.145896399999998


# temperature  540.000000000000000
#    0.000004544943087   -0.001339374976826    0.139286032973560   -5.927913810109487  180.594470798123780
  56.421670040000002  137.245888600000001
  58.222227920000002  143.847478499999994
  60.060690899999997  149.997127799999987
  61.937453820000002  155.315100599999994
  63.852911519999999  159.989413000000013
  65.807458859999997  167.906621500000000
  67.801490670000007  180.484951499999994
  69.835401800000000  183.462717599999991
  71.909587099999996  189.094444100000004
  74.024441400000001  194.397684599999991
  76.180359559999999  200.982996100000008


# temperature  550.000000000000000
#    0.000004361138347   -0.001285395618119    0.133642827610436   -5.683329845807790  177.091399213391355
  56.421670040000002  138.990228099999996
  58.222227920000002  145.602088900000012
  60.060690899999997  151.760684400000002
  61.937453820000002  157.084617500000007
  63.852911519999999  161.764720500000010
  65.807458859999997  169.690458000000007
  67.801490670000007  182.278902299999999
  69.835401800000000  185.259113600000006
  71.909587099999996  190.893789099999992
  74.024441400000001  196.198642199999995
  76.180359559999999  202.787368700000002


# temperature  560.000000000000000
#    0.000004188324083   -0.001234634187574    0.128337795635760   -5.453654652780304  173.811229455494015
  56.421670040000002  140.706058500000012
  58.222227920000002  147.327668399999993
  60.060690899999997  153.494754000000000
  61.937453820000002  158.824341400000009
  63.852911519999999  163.509938000000005
  65.807458859999997  171.443764600000009
  67.801490670000007  184.041797699999989
  69.835401800000000  187.024327400000004
  71.909587099999996  192.661798299999987
  74.024441400000001  197.968179600000013
  76.180359559999999  204.560142700000000


# temperature  570.000000000000000
#    0.000004025662525   -0.001186845257861    0.123344968575791   -5.237724912481425  170.735947430269960
  56.421670040000002  142.394245100000006
  58.222227920000002  149.025116599999990
  60.060690899999997  155.200266199999987
  61.937453820000002  160.535222500000003
  63.852911519999999  165.226035499999995
  65.807458859999997  173.167540800000012
  67.801490670000007  185.774672799999991
  69.835401800000000  188.759402599999987
  71.909587099999996  194.399525799999992
  74.024441400000001  199.707356699999991
  76.180359559999999  206.302390199999991


# temperature  580.000000000000000
#    0.000003872314160   -0.001141785503437    0.118638791492370   -5.034400759177626  167.847897457575527
  56.421670040000002  144.055617200000000
  58.222227920000002  150.695294399999995
  60.060690899999997  156.878109899999998
  61.937453820000002  162.218168200000008
  63.852911519999999  166.913938599999994
  65.807458859999997  174.862739400000009
  67.801490670000007  187.478512899999998
  69.835401800000000  190.465332600000011
  71.909587099999996  196.107974399999989
  74.024441400000001  201.417181599999992
  76.180359559999999  208.015130400000004


# temperature  590.000000000000000
#    0.000003727649239   -0.001099269012341    0.114199531795787   -4.842800330677388  165.133593190276713
  56.421670040000002  145.690969899999999
  58.222227920000002  152.339026100000012
  60.060690899999997  158.529134699999986
  61.937453820000002  163.874045599999988
  63.852911519999999  168.574531199999996
  65.807458859999997  176.530268900000010
  67.801490670000007  189.154256699999991
  69.835401800000000  192.143063299999994
  71.909587099999996  197.788098700000006
  74.024441400000001  203.098613800000010
  76.180359559999999  209.699333099999990


# temperature  600.000000000000000
#    0.000003591011446   -0.001059104317349    0.110007015437082   -4.662024222255759  162.579199365078267
  56.421670040000002  147.301065700000009
  58.222227920000002  153.957100999999994
  60.060690899999997  160.154153699999995
  61.937453820000002  165.503683499999994
  63.852911519999999  170.208657299999999
  65.807458859999997  178.170996699999989
  67.801490670000007  190.802799099999987
  69.835401800000000  193.793495900000011
  71.909587099999996  199.440808400000009
  74.024441400000001  204.752567300000010
  76.180359559999999  211.355921700000010


# temperature  610.000000000000000
#    0.000003461795102   -0.001021115167897    0.106042715695859   -4.491248591485984  160.172087273607303
  56.421670040000002  148.886636100000004
  58.222227920000002  155.550275499999998
  60.060690899999997  161.753944899999993
  61.937453820000002  167.107874699999996
  63.852911519999999  171.817124100000001
  65.807458859999997  179.785750799999988
  67.801490670000007  192.424993599999993
  69.835401800000000  195.417490299999997
  71.909587099999996  201.066970400000002
  74.024441400000001  206.379913299999998
  76.180359559999999  212.985775899999993


# temperature  620.000000000000000
#    0.000003339480457   -0.000985149259500    0.102290560613039   -4.329758424878772  157.901354803927859
  56.421670040000002  150.448383400000012
  58.222227920000002  157.119274799999999
  60.060690899999997  163.329253499999993
  61.937453820000002  168.687377900000001
  63.852911519999999  173.400703399999998
  65.807458859999997  181.375322699999998
  67.801490670000007  194.021654799999993
  69.835401800000000  197.015866799999998
  71.909587099999996  202.667412100000007
  74.024441400000001  207.981482800000009
  76.180359559999999  214.589734899999996


# temperature  630.000000000000000
#    0.000003223582975   -0.000951065172251    0.098735678413949   -4.176894333102269  155.756988494603718
  56.421670040000002  151.986981500000013
  58.222227920000002  158.664794000000001
  60.060690899999997  164.880793399999988
  61.937453820000002  170.242919400000005
  63.852911519999999  174.960133600000006
  65.807458859999997  182.940468799999991
  67.801490670000007  195.593561099999988
  69.835401800000000  198.589408800000001
  71.909587099999996  204.242923100000013
  74.024441400000001  209.558068999999989
  76.180359559999999  216.168599199999989


# temperature  640.000000000000000
#    0.000003113706452   -0.000918745413726    0.095365588464596   -4.032100556410266  153.730587596730516
  56.421670040000002  153.503077999999988
  58.222227920000002  160.187500300000011
  60.060690899999997  166.409248800000000
  61.937453820000002  171.775195200000013
  63.852911519999999  176.496121899999991
  65.807458859999997  184.481912899999998
  67.801490670000007  197.141456199999993
  69.835401800000000  200.138864899999987
  71.909587099999996  205.794258100000008
  74.024441400000001  211.110429600000003
  76.180359559999999  217.723133300000001


# temperature  650.000000000000000
#    0.000003009392675   -0.000888057703199    0.092166485044171   -3.894767480740427  151.812881009208979
  56.421670040000002  154.997294799999992
  58.222227920000002  161.688033899999994
  60.060690899999997  167.915276100000000
  61.937453820000002  173.284872100000001
  63.852911519999999  178.009345700000011
  65.807458859999997  186.000348000000002
  67.801490670000007  198.666051399999986
  69.835401800000000  201.664950900000008
  71.909587099999996  207.322137999999995
  74.024441400000001  212.639288800000003
  76.180359559999999  219.254067600000013


# temperature  660.000000000000000
#    0.000002910274261   -0.000858894199817    0.089126993386366   -3.764390699859999  149.996243250185358
  56.421670040000002  156.470229700000004
  58.222227920000002  163.167009600000000
  60.060690899999997  169.399504699999994
  61.937453820000002  174.772589799999992
  63.852911519999999  179.500454100000013
  65.807458859999997  187.496437399999991
  67.801490670000007  200.168027400000000
  69.835401800000000  203.168351500000000
  71.909587099999996  208.827252799999997
  74.024441400000001  214.145339199999995
  76.180359559999999  220.762100599999997


# temperature  670.000000000000000
#    0.000002816031642   -0.000831160942097    0.086237208980873   -3.640532746884368  148.274134672704889
  56.421670040000002  157.922457799999989
  58.222227920000002  164.625018100000005
  60.060690899999997  170.862539099999992
  61.937453820000002  176.238961700000004
  63.852911519999999  180.970069700000010
  65.807458859999997  188.970817000000011
  67.801490670000007  201.648035999999991
  69.835401800000000  204.649722499999996
  71.909587099999996  210.310262700000010
  74.024441400000001  215.629243500000001
  76.180359559999999  222.247900399999992


# temperature  680.000000000000000
#    0.000002726312772   -0.000804756049101    0.083486491203103   -3.522724470361015  146.639460532848346
  56.421670040000002  159.354531699999995
  58.222227920000002  166.062626700000010
  60.060690899999997  172.304959599999989
  61.937453820000002  177.684576899999996
  63.852911519999999  182.418789699999991
  65.807458859999997  190.424096600000013
  67.801490670000007  203.106701500000014
  69.835401800000000  206.109691700000013
  71.909587099999996  211.771800000000013
  74.024441400000001  217.091636499999993
  76.180359559999999  223.712106799999987


# temperature  690.000000000000000
#    0.000002640866420   -0.000779604780648    0.080866912537975   -3.410615528578491  145.087030062158732
  56.421670040000002  160.766983699999997
  58.222227920000002  167.480381300000005
  60.060690899999997  173.727323699999999
  61.937453820000002  179.110000799999995
  63.852911519999999  183.847187499999990
  65.807458859999997  191.856860799999993
  67.801490670000007  204.544622500000003
  69.835401800000000  207.548860999999988
  71.909587099999996  213.212470599999989
  74.024441400000001  218.533126100000004
  76.180359559999999  225.155332299999998


# temperature  700.000000000000000
#    0.000002559444501   -0.000755633875434    0.078370733434920   -3.303864110123908  143.611754029255536
  56.421670040000002  162.160325699999987
  58.222227920000002  168.878806499999996
  60.060690899999997  175.130167300000011
  61.937453820000002  180.515776899999992
  63.852911519999999  185.255813700000004
  65.807458859999997  193.269670999999988
  67.801490670000007  205.962373000000014
  69.835401800000000  208.967807599999986
  71.909587099999996  214.632855299999989
  74.024441400000001  219.954295300000013
  76.180359559999999  226.578164399999991


# temperature  710.000000000000000
#    0.000002481762407   -0.000732761446967    0.075989451826881   -3.202097935468614  142.208059329809998
  56.421670040000002  163.535050799999993
  58.222227920000002  170.258407400000010
  60.060690899999997  176.514005800000007
  61.937453820000002  181.902427499999988
  63.852911519999999  186.645197300000007
  65.807458859999997  194.663066100000009
  67.801490670000007  207.360503999999992
  69.835401800000000  210.367085099999997
  71.909587099999996  216.033511299999986
  74.024441400000001  221.355703299999988
  76.180359559999999  227.981166199999990


# temperature  720.000000000000000
#    0.000002407587484   -0.000710919236075    0.073715882544178   -3.104999776427213  140.871195033805122
  56.421670040000002  164.891634199999999
  58.222227920000002  171.619670100000008
  60.060690899999997  177.879334999999998
  61.937453820000002  183.270454599999994
  63.852911519999999  188.015846799999991
  65.807458859999997  196.037564099999997
  67.801490670000007  208.739544400000000
  69.835401800000000  211.747225299999997
  71.909587099999996  217.414973599999996
  74.024441400000001  222.737886699999990
  76.180359559999999  229.364878099999999


# temperature  730.000000000000000
#    0.000002336717758   -0.000690047785942    0.071543768172145   -3.012294668217557  139.597100114171099
  56.421670040000002  166.230533600000001
  58.222227920000002  172.963062600000001
  60.060690899999997  179.226631999999995
  61.937453820000002  184.620341599999989
  63.852911519999999  189.368251200000003
  65.807458859999997  197.393662500000005
  67.801490670000007  210.100002200000006
  69.835401800000000  213.108738600000009
  71.909587099999996  218.777755700000000
  74.024441400000001  224.101360699999987
  76.180359559999999  230.729818800000004


# temperature  740.000000000000000
#    0.000002268990909   -0.000670098760463    0.069467997162645   -2.923758777171501  138.382535826008706
  56.421670040000002  167.552190099999990
  58.222227920000002  174.289035899999988
  60.060690899999997  180.556355999999994
  61.937453820000002  185.952553499999993
  63.852911519999999  190.702881100000013
  65.807458859999997  198.731840099999999
  67.801490670000007  211.442365800000005
  69.835401800000000  214.452115800000001
  71.909587099999996  220.122351100000003
  74.024441400000001  225.446620400000000
  76.180359559999999  232.076486799999998


# temperature  750.000000000000000
#    0.000002204187781   -0.000651008854558    0.067481974328070   -2.839102308644907  137.223141970179398
  56.421670040000002  168.857029399999988
  58.222227920000002  175.598024500000008
  60.060690899999997  181.868949799999996
  61.937453820000002  187.267537900000008
  63.852911519999999  192.020189399999992
  65.807458859999997  200.052557400000012
  67.801490670000007  212.767104700000004
  69.835401800000000  215.777828699999986
  71.909587099999996  221.449234200000006
  74.024441400000001  226.774141700000001
  76.180359559999999  233.405360800000011


# temperature  760.000000000000000
#    0.000002142150816   -0.000632731965327    0.065580881346718   -2.758115678421436  136.115884140678020
  56.421670040000002  170.145461899999987
  58.222227920000002  176.890447499999993
  60.060690899999997  183.164839499999999
  61.937453820000002  188.565726399999988
  63.852911519999999  193.320612199999999
  65.807458859999997  201.356257599999992
  67.801490670000007  214.074670700000013
  69.835401800000000  217.086330900000007
  71.909587099999996  222.758861300000007
  74.024441400000001  228.084382099999999
  76.180359559999999  234.716901400000012


# temperature  770.000000000000000
#    0.000002082742209   -0.000615226824764    0.063760331482944   -2.680605545227351  135.057930231578467
  56.421670040000002  171.417883700000004
  58.222227920000002  178.166708900000003
  60.060690899999997  184.444436300000007
  61.937453820000002  189.847534499999995
  63.852911519999999  194.604569800000007
  65.807458859999997  202.643367600000005
  67.801490670000007  215.365498599999995
  69.835401800000000  218.378059100000002
  71.909587099999996  224.051671300000010
  74.024441400000001  229.377781800000008
  76.180359559999999  236.011551400000002


# temperature  780.000000000000000
#    0.000002025770903   -0.000598438936455    0.062014702570076   -2.606326766182578  134.045613928330283
  56.421670040000002  172.674677300000013
  58.222227920000002  179.427198599999997
  60.060690899999997  185.708136599999989
  61.937453820000002  191.113363099999987
  63.852911519999999  195.872467000000000
  65.807458859999997  203.914298599999995
  67.801490670000007  216.640006999999997
  69.835401800000000  219.653433900000010
  71.909587099999996  225.328086899999988
  74.024441400000001  230.654764900000004
  76.180359559999999  237.289737400000007


# temperature  790.000000000000000
#    0.000001971150423   -0.000582341429800    0.060341092575776   -2.535152280809876  133.077167281964478
  56.421670040000002  173.916211800000013
  58.222227920000002  180.672292800000008
  60.060690899999997  186.956322699999987
  61.937453820000002  192.363598499999995
  63.852911519999999  197.124694500000004
  65.807458859999997  205.169446999999991
  67.801490670000007  217.898599200000007
  69.835401800000000  220.912860200000011
  71.909587099999996  226.588515199999989
  74.024441400000001  231.915739199999990
  76.180359559999999  238.551869600000003


# temperature  800.000000000000000
#    0.000001918721534   -0.000566888407157    0.058734730705766   -2.466873046433169  132.149458539681831
  56.421670040000002  175.142844099999991
  58.222227920000002  181.902355000000000
  60.060690899999997  188.189363700000001
  61.937453820000002  193.598613800000010
  63.852911519999999  198.361628800000005
  65.807458859999997  206.409194899999989
  67.801490670000007  219.141663899999998
  69.835401800000000  222.156728299999997
  71.909587099999996  227.833348199999989
  74.024441400000001  233.161098199999998
  76.180359559999999  239.798343700000004


# temperature  810.000000000000000
#    0.000001868385987   -0.000552050951381    0.057192601711148   -2.401359715894435  131.260689859379937
  56.421670040000002  176.354918800000007
  58.222227920000002  183.117736000000008
  60.060690899999997  189.407616100000013
  61.937453820000002  194.818768799999987
  63.852911519999999  199.583633300000002
  65.807458859999997  207.633910899999989
  67.801490670000007  220.369575900000001
  69.835401800000000  223.385414499999996
  71.909587099999996  229.062964099999988
  74.024441400000001  234.391220800000013
  76.180359559999999  241.029540700000013


# temperature  820.000000000000000
#    0.000001820027152   -0.000537794749498    0.055711094949252   -2.338453552385357  130.408511529707710
  56.421670040000002  177.552769200000000
  58.222227920000002  184.318774800000000
  60.060690899999997  190.611423800000011
  61.937453820000002  196.024411100000009
  63.852911519999999  200.791058999999990
  65.807458859999997  208.843950799999988
  67.801490670000007  221.582696700000014
  69.835401800000000  224.599281600000012
  71.909587099999996  230.277727499999997
  74.024441400000001  235.606472599999989
  76.180359559999999  242.245828100000011


# temperature  830.000000000000000
#    0.000001773539344   -0.000524088767270    0.054286956887713   -2.278012483264671  129.590850008170406
  56.421670040000002  178.736717499999997
  58.222227920000002  185.505799300000007
  60.060690899999997  191.801119499999999
  61.937453820000002  197.215876500000007
  63.852911519999999  201.984244700000005
  65.807458859999997  210.039657900000009
  67.801490670000007  222.781375200000014
  69.835401800000000  225.798679899999996
  71.909587099999996  231.477990100000000
  74.024441400000001  236.807206199999996
  76.180359559999999  243.447560299999992


# temperature  840.000000000000000
#    0.000001728848996   -0.000510910993082    0.052917869157311   -2.219936689998726  128.806328817307360
  56.421670040000002  179.907075399999997
  58.222227920000002  186.679126200000013
  60.060690899999997  192.977024499999999
  61.937453820000002  198.393489299999999
  63.852911519999999  203.163517700000000
  65.807458859999997  211.221363999999994
  67.801490670000007  223.965948099999991
  69.835401800000000  226.983947300000011
  71.909587099999996  232.664091299999995
  74.024441400000001  237.993761900000010
  76.180359559999999  244.635079499999989


# temperature  850.000000000000000
#    0.000001685827473   -0.000498224647104    0.051600030904632   -2.164060168201405  128.052457323938739
  56.421670040000002  181.064144300000009
  58.222227920000002  187.839062100000007
  60.060690899999997  194.139449500000012
  61.937453820000002  199.557563100000010
  63.852911519999999  204.329194199999989
  65.807458859999997  212.389389300000005
  67.801490670000007  225.136740699999990
  69.835401800000000  228.155410300000000
  71.909587099999996  233.836359100000010
  74.024441400000001  239.166468199999997
  76.180359559999999  245.808715699999993


# temperature  860.000000000000000
#    0.000001644410971   -0.000486010392963    0.050331385100455   -2.110293530721762  127.327987935699042
  56.421670040000002  182.208216300000004
  58.222227920000002  188.985903299999990
  60.060690899999997  195.288695100000012
  61.937453820000002  200.708401100000003
  63.852911519999999  205.481580199999996
  65.807458859999997  213.544043600000009
  67.801490670000007  226.294067100000007
  69.835401800000000  229.313384100000007
  71.909587099999996  234.995110100000005
  74.024441400000001  240.325642600000009
  76.180359559999999  246.968787999999989


# temperature  870.000000000000000
#    0.000001604523132   -0.000474245971143    0.049109623430435   -2.058537815828100  126.631531294769644
  56.421670040000002  183.339573999999999
  58.222227920000002  190.119936999999993
  60.060690899999997  196.425051999999994
  61.937453820000002  201.846296599999988
  63.852911519999999  206.620971300000008
  65.807458859999997  214.685626299999996
  67.801490670000007  227.438231099999996
  69.835401800000000  230.458173399999993
  71.909587099999996  236.140650200000010
  74.024441400000001  241.471591700000005
  76.180359559999999  248.115604300000001


# temperature  880.000000000000000
#    0.000001566076847   -0.000462905878396    0.047932069376772   -2.008675359151824  125.961336907787128
  56.421670040000002  184.458490899999987
  58.222227920000002  191.241440899999986
  60.060690899999997  197.548801700000013
  61.937453820000002  202.971533399999998
  63.852911519999999  207.747653799999995
  65.807458859999997  215.814426800000007
  67.801490670000007  228.569526200000013
  69.835401800000000  231.590072899999996
  71.909587099999996  237.273275100000006
  74.024441400000001  242.604611900000009
  76.180359559999999  249.249462599999987


# temperature  890.000000000000000
#    0.000001529022310   -0.000451975121993    0.046797146086346   -1.960639041768273  125.316512163781184
  56.421670040000002  185.565232400000014
  58.222227920000002  192.350684099999995
  60.060690899999997  198.660216600000012
  61.937453820000002  204.084386200000012
  63.852911519999999  208.861904500000009
  65.807458859999997  216.930725300000006
  67.801490670000007  229.688236399999994
  69.835401800000000  232.709367500000013
  71.909587099999996  238.393270999999999
  74.024441400000001  243.724989899999997
  76.180359559999999  250.370650799999993


# temperature  900.000000000000000
#    0.000001493279667   -0.000441430601868    0.045702455182715   -1.914324588131211  124.695528045348567
  56.421670040000002  186.660055300000010
  58.222227920000002  193.447927200000009
  60.060690899999997  199.759560499999992
  61.937453820000002  205.185121000000009
  63.852911519999999  209.963991399999998
  65.807458859999997  218.034793000000008
  67.801490670000007  230.794636499999996
  69.835401800000000  233.816332700000004
  71.909587099999996  239.500914499999993
  74.024441400000001  244.833002800000003
  76.180359559999999  251.479447200000010


# temperature  910.000000000000000
#    0.000001458788948   -0.000431254644775    0.044646146293645   -1.869651868585265  124.097243322302745
  56.421670040000002  187.743208699999997
  58.222227920000002  194.533422800000011
  60.060690899999997  200.847089000000011
  61.937453820000002  206.273995500000012
  63.852911519999999  211.054174200000006
  65.807458859999997  219.126892400000003
  67.801490670000007  231.888992400000006
  69.835401800000000  234.911235400000010
  71.909587099999996  240.596473400000008
  74.024441400000001  245.928919100000002
  76.180359559999999  252.576121499999999


# temperature  920.000000000000000
#    0.000001425482768   -0.000421427527402    0.043626153408897   -1.826530463351151  123.520326611340337
  56.421670040000002  188.814934200000010
  58.222227920000002  195.607415699999990
  60.060690899999997  201.923049999999989
  61.937453820000002  207.351259099999993
  63.852911519999999  212.132704399999994
  65.807458859999997  220.207277599999998
  67.801490670000007  232.971561500000007
  69.835401800000000  235.994333699999999
  71.909587099999996  241.680206800000008
  74.024441400000001  247.012998399999987
  76.180359559999999  253.660934300000008


# temperature  930.000000000000000
#    0.000001393330042   -0.000411939627020    0.042641457011318   -1.784917711864722  122.964253696132118
  56.421670040000002  189.875465999999989
  58.222227920000002  196.670143300000007
  60.060690899999997  202.987683299999986
  61.937453820000002  208.417154000000011
  63.852911519999999  213.199825599999997
  65.807458859999997  221.276194900000007
  67.801490670000007  234.042593299999993
  69.835401800000000  237.065877900000004
  71.909587099999996  242.752365700000013
  74.024441400000001  248.085492200000004
  76.180359559999999  254.734138199999990


# temperature  940.000000000000000
#    0.000001362257885   -0.000402770324987    0.041689950503479   -1.744722973873216  122.427699520011998
  56.421670040000002  190.925031300000001
  58.222227920000002  197.721835800000008
  60.060690899999997  204.041222000000005
  61.937453820000002  209.471914599999991
  63.852911519999999  214.255774099999996
  65.807458859999997  222.333882999999986
  67.801490670000007  235.102329200000014
  69.835401800000000  238.126110100000005
  71.909587099999996  243.813193299999995
  74.024441400000001  249.146644100000003
  76.180359559999999  255.795977800000003


# temperature  950.000000000000000
#    0.000001332221016   -0.000393905799341    0.040770146889007   -1.705880285969053  121.909697538500723
  56.421670040000002  191.963850699999995
  58.222227920000002  198.762716600000005
  60.060690899999997  205.083891800000004
  61.937453820000002  210.515768299999991
  63.852911519999999  215.300778900000012
  65.807458859999997  223.380573400000003
  67.801490670000007  236.151003500000002
  69.835401800000000  239.175265200000013
  71.909587099999996  244.862925300000001
  74.024441400000001  250.196690100000012
  76.180359559999999  256.846690200000012


# temperature  960.000000000000000
#    0.000001303184127   -0.000385335693907    0.039880981925784   -1.668345507176710  121.409686025697411
  56.421670040000002  192.992138199999999
  58.222227920000002  199.793002400000006
  60.060690899999997  206.115911699999998
  61.937453820000002  211.548935800000010
  63.852911519999999  216.335062099999988
  65.807458859999997  224.416490199999998
  67.801490670000007  237.188843200000008
  69.835401800000000  240.213570699999991
  71.909587099999996  245.901789900000011
  74.024441400000001  251.235859199999993
  76.180359559999999  257.886504800000012


# temperature  970.000000000000000
#    0.000001275098503   -0.000377045676066    0.039020950307758   -1.632052796247685  120.926702238238434
  56.421670040000002  194.010101800000001
  58.222227920000002  200.812903599999999
  60.060690899999997  207.137494400000008
  61.937453820000002  212.571631300000007
  63.852911519999999  217.358839200000006
  65.807458859999997  225.441851299999996
  67.801490670000007  238.216068199999995
  69.835401800000000  241.241247499999986
  71.909587099999996  246.930008600000008
  74.024441400000001  252.264373000000006
  76.180359559999999  258.915644499999985


# temperature  980.000000000000000
#    0.000001247910550   -0.000369020435325    0.038188480096195   -1.596934572028763  120.459769168459331
  56.421670040000002  195.017943300000013
  58.222227920000002  201.822624600000012
  60.060690899999997  208.148846300000002
  61.937453820000002  213.584062299999999
  63.852911519999999  218.372319500000003
  65.807458859999997  226.456867600000010
  67.801490670000007  239.232892200000009
  69.835401800000000  242.258509599999996
  71.909587099999996  247.947796199999999
  74.024441400000001  253.282446800000002
  76.180359559999999  259.934325199999989


# temperature  990.000000000000000
#    0.000001221596751   -0.000361252512213    0.037382762037403   -1.562955869530359  120.008425727513369
  56.421670040000002  196.015858799999990
  58.222227920000002  202.822363800000005
  60.060690899999997  209.150167900000014
  61.937453820000002  214.586430900000011
  63.852911519999999  219.375705799999992
  65.807458859999997  227.461744199999998
  67.801490670000007  240.239522300000004
  69.835401800000000  243.265564699999999
  71.909587099999996  248.955361000000011
  74.024441400000001  254.290289199999989
  76.180359559999999  260.942756400000007


# temperature 1000.000000000000000
#    0.000001196115857   -0.000353729984936    0.036602567118326   -1.530064154573863  119.571932240980232
  56.421670040000002  197.004039000000006
  58.222227920000002  203.812313799999998
  60.060690899999997  210.141653700000006
  61.937453820000002  215.578932699999996
  63.852911519999999  220.369195499999989
  65.807458859999997  228.456680000000006
  67.801490670000007  241.236159600000008
  69.835401800000000  244.262614399999990
  71.909587099999996  249.952905399999992
  74.024441400000001  255.288102900000013
  76.180359559999999  261.941141300000027


