   0.000000000000000       -14.828594162748770
  10.000000000000000       -14.828594350097855
  20.000000000000000       -14.828602592447615
  30.000000000000000       -14.828655060744625
  40.000000000000000       -14.828842162528945
  50.000000000000000       -14.829285965452012
  60.000000000000000       -14.830099177267273
  70.000000000000000       -14.831367790934010
  80.000000000000000       -14.833150349347894
  90.000000000000000       -14.835482841818937
 100.000000000000000       -14.838384260759641
 110.000000000000000       -14.841861442758798
 120.000000000000000       -14.845912763410498
 130.000000000000000       -14.850530949615443
 140.000000000000000       -14.855705017517815
 150.000000000000000       -14.861421694331556
 160.000000000000000       -14.867666392140487
 170.000000000000000       -14.874423876489448
 180.000000000000000       -14.881678739105066
 190.000000000000000       -14.889415676351149
 200.000000000000000       -14.897619737595829
 210.000000000000000       -14.906276403374632
 220.000000000000000       -14.915371693831863
 230.000000000000000       -14.924892202094904
 240.000000000000000       -14.934825109321599
 250.000000000000000       -14.945158187454876
 260.000000000000000       -14.955879764525488
 270.000000000000000       -14.966978767203303
 280.000000000000000       -14.978444635766346
 290.000000000000000       -14.990267318591682
 300.000000000000000       -15.002437273174696
 310.000000000000000       -15.014945394666070
 320.000000000000000       -15.027783027471951
 330.000000000000000       -15.040941936602032
 340.000000000000000       -15.054414242738909
 350.000000000000000       -15.068192461093890
 360.000000000000000       -15.082269447579884
 370.000000000000000       -15.096638351503245
 380.000000000000000       -15.111292633150137
 390.000000000000000       -15.126226076174806
 400.000000000000000       -15.141432681536982
 410.000000000000000       -15.156906721272215
 420.000000000000000       -15.172642736559629
 430.000000000000000       -15.188635444373126
 440.000000000000000       -15.204879781168877
 450.000000000000000       -15.221370892730484
 460.000000000000000       -15.238104137055318
 470.000000000000000       -15.255074988052961
 480.000000000000000       -15.272279158163730
 490.000000000000000       -15.289712499904390
 500.000000000000000       -15.307370934114997
 510.000000000000000       -15.325250656628436
 520.000000000000000       -15.343347887830927
 530.000000000000000       -15.361659103953579
 540.000000000000000       -15.380180748122251
 550.000000000000000       -15.398909429014536
 560.000000000000000       -15.417841957215572
 570.000000000000000       -15.436975167278577
 580.000000000000000       -15.456305982165521
 590.000000000000000       -15.475831423429604
 600.000000000000000       -15.495548693955421
 610.000000000000000       -15.515454980271700
 620.000000000000000       -15.535547525854948
 630.000000000000000       -15.555823803098653
 640.000000000000000       -15.576281208759866
 650.000000000000000       -15.596917298309668
 660.000000000000000       -15.617729673197632
 670.000000000000000       -15.638715918803930
 680.000000000000000       -15.659873802399876
 690.000000000000000       -15.681201176438233
 700.000000000000000       -15.702695839484937
 710.000000000000000       -15.724355707775786
 720.000000000000000       -15.746178614876806
 730.000000000000000       -15.768162603848587
 740.000000000000000       -15.790305900538851
 750.000000000000000       -15.812606452218411
 760.000000000000000       -15.835062395213090
 770.000000000000000       -15.857671955777928
 780.000000000000000       -15.880433391191978
 790.000000000000000       -15.903344885806009
 800.000000000000000       -15.926404852109037
 810.000000000000000       -15.949611510077029
 820.000000000000000       -15.972963334766760
 830.000000000000000       -15.996458713308876
 840.000000000000000       -16.020096137989423
 850.000000000000000       -16.043874107461107
 860.000000000000000       -16.067791054070270
 870.000000000000000       -16.091845543818593
 880.000000000000000       -16.116036210179541
 890.000000000000000       -16.140361533641080
 900.000000000000000       -16.164820198878864
 910.000000000000000       -16.189410892006777
 920.000000000000000       -16.214132448954292
 930.000000000000000       -16.238983265905723
 940.000000000000000       -16.263962330300231
 950.000000000000000       -16.289068102061691
 960.000000000000000       -16.314299629164751
 970.000000000000000       -16.339655632204504
 980.000000000000000       -16.365135092274002
 990.000000000000000       -16.390736701255065
1000.000000000000000       -16.416458847949542
