   0.000000000000000        -0.005004882959270
  10.000000000000000        -0.005004842920072
  20.000000000000000        -0.005004106268197
  30.000000000000000        -0.004999383755839
  40.000000000000000        -0.004983383821190
  50.000000000000000        -0.004949034497662
  60.000000000000000        -0.004892574243888
  70.000000000000000        -0.004813248722205
  80.000000000000000        -0.004712118085514
  90.000000000000000        -0.004591090619973
 100.000000000000000        -0.004452364881034
 110.000000000000000        -0.004298105314623
 120.000000000000000        -0.004130314646017
 130.000000000000000        -0.003950757520133
 140.000000000000000        -0.003760972010891
 150.000000000000000        -0.003562274702738
 160.000000000000000        -0.003355789601129
 170.000000000000000        -0.003142475901132
 180.000000000000000        -0.002923143460607
 190.000000000000000        -0.002698492514944
 200.000000000000000        -0.002469111191709
 210.000000000000000        -0.002235512873537
 220.000000000000000        -0.001998136953096
 230.000000000000000        -0.001757362029351
 240.000000000000000        -0.001513518741438
 250.000000000000000        -0.001266894443544
 260.000000000000000        -0.001017748191617
 270.000000000000000        -0.000766297737877
 280.000000000000000        -0.000512741400928
 290.000000000000000        -0.000257257159814
 300.000000000000000         0.000000000000000
 310.000000000000000         0.000258885938886
 320.000000000000000         0.000519273501435
 330.000000000000000         0.000781051854265
 340.000000000000000         0.001044110684654
 350.000000000000000         0.001308356497146
 360.000000000000000         0.001573702901527
 370.000000000000000         0.001840067249239
 380.000000000000000         0.002107370211713
 390.000000000000000         0.002375550282706
 400.000000000000000         0.002644536772295
 410.000000000000000         0.002914269328297
 420.000000000000000         0.003184697116431
 430.000000000000000         0.003455762022755
 440.000000000000000         0.003727411220565
 450.000000000000000         0.003999599011056
 460.000000000000000         0.004272281028470
 470.000000000000000         0.004545408610631
 480.000000000000000         0.004818947405504
 490.000000000000000         0.005092857311571
 500.000000000000000         0.005367089668229
 510.000000000000000         0.005641618405457
 520.000000000000000         0.005916399594547
 530.000000000000000         0.006191412145684
 540.000000000000000         0.006466611256246
 550.000000000000000         0.006741961779184
 560.000000000000000         0.007017441210690
 570.000000000000000         0.007293017101988
 580.000000000000000         0.007568655670151
 590.000000000000000         0.007844327027060
 600.000000000000000         0.008120008588982
 610.000000000000000         0.008395670728706
 620.000000000000000         0.008671277936940
 630.000000000000000         0.008946815206389
 640.000000000000000         0.009222248040514
 650.000000000000000         0.009497553956486
 660.000000000000000         0.009772708318207
 670.000000000000000         0.010047679644251
 680.000000000000000         0.010322447175763
 690.000000000000000         0.010596990677941
 700.000000000000000         0.010871283772913
 710.000000000000000         0.011145302152227
 720.000000000000000         0.011419016944328
 730.000000000000000         0.011692408104976
 740.000000000000000         0.011965462102148
 750.000000000000000         0.012238147255466
 760.000000000000000         0.012510442756232
 770.000000000000000         0.012782328409140
 780.000000000000000         0.013053781756634
 790.000000000000000         0.013324781474462
 800.000000000000000         0.013595307990958
 810.000000000000000         0.013865337340128
 820.000000000000000         0.014134853262291
 830.000000000000000         0.014403833592207
 840.000000000000000         0.014672257548515
 850.000000000000000         0.014940105060672
 860.000000000000000         0.015207359113208
 870.000000000000000         0.015473999776691
 880.000000000000000         0.015740008037350
 890.000000000000000         0.016005366485554
 900.000000000000000         0.016270055048851
 910.000000000000000         0.016534057808578
 920.000000000000000         0.016797347935698
 930.000000000000000         0.017059921563787
 940.000000000000000         0.017321750416978
 950.000000000000000         0.017582830437725
 960.000000000000000         0.017843132892503
 970.000000000000000         0.018102647985769
 980.000000000000000         0.018361340658557
 990.000000000000000         0.018619207935521
1000.000000000000000         0.018876275210599
