        0.000000000000000        66.387137240121419
       10.000000000000000        66.387145254496048
       20.000000000000000        66.387292705217334
       30.000000000000000        66.388237984389647
       40.000000000000000        66.391440669491260
       50.000000000000000        66.398316674670056
       60.000000000000000        66.409619850059840
       70.000000000000000        66.425502751404537
       80.000000000000000        66.445755239834256
       90.000000000000000        66.469997690949015
      100.000000000000000        66.497792453353597
      110.000000000000000        66.528708633987947
      120.000000000000000        66.562347550766830
      130.000000000000000        66.598357981784602
      140.000000000000000        66.636433845471686
      150.000000000000000        66.676313193539130
      160.000000000000000        66.717772438205500
      170.000000000000000        66.760620811856228
      180.000000000000000        66.804697296814240
      190.000000000000000        66.849862681904057
      200.000000000000000        66.896000094685618
      210.000000000000000        66.943007519729832
      220.000000000000000        66.990797671743465
      230.000000000000000        67.039295364528982
      240.000000000000000        67.088434947576033
      250.000000000000000        67.138159382171594
      260.000000000000000        67.188417235354095
      270.000000000000000        67.239165316608805
      280.000000000000000        67.290364279255272
      290.000000000000000        67.341978811572105
      300.000000000000000        67.393978182314427
      310.000000000000000        67.446333794057978
      320.000000000000000        67.499020430171484
      330.000000000000000        67.552016128774113
      340.000000000000000        67.605298989228160
      350.000000000000000        67.658850475295836
      360.000000000000000        67.712653453819001
      370.000000000000000        67.766691515533140
      380.000000000000000        67.820948891088534
      390.000000000000000        67.875413398563140
      400.000000000000000        67.930070963823653
      410.000000000000000        67.984909585193350
      420.000000000000000        68.039919172065595
      430.000000000000000        68.095088130268422
      440.000000000000000        68.150405917676537
      450.000000000000000        68.205863422102823
      460.000000000000000        68.261451783462320
      470.000000000000000        68.317161245856511
      480.000000000000000        68.372984953342993
      490.000000000000000        68.428914860691364
      500.000000000000000        68.484941155949869
      510.000000000000000        68.541058624760609
      520.000000000000000        68.597258387739757
      530.000000000000000        68.653536220970537
      540.000000000000000        68.709883034704376
      550.000000000000000        68.766291697804888
      560.000000000000000        68.822757655678913
      570.000000000000000        68.879274303557139
      580.000000000000000        68.935834748298078
      590.000000000000000        68.992432881469512
      600.000000000000000        69.049064082115507
      610.000000000000000        69.105722271057999
      620.000000000000000        69.162400145833132
      630.000000000000000        69.219094607644095
      640.000000000000000        69.275798537553953
      650.000000000000000        69.332507276423613
      660.000000000000000        69.389215711102167
      670.000000000000000        69.445917305413985
      680.000000000000000        69.502607721945864
      690.000000000000000        69.559282722187717
      700.000000000000000        69.615936789399314
      710.000000000000000        69.672564822817208
      720.000000000000000        69.729160767056669
      730.000000000000000        69.785720380563291
      740.000000000000000        69.842240761232020
      750.000000000000000        69.898715241356712
      760.000000000000000        69.955139392581444
      770.000000000000000        70.011508904590599
      780.000000000000000        70.067818988797228
      790.000000000000000        70.124065082052951
      800.000000000000000        70.180242975946143
      810.000000000000000        70.236347540308699
      820.000000000000000        70.292375237004336
      830.000000000000000        70.348321292295509
      840.000000000000000        70.404181210980667
      850.000000000000000        70.459950637020469
      860.000000000000000        70.515625842462342
      870.000000000000000        70.571202484685543
      880.000000000000000        70.626676403696052
      890.000000000000000        70.682043766358476
      900.000000000000000        70.737300176312559
      910.000000000000000        70.792442096717124
      920.000000000000000        70.847463703668026
      930.000000000000000        70.902363964520703
      940.000000000000000        70.957136737871124
      950.000000000000000        71.011780940888983
      960.000000000000000        71.066290320900009
      970.000000000000000        71.120662582320392
      980.000000000000000        71.174890128907862
      990.000000000000000        71.228972080696664
     1000.000000000000000        71.282913511502286
