   1  32   1   0  0.1816515E+02  0.1000000E-03
  CAR 
 unknown system                          
   0   0   0
   1   1
 256 256 256
 256
  0.1000000E-09
  0.6250000E-11
   0
  0.5000000E-15  0.8345704E-09  0.8345704E-09  0.8345704E-09
  0.0000000E+00  0.0000000E+00
  0.000
  0.000
  0.000
  0.000
  0.000
  0.000
  0.000
  0.000
  0.000
  0.000
  0.000
  0.000
  0.000
  0.000
  0.000
  0.000
  0.000
  0.000
  0.000
  0.000
  0.000
  0.000
  0.000
  0.000
  0.000
  0.000
  0.000
  0.000
  0.000
  0.000
  0.000
  0.000
  0.000
  0.000
  0.000
  0.000
  0.000
  0.000
  0.000
  0.000
  0.000
  0.000
  0.000
  0.000
  0.000
  0.000
  0.000
 31.490
  0.000
  0.000
  0.000
  0.000
  0.000
  0.000
  0.000
  0.000
  0.000
  0.000
  0.000
  0.000
  0.000
  0.000
  0.000
  0.000
  0.000
  0.000
  8.033
  0.000
  0.000
  0.000
  0.000
  0.000
  0.000
  0.000
  0.000
  0.000
  0.000
  0.000
  0.000
  0.000
  0.000
 21.393
  0.000
  0.000
  0.000
  0.000
  0.000
  0.000
  0.000
  0.000
  0.000
  0.000
  0.000
  0.000
  7.956
  0.000
  0.000
  0.000
  0.000
  0.000
  0.000
  0.000
  0.000
  0.000
  0.000
 12.767
  0.000
  0.000
  0.000
  0.000
  0.000
  0.000
  0.000
  0.000
  0.000
  3.551
  0.000
  0.000
  0.000
  0.000
  0.000
  0.000
  0.000
  0.000
 18.144
  0.188
  0.000
  0.000
  0.000
  0.000
  0.000
  0.000
  0.000
  0.000
  0.000
  0.000
  0.000
  0.000
  0.000
  0.000
  0.000
 10.646
  0.000
  0.000
  0.000
  0.000
  0.000
  0.000
  0.000
  6.358
  0.000
  0.000
  0.000
  0.000
  0.000
  0.000
  5.802
  0.000
  0.000
  0.000
  0.000
  0.000
  0.000
  5.316
  0.000
  0.000
  0.000
  0.000
  0.000
  0.000
 14.665
  0.000
  0.000
  0.000
  0.000
  0.000
  0.000
  0.000
  0.000
  0.000
  0.000
  0.000
  8.533
  0.000
  0.000
  0.000
  0.000
  0.000
  0.000
  0.000
  0.000
  0.000
  0.000
  0.000
  7.513
  0.000
  0.000
  0.000
  0.000
  0.000
  4.419
  0.000
  0.000
  0.000
  0.000
 10.095
  0.000
  0.000
  0.000
  0.000
  0.033
  3.144
  0.000
  0.000
  0.000
  0.000
  6.063
  0.000
  0.000
  0.000
  0.000
  2.896
  0.000
  0.000
  0.000
  0.000
  5.540
  0.000
  0.000
  0.000
  0.000
  0.000
  0.000
  0.000
  0.000
  0.214
  8.680
  0.000
  0.000
  0.000
  2.457
  0.000
  0.000
  0.000
  0.000
  9.431
  0.000
  0.000
  0.000
  4.566
  0.000
  0.000
  0.000
  0.000
  2.194
  0.000
