   1  32   1   0  0.1657884E+02  0.1000000E-03
  CAR 
 unknown system                          
   0   0   0
   1   1
 256 256 256
 256
  0.1000000E-09
  0.6250000E-11
   0
  0.5000000E-15  0.8095333E-09  0.8095333E-09  0.8095333E-09
  0.0000000E+00  0.0000000E+00
  0.000
  0.000
  0.000
  0.000
  0.000
  0.000
  0.000
  0.000
  0.000
  0.000
  0.000
  0.000
  0.000
  0.000
  0.000
  0.000
  0.000
  0.000
  0.000
  0.000
  0.000
  0.000
  0.000
  0.000
  0.000
  0.000
  0.000
  0.000
  0.000
  0.000
  0.000
  0.000
  0.000
  0.000
  0.000
  0.000
  0.000
  0.000
  0.000
  0.000
  0.000
  0.000
  0.000
  0.000
  0.000
 31.322
  0.000
  0.000
  0.000
  0.000
  0.000
  0.000
  0.000
  0.000
  0.000
  0.000
  0.000
  0.000
  0.000
  0.000
  0.000
  0.000
  0.000
  0.000
  7.793
  0.000
  0.000
  0.000
  0.000
  0.000
  0.000
  0.000
  0.000
  0.000
  0.000
  0.000
  0.000
  0.000
  0.000
 20.520
  0.000
  0.000
  0.000
  0.000
  0.000
  0.000
  0.000
  0.000
  0.000
  0.000
  0.000
  7.745
  0.000
  0.000
  0.000
  0.000
  0.000
  0.000
  0.000
  0.000
  0.000
  0.000
 12.344
  0.000
  0.000
  0.000
  0.000
  0.000
  0.000
  0.000
  0.000
  0.000
  3.416
  0.000
  0.000
  0.000
  0.000
  0.000
  0.000
  0.000
  0.000
 17.571
  0.000
  0.000
  0.000
  0.000
  0.000
  0.000
  0.000
  0.000
  0.000
  0.000
  0.000
  0.000
  0.000
  0.000
  0.000
 10.290
  0.000
  0.000
  0.000
  0.000
  0.000
  0.000
  6.211
  0.000
  0.000
  0.000
  0.000
  0.000
  0.000
  5.651
  0.000
  0.000
  0.000
  0.000
  0.000
  0.000
  5.162
  0.000
  0.000
  0.000
  0.000
  0.000
  0.150
 14.057
  0.000
  0.000
  0.000
  0.000
  0.000
  0.000
  0.000
  0.000
  0.000
  0.000
  0.000
  8.233
  0.000
  0.000
  0.000
  0.000
  0.000
  0.000
  0.000
  0.000
  0.000
  0.000
  7.300
  0.000
  0.000
  0.000
  0.000
  0.000
  4.285
  0.000
  0.000
  0.000
  0.000
  9.776
  0.000
  0.000
  0.000
  0.000
  3.101
  0.000
  0.000
  0.000
  0.000
  5.910
  0.000
  0.000
  0.000
  0.000
  2.819
  0.000
  0.000
  0.000
  0.000
  5.384
  0.000
  0.000
  0.000
  0.000
  0.000
  0.000
  0.000
  0.000
  8.487
  0.205
  0.000
  0.000
  0.000
  2.379
  0.000
  0.000
  0.000
  9.029
  0.166
  0.000
  0.000
  0.000
  4.411
  0.000
  0.000
  0.000
  2.134
  0.000
  0.000
  0.000
  0.000
  0.000
  0.000
  0.000
  7.801
  0.207
