   1  32   1   0  0.1410430E+02  0.1000000E-03
  CAR 
 unknown system                          
   0   0   0
   1   1
 256 256 256
 256
  0.1000000E-09
  0.6250000E-11
   0
  0.5000000E-15  0.7670680E-09  0.7670680E-09  0.7670680E-09
  0.0000000E+00  0.0000000E+00
  0.000
  0.000
  0.000
  0.000
  0.000
  0.000
  0.000
  0.000
  0.000
  0.000
  0.000
  0.000
  0.000
  0.000
  0.000
  0.000
  0.000
  0.000
  0.000
  0.000
  0.000
  0.000
  0.000
  0.000
  0.000
  0.000
  0.000
  0.000
  0.000
  0.000
  0.000
  0.000
  0.000
  0.000
  0.000
  0.000
  0.000
  0.000
  0.000
  0.000
  0.000
  0.000
  0.000
 29.153
  0.000
  0.000
  0.000
  0.000
  0.000
  0.000
  0.000
  0.000
  0.000
  0.000
  0.000
  0.000
  0.000
  0.000
  0.000
  0.000
  0.000
  7.293
  0.000
  0.000
  0.000
  0.000
  0.000
  0.000
  0.000
  0.000
  0.000
  0.000
  0.000
  0.000
  0.000
 19.356
  0.000
  0.000
  0.000
  0.000
  0.000
  0.000
  0.000
  0.000
  0.000
  0.000
  7.373
  0.000
  0.000
  0.000
  0.000
  0.000
  0.000
  0.000
  0.000
  0.000
  0.247
 11.365
  0.000
  0.000
  0.000
  0.000
  0.000
  0.000
  0.000
  0.000
  3.243
  0.000
  0.000
  0.000
  0.000
  0.000
  0.000
  0.000
 16.832
  0.000
  0.000
  0.000
  0.000
  0.000
  0.000
  0.000
  0.000
  0.000
  0.000
  0.000
  0.000
  0.000
  0.000
  0.000
  9.718
  0.000
  0.000
  0.000
  0.000
  0.000
  0.000
  5.836
  0.000
  0.000
  0.000
  0.000
  0.000
  5.246
  0.110
  0.000
  0.000
  0.000
  0.000
  0.000
  4.871
  0.000
  0.000
  0.000
  0.000
  0.000
 13.515
  0.000
  0.000
  0.000
  0.000
  0.000
  0.000
  0.000
  0.000
  0.000
  0.000
  0.164
  7.610
  0.000
  0.000
  0.000
  0.000
  0.000
  0.000
  0.000
  0.000
  0.000
  6.854
  0.071
  0.000
  0.000
  0.000
  0.077
  3.976
  0.000
  0.000
  0.000
  0.032
  9.186
  0.000
  0.000
  0.000
  0.031
  2.886
  0.000
  0.000
  0.000
  5.600
  0.000
  0.000
  0.000
  0.000
  2.664
  0.000
  0.000
  0.000
  0.053
  5.023
  0.000
  0.000
  0.000
  0.000
  0.000
  0.000
  0.000
  8.043
  0.194
  0.000
  0.000
  0.000
  2.249
  0.000
  0.000
  0.000
  8.679
  0.000
  0.000
  0.000
  4.190
  0.000
  0.000
  0.000
  2.024
  0.000
  0.000
  0.000
  0.000
  0.000
  0.000
  0.000
  7.567
  0.000
  0.000
  0.000
  0.000
  0.000
  0.000
  0.000
  7.090
  0.000
  0.000
  0.090
  3.344
  0.000
  0.000
