   1  36   1   0  0.1763494E+02  0.1000000E-03
  CAR 
 unknown system                          
   0   0   0
   1   1
 256 256 256
 256
  0.1000000E-09
  0.6250000E-11
   0
  0.5000000E-15  0.8820702E-09  0.8820702E-09  0.9391624E-09
  0.0000000E+00  0.0000000E+00
  0.000
  0.000
  0.000
  0.000
  0.000
  0.000
  0.000
  0.000
  0.000
  0.000
  0.000
  0.000
  0.000
  0.000
  0.000
  0.000
  0.000
  0.000
  0.000
  0.000
  0.000
  0.000
  0.000
  0.000
  0.000
  0.000
  0.000
  0.000
  0.000
  0.000
  0.000
  0.000
  0.000
  0.000
  0.000
  0.000
  0.000
  0.000
  0.000
  0.000
  0.000
  0.000
  0.000
  0.000
  0.000
  0.000
 16.245
 15.002
  0.000
  0.000
  0.000
  0.000
  0.000
  0.000
  0.000
  0.000
  0.000
  0.000
  0.000
  0.000
  0.000
  0.000
  0.000
  0.000
  0.000
  2.680
  5.199
  0.000
  0.000
  0.000
  0.000
  0.000
  0.000
  0.000
  0.000
  2.017
  0.000
  0.000
  0.000
  0.000
  0.099
 15.481
  0.000
  0.000
  0.000
  0.000
  0.000
  0.000
  8.807
  0.000
  0.000
  0.000
  0.000
  0.037
  3.826
  0.000
  0.000
  0.000
  0.000
  0.000
  0.000
  0.000
  0.000
  0.000
  2.105
  4.131
  0.000
  0.000
  0.000
  0.000
  1.961
  3.622
  0.000
  0.000
  0.828
  4.285
  0.071
  0.000
  0.000
  0.000
  4.750
  0.000
  0.000
  0.000
  9.580
  1.521
  0.000
  0.000
  0.000
  0.000
  0.000
  0.000
  0.000
  3.870
  0.000
  0.000
  0.000
  0.000
  0.000
  0.000
  0.582
  1.148
  0.000
  0.000
  0.000
  6.516
  0.000
  0.000
  2.114
  4.086
  0.000
  0.000
  0.000
  0.000
  0.000
  0.977
  3.260
  2.781
  0.000
  1.795
  0.905
  0.000
  0.435
  3.440
  0.000
  0.000
  0.000
  0.000
  0.000
  3.201
  2.395
  1.542
  0.000
  0.000
  0.000
  0.000
  1.097
  2.199
  0.000
  2.131
  0.010
  0.698
  2.752
  0.692
  0.000
  2.673
  1.322
  0.000
  1.959
  1.903
  0.000
  0.000
  0.000
  0.921
  1.857
  4.478
  0.000
  0.000
  0.000
  1.733
  1.732
  1.683
  1.121
  0.555
  0.550
  1.089
  0.000
  0.000
  0.000
  0.000
  0.519
  2.056
  0.509
  0.000
  0.000
  1.980
  1.226
  0.500
  1.906
  1.200
  0.703
  2.825
  1.851
  0.000
  0.025
  1.093
  3.598
  0.895
  1.755
  0.873
  1.298
  0.220
  0.419
  0.000
  0.407
  1.255
  1.427
  0.011
  0.000
  1.609
  2.385
  1.966
  0.000
  0.000
  2.115
  0.763
  0.746
  0.021
  1.107
  1.113
  1.461
  0.000
  0.000
  0.706
  1.430
  0.352
