   0.000000000000000       102.159892364150323
  10.000000000000000       102.159786681238074
  20.000000000000000       102.158058503062932
  30.000000000000000       102.149440591287274
  40.000000000000000       102.124273066185893
  50.000000000000000       102.074253518608288
  60.000000000000000       101.996250733488438
  70.000000000000000       101.891260794343140
  80.000000000000000       101.762363433442772
  90.000000000000000       101.613292215247299
 100.000000000000000       101.447657118445960
 110.000000000000000       101.268618666650198
 120.000000000000000       101.078799522695689
 130.000000000000000       100.880309651002861
 140.000000000000000       100.674817732486090
 150.000000000000000       100.463635474628106
 160.000000000000000       100.247787307521392
 170.000000000000000       100.028073150606076
 180.000000000000000        99.805122585561179
 190.000000000000000        99.579430104048868
 200.000000000000000        99.351385850013003
 210.000000000000000        99.121302009694503
 220.000000000000000        98.889427218376468
 230.000000000000000        98.655962347065497
 240.000000000000000        98.421067235355864
 250.000000000000000        98.184874554221821
 260.000000000000000        97.947496403523004
 270.000000000000000        97.709015440700071
 280.000000000000000        97.469508970945654
 290.000000000000000        97.229036164757773
 300.000000000000000        96.987650370056073
 310.000000000000000        96.745392255530192
 320.000000000000000        96.502299264826192
 330.000000000000000        96.258401570693323
 340.000000000000000        96.013724942698900
 350.000000000000000        95.768290318757337
 360.000000000000000        95.522117411957737
 370.000000000000000        95.275224741458942
 380.000000000000000        95.027618885556365
 390.000000000000000        94.779318515749011
 400.000000000000000        94.530331571979858
 410.000000000000000        94.280664989627496
 420.000000000000000        94.030329104645645
 430.000000000000000        93.779327289155205
 440.000000000000000        93.527663784111397
 450.000000000000000        93.275350273725564
 460.000000000000000        93.022383137882045
 470.000000000000000        92.768768041235347
 480.000000000000000        92.514509691754498
 490.000000000000000        92.259608978359211
 500.000000000000000        92.004065652020003
 510.000000000000000        91.747882945777491
 520.000000000000000        91.491063479829378
 530.000000000000000        91.233604227916317
 540.000000000000000        90.975510824243656
 550.000000000000000        90.716778975799613
 560.000000000000000        90.457411757384619
 570.000000000000000        90.197408830313080
 580.000000000000000        89.936769491824634
 590.000000000000000        89.675490450243046
 600.000000000000000        89.413575400633363
 610.000000000000000        89.151023695602447
 620.000000000000000        88.887830281794891
 630.000000000000000        88.623998046827950
 640.000000000000000        88.359524443712800
 650.000000000000000        88.094409307854932
 660.000000000000000        87.828651396227428
 670.000000000000000        87.562247744930332
 680.000000000000000        87.295199075976072
 690.000000000000000        87.027502704968484
 700.000000000000000        86.759158093069971
 710.000000000000000        86.490163068649096
 720.000000000000000        86.220516402687309
 730.000000000000000        85.950216447552805
 740.000000000000000        85.679262712422641
 750.000000000000000        85.407649876364275
 760.000000000000000        85.135379291197097
 770.000000000000000        84.862448381473769
 780.000000000000000        84.588855882774652
 790.000000000000000        84.314598367078375
 800.000000000000000        84.039675546719621
 810.000000000000000        83.764084015174348
 820.000000000000000        83.487823647476745
 830.000000000000000        83.210888904319148
 840.000000000000000        82.933282085606649
 850.000000000000000        82.655000196077978
 860.000000000000000        82.376038896883557
 870.000000000000000        82.096397020717291
 880.000000000000000        81.816072562975350
 890.000000000000000        81.535064451296506
 900.000000000000000        81.253369156558890
 910.000000000000000        80.970983585617105
 920.000000000000000        80.687908670602667
 930.000000000000000        80.404137960937078
 940.000000000000000        80.119672494897458
 950.000000000000000        79.834508481286704
 960.000000000000000        79.548643662012935
 970.000000000000000        79.262076584453297
 980.000000000000000        78.974804544352963
 990.000000000000000        78.686823783483888
1000.000000000000000        78.398133089525601
