# temperature   10.000000000000000
#    0.000001828832125   -0.000461832404424    0.043860823191173   -1.853633098211459   29.388087340226097
  56.528584349906573    0.035032000000000
  58.332554137219944    0.042948300000000
  60.174500847799713    0.041735700000000
  62.054820074596620    0.056285900000000
  63.973907410561303    0.085299000000000
  65.932158448644500    0.094244800000000
  67.929968781796887    0.127959900000000
  69.967734002969152    0.150613200000000
  72.045849705111948    0.219524900000000
  74.164711481176042    0.289461900000000
  76.324714924112101    0.406957000000000


# temperature   20.000000000000000
#    0.000010138022813   -0.002532520088637    0.238443613923530  -10.005425606518671  157.692534880062396
  56.528584349906573    0.297763300000000
  58.332554137219944    0.365405400000000
  60.174500847799713    0.381961900000000
  62.054820074596620    0.508325300000000
  63.973907410561303    0.724067100000000
  65.932158448644500    0.844914200000000
  67.929968781796887    1.101864900000000
  69.967734002969152    1.350475400000000
  72.045849705111948    1.874824800000000
  74.164711481176042    2.484540900000000
  76.324714924112101    3.320880700000000


# temperature   30.000000000000000
#    0.000020795322079   -0.005119419775663    0.477331653293940  -19.898623103528699  312.297755534919190
  56.528584349906573    1.147468400000000
  58.332554137219944    1.413714400000000
  60.174500847799713    1.606295500000000
  62.054820074596620    2.081645300000000
  63.973907410561303    2.783267500000000
  65.932158448644500    3.351700800000000
  67.929968781796887    4.222785900000000
  69.967734002969152    5.258646200000000
  72.045849705111948    6.731771200000000
  74.164711481176042    8.524757599999999
  76.324714924112101   10.683391300000000


# temperature   40.000000000000000
#    0.000027590092571   -0.006750228738469    0.630220694248419  -26.410374305087611  417.613658349904540
  56.528584349906573    3.114954300000000
  58.332554137219944    3.792267700000000
  60.174500847799713    4.435680700000000
  62.054820074596620    5.530820600000000
  63.973907410561303    6.983375500000000
  65.932158448644500    8.309079600000000
  67.929968781796887   10.055298300000000
  69.967734002969152   12.203104400000001
  72.045849705111948   14.628059600000000
  74.164711481176042   17.607577700000000
  76.324714924112101   20.906778899999999


# temperature   50.000000000000000
#    0.000032278090420   -0.007953693810067    0.753078782680151  -32.059728157148875  514.925862890706412
  56.528584349906573    6.481168900000000
  58.332554137219944    7.718715300000000
  60.174500847799713    8.989747599999999
  62.054820074596620   10.804275199999999
  63.973907410561303   13.041494699999999
  65.932158448644500   15.161035900000000
  67.929968781796887   17.719434700000001
  69.967734002969152   20.833636800000001
  72.045849705111948   23.915386099999999
  74.164711481176042   27.699757699999999
  76.324714924112101   31.658288599999999


# temperature   60.000000000000000
#    0.000036844504554   -0.009215644927188    0.888779335793380  -38.474385063665736  626.809282790463499
  56.528584349906573   11.080050600000000
  58.332554137219944   12.901596899999999
  60.174500847799713   14.817458300000000
  62.054820074596620   17.274307100000001
  63.973907410561303   20.154062000000000
  65.932158448644500   22.918803900000000
  67.929968781796887   26.062025800000001
  69.967734002969152   29.813138899999998
  72.045849705111948   33.240393699999998
  74.164711481176042   37.424458000000001
  76.324714924112101   41.623639500000003


# temperature   70.000000000000000
#    0.000041631429750   -0.010575769176148    1.036075111642901  -45.390744736611225  746.018552158936586
  56.528584349906573   16.514411599999999
  58.332554137219944   18.850067899999999
  60.174500847799713   21.321690799999999
  62.054820074596620   24.258413200000000
  63.973907410561303   27.577909600000002
  65.932158448644500   30.780231499999999
  67.929968781796887   34.261299899999997
  69.967734002969152   38.331849900000002
  72.045849705111948   41.863907500000003
  74.164711481176042   46.139351599999998
  76.324714924112101   50.297911200000001


# temperature   80.000000000000000
#    0.000046340749053   -0.011921133220732    1.180763995964041  -52.082474931120110  859.462479221031799
  56.528584349906573   22.369682500000000
  58.332554137219944   25.104831200000000
  60.174500847799713   27.997438899999999
  62.054820074596620   31.238479500000000
  63.973907410561303   34.804196900000001
  65.932158448644500   38.247938900000001
  67.929968781796887   41.862635599999997
  69.967734002969152   46.011890100000002
  72.045849705111948   49.486955199999997
  74.164711481176042   53.654502399999998
  76.324714924112101   57.610990299999997


# temperature   90.000000000000000
#    0.000050640033303   -0.013146378310337    1.311152640273163  -58.007750380191524  958.157925641462953
  56.528584349906573   28.309618600000000
  58.332554137219944   31.320571300000001
  60.174500847799713   34.493953200000000
  62.054820074596620   37.886698600000003
  63.973907410561303   41.542443700000000
  65.932158448644500   45.070633600000001
  67.929968781796887   48.671912399999997
  69.967734002969152   52.739716399999999
  72.045849705111948   56.060705499999997
  74.164711481176042   60.007820100000004
  76.324714924112101   63.684305600000002


# temperature  100.000000000000000
#    0.000054334334733   -0.014193498509490    1.421274873790685  -62.914926196108489 1038.370026870559968
  56.528584349906573   34.097047699999997
  58.332554137219944   37.271029599999999
  60.174500847799713   40.600818599999997
  62.054820074596620   44.027267600000002
  63.973907410561303   47.659166100000000
  65.932158448644500   51.158585299999999
  67.929968781796887   54.650642699999999
  69.967734002969152   58.541215899999997
  72.045849705111948   61.657393100000000
  74.164711481176042   65.330845299999993
  76.324714924112101   68.700963299999998


# temperature  110.000000000000000
#    0.000057364404011   -0.015046362903642    1.509808468734121  -66.771387743396886 1100.090918468629980
  56.528584349906573   39.582801900000000
  58.332554137219944   42.826551700000003
  60.174500847799713   46.212485600000001
  62.054820074596620   49.588529399999999
  63.973907410561303   53.119952200000000
  65.932158448644500   56.515492600000002
  67.929968781796887   59.841834300000002
  69.967734002969152   63.504860100000002
  72.045849705111948   66.395876599999994
  74.164711481176042   69.779300800000001
  76.324714924112101   72.845737200000002


# temperature  120.000000000000000
#    0.000059760603411   -0.015715240626858    1.578220110616581  -69.669379013548323 1145.323799750064836
  56.528584349906573   44.685287799999998
  58.332554137219944   47.926781599999998
  60.174500847799713   51.293418199999998
  62.054820074596620   54.563224200000001
  63.973907410561303   57.946671299999998
  65.932158448644500   61.192686700000003
  67.929968781796887   64.324434600000004
  69.967734002969152   67.739357600000005
  72.045849705111948   70.403417800000000
  74.164711481176042   73.501641899999996
  76.324714924112101   76.281925200000003


# temperature  130.000000000000000
#    0.000061599041510   -0.016223357179029    1.629269898421974  -71.754681997237270 1176.850642583911849
  56.528584349906573   49.370371300000002
  58.332554137219944   52.557017500000001
  60.174500847799713   55.850819299999998
  62.054820074596620   58.980190299999997
  63.973907410561303   62.189374899999997
  65.932158448644500   65.261390000000006
  67.929968781796887   68.187913100000003
  69.967734002969152   71.352533199999996
  72.045849705111948   73.798374100000004
  74.164711481176042   76.627376400000003
  76.324714924112101   79.145512999999994


# temperature  140.000000000000000
#    0.000062971103793   -0.016597932178065    1.666054194899808  -73.182804493163133 1197.505603676113651
  56.528584349906573   53.634965899999997
  58.332554137219944   56.730390900000003
  60.174500847799713   59.915569800000000
  62.054820074596620   62.885957300000001
  63.973907410561303   65.909271399999994
  65.932158448644500   68.797242400000002
  67.929968781796887   71.519345299999998
  69.967734002969152   74.442111400000002
  72.045849705111948   76.683877400000000
  74.164711481176042   79.264705300000003
  76.324714924112101   81.546518500000005


# temperature  150.000000000000000
#    0.000063966447593   -0.016865315294886    1.691504278557901  -74.097027848498072 1209.829701629765168
  56.528584349906573   57.494888799999998
  58.332554137219944   60.475487899999997
  60.174500847799713   63.529863100000000
  62.054820074596620   66.333564499999994
  63.973907410561303   69.169125800000003
  65.932158448644500   71.872409200000007
  67.929968781796887   74.397658300000003
  69.967734002969152   77.092697500000000
  72.045849705111948   79.146811400000004
  74.164711481176042   81.502067499999995
  76.324714924112101   83.572752199999996


# temperature  160.000000000000000
#    0.000064664783502   -0.017048716517243    1.708164562834991  -74.619428591140533 1215.944257057020195
  56.528584349906573   60.976430499999999
  58.332554137219944   63.828245099999997
  60.174500847799713   66.739655600000006
  62.054820074596620   69.376202699999993
  63.973907410561303   72.028290100000007
  65.932158448644500   74.552076799999995
  67.929968781796887   76.891717400000005
  69.967734002969152   79.375741800000000
  72.045849705111948   81.259075600000003
  74.164711481176042   83.410988599999996
  76.324714924112101   85.293940899999996


# temperature  170.000000000000000
#    0.000065133101393   -0.017167501770223    1.718134612708752  -74.849257568414288 1217.544074935387698
  56.528584349906573   64.110788600000006
  58.332554137219944   66.826911800000005
  60.174500847799713   69.590334900000002
  62.054820074596620   72.063889300000000
  63.973907410561303   74.540467100000001
  65.932158448644500   76.893342899999993
  67.929968781796887   79.060329800000005
  69.967734002969152   81.350777199999996
  72.045849705111948   83.079638200000005
  74.164711481176042   85.049081599999994
  76.324714924112101   86.765435800000006


# temperature  180.000000000000000
#    0.000065425787516   -0.017237297978176    1.723092940550562  -74.864827618103718 1215.944520070865565
  56.528584349906573   66.930559400000007
  58.332554137219944   69.509090700000002
  60.174500847799713   72.124432900000002
  62.054820074596620   74.441960899999998
  63.973907410561303   76.753005999999999
  65.932158448644500   78.945330200000001
  67.929968781796887   80.953108900000004
  69.967734002969152   83.067070599999994
  72.045849705111948   84.656684799999994
  74.164711481176042   86.462744599999994
  76.324714924112101   88.031289299999997


# temperature  190.000000000000000
#    0.000065586027553   -0.017270444283358    1.724353676792196  -74.726682056383140 1212.145563888554761
  56.528584349906573   69.467638399999998
  58.332554137219944   71.910126599999998
  60.174500847799713   74.380583799999997
  62.054820074596620   76.550608199999999
  63.973907410561303   78.707008200000004
  65.932158448644500   80.749862800000002
  67.929968781796887   82.611643000000001
  69.967734002969152   84.565284100000000
  72.045849705111948   86.029574900000000
  74.164711481176042   87.689426699999999
  76.324714924112101   89.126711799999995


# temperature  200.000000000000000
#    0.000065647527866   -0.017276522895796    1.722929288952382  -74.480882801723510 1206.894616647070279
  56.528584349906573   71.752053900000007
  58.332554137219944   74.062339800000004
  60.174500847799713   76.393207799999999
  62.054820074596620   78.424972499999996
  63.973907410561303   80.437818899999996
  65.932158448644500   82.342348299999998
  67.929968781796887   84.070694700000004
  69.967734002969152   85.878975299999993
  72.045849705111948   87.230511399999997
  74.164711481176042   88.759464100000002
  76.324714924112101   90.079993700000003


# temperature  210.000000000000000
#    0.000065636326048   -0.017262897496581    1.719591511361011  -74.162067481586448 1200.742657068710287
  56.528584349906573   73.811393899999999
  58.332554137219944   75.994769099999999
  60.174500847799713   78.192597199999994
  62.054820074596620   80.095521899999994
  63.973907410561303   81.975671899999995
  65.932158448644500   83.752682699999994
  67.929968781796887   85.359306900000007
  69.967734002969152   87.035882900000004
  72.045849705111948   88.285920200000007
  74.164711481176042   89.697541599999994
  76.324714924112101   90.913996600000004


# temperature  220.000000000000000
#    0.000065572398022   -0.017235188532789    1.714924483319872  -73.796071706415574 1194.091515508367138
  56.528584349906573   75.670603299999996
  58.332554137219944   77.733206999999993
  60.174500847799713   79.805206999999996
  62.054820074596620   81.588541100000000
  63.973907410561303   83.346359500000005
  65.932158448644500   85.006093500000006
  67.929968781796887   86.501768900000002
  69.967734002969152   88.058997199999993
  72.045849705111948   89.217567799999998
  74.164711481176042   90.523846599999999
  76.324714924112101   91.647306400000005


# temperature  230.000000000000000
#    0.000065470976472   -0.017197657767419    1.709367061041597  -73.401980276004792 1187.230154119576127
  56.528584349906573   77.351997499999996
  58.332554137219944   79.300393099999994
  60.174500847799713   81.254033399999997
  62.054820074596620   82.926646899999994
  63.973907410561303   84.571866600000007
  65.932158448644500   86.123884500000003
  67.929968781796887   87.518437000000006
  69.967734002969152   88.967437700000005
  72.045849705111948   90.043458999999999
  74.164711481176042   91.254974300000001
  76.324714924112101   92.295124500000000


# temperature  240.000000000000000
#    0.000065343545105   -0.017153499944920    1.703244961828503  -72.993680871508190 1180.361948299828327
  56.528584349906573   78.875399500000000
  58.332554137219944   80.716281499999994
  60.174500847799713   82.559015099999996
  62.054820074596620   84.129280399999999
  63.973907410561303   85.670939700000005
  65.932158448644500   87.124076599999995
  67.929968781796887   88.426417499999999
  69.967734002969152   89.777164700000000
  72.045849705111948   90.778554200000002
  74.164711481176042   91.904640200000003
  76.324714924112101   92.869958699999998


# temperature  250.000000000000000
#    0.000065198824767   -0.017105123821042    1.696800834410663  -72.581277253975188 1173.628896783664459
  56.528584349906573   80.258337100000006
  58.332554137219944   81.998333500000001
  60.174500847799713   83.737421299999994
  62.054820074596620   85.213155799999996
  63.973907410561303   86.659584300000006
  65.932158448644500   88.021948899999998
  67.929968781796887   89.240131700000006
  69.967734002969152   90.501555600000003
  72.045849705111948   91.435341600000001
  74.164711481176042   92.484239900000006
  76.324714924112101   93.382161199999999


# temperature  260.000000000000000
#    0.000065043348137   -0.017054320761372    1.690212728839369  -72.171970183757949 1167.126766992502326
  56.528584349906573   81.516265099999998
  58.332554137219944   83.161807899999999
  60.174500847799713   84.804208000000003
  62.054820074596620   86.192656600000007
  63.973907410561303   87.551491200000001
  65.932158448644500   88.830491100000003
  67.929968781796887   89.971778799999996
  69.967734002969152   91.151869300000001
  72.045849705111948   92.024294299999994
  74.164711481176042   93.003290800000002
  76.324714924112101   93.840348399999996


# temperature  270.000000000000000
#    0.000064881983744   -0.017002413033847    1.683609808337191  -71.770784121429855 1160.917234800327606
  56.528584349906573   82.662788800000001
  58.332554137219944   84.220033299999997
  60.174500847799713   85.772337399999998
  62.054820074596620   87.080179099999995
  63.973907410561303   88.358397299999993
  65.932158448644500   89.560779900000000
  67.929968781796887   90.631715700000001
  69.967734002969152   91.737621399999995
  72.045849705111948   92.554236099999997
  74.164711481176042   93.469782300000006
  76.324714924112101   94.251731699999993


# temperature  280.000000000000000
#    0.000064718267600   -0.016950351109276    1.677082953230785  -71.381066732711105 1155.036295828670745
  56.528584349906573   83.709878099999997
  58.332554137219944   85.184656200000006
  60.174500847799713   86.653057399999994
  62.054820074596620   87.886427800000007
  63.973907410561303   89.090390799999994
  65.932158448644500   90.222290299999997
  67.929968781796887   91.228767099999999
  69.967734002969152   92.266887999999994
  72.045849705111948   93.032634500000000
  74.164711481176042   93.890454000000005
  76.324714924112101   94.622378299999994


# temperature  290.000000000000000
#    0.000064554897310   -0.016898849713372    1.670698749560752  -71.005117519574824 1149.504531695640935
  56.528584349906573   84.668064200000003
  58.332554137219944   86.065861900000002
  60.174500847799713   87.456144800000004
  62.054820074596620   88.620666400000005
  63.973907410561303   89.756165600000003
  65.932158448644500   90.823153500000004
  67.929968781796887   91.770479899999998
  69.967734002969152   92.746551199999999
  72.045849705111948   93.465837399999998
  74.164711481176042   94.271018400000003
  76.324714924112101   94.957418300000000


# temperature  300.000000000000000
#    0.000064393776600   -0.016848404209578    1.664501551968679  -70.644290454432095 1144.328747368904487
  56.528584349906573   85.546618499999994
  58.332554137219944   86.872568799999996
  60.174500847799713   88.190113199999999
  62.054820074596620   89.290931000000000
  63.973907410561303   90.363235799999998
  65.932158448644500   91.370370500000007
  67.929968781796887   92.263331899999997
  69.967734002969152   93.182499600000000
  72.045849705111948   93.859263900000002
  74.164711481176042   94.616339600000003
  76.324714924112101   95.261210599999998


# temperature  310.000000000000000
#    0.000064236205071   -0.016799344071821    1.658519080881627  -70.299246618629013 1139.506030037408209
  56.528584349906573   86.353710599999999
  58.332554137219944   87.612598100000000
  60.174500847799713   88.862392099999994
  62.054820074596620   89.904210199999994
  63.973907410561303   90.918114399999993
  65.932158448644500   91.869988800000002
  67.929968781796887   92.712902799999995
  69.967734002969152   93.579790900000006
  72.045849705111948   94.217559199999997
  74.164711481176042   94.930577400000004
  76.324714924112101   95.537475799999996


# temperature  320.000000000000000
#    0.000064083164500   -0.016751910825850    1.652770311353078  -69.970301659541207 1135.029292830168743
  56.528584349906573   87.096548400000003
  58.332554137219944   88.292820300000002
  60.174500847799713   89.479479100000006
  62.054820074596620   90.466596800000005
  63.973907410561303   91.426462900000004
  65.932158448644500   92.327248999999995
  67.929968781796887   93.124015999999997
  69.967734002969152   93.942785999999998
  72.045849705111948   94.544721100000004
  74.164711481176042   95.217304200000001
  76.324714924112101   95.789403600000000


# temperature  330.000000000000000
#    0.000063935254410   -0.016706242191601    1.647264002108797  -69.657360920922017 1130.886067740877479
  56.528584349906573   87.781500300000005
  58.332554137219944   88.919282499999994
  60.174500847799713   90.047070099999999
  62.054820074596620   90.983417200000005
  63.973907410561303   91.893216800000005
  65.932158448644500   92.746707400000005
  67.929968781796887   93.500855000000001
  69.967734002969152   94.275258699999995
  72.045849705111948   94.844203300000004
  74.164711481176042   95.479600599999998
  76.324714924112101   96.019740100000007


# temperature  340.000000000000000
#    0.000063792861315   -0.016662418673134    1.642003448035491  -69.360129325299312 1127.061846179065697
  56.528584349906573   88.414202299999999
  58.332554137219944   89.497317100000004
  60.174500847799713   90.570169699999994
  62.054820074596620   91.459339099999994
  63.973907410561303   92.322691199999994
  65.932158448644500   93.132336899999999
  67.929968781796887   93.847060600000006
  69.967734002969152   94.580486100000002
  72.045849705111948   95.119000600000007
  74.164711481176042   95.720132800000002
  76.324714924112101   96.230858999999995


# temperature  350.000000000000000
#    0.000063656156250   -0.016620463342089    1.636986478502866  -69.078108531601075 1123.539891077209631
  56.528584349906573   88.999650399999993
  58.332554137219944   90.031636100000000
  60.174500847799713   91.053185400000004
  62.054820074596620   91.898464300000001
  63.973907410561303   92.718669100000000
  65.932158448644500   93.487612900000002
  67.929968781796887   94.165811399999996
  69.967734002969152   94.861323799999994
  72.045849705111948   95.371718999999999
  74.164711481176042   95.941217600000002
  76.324714924112101   96.424819600000006


# temperature  360.000000000000000
#    0.000063525249579   -0.016580383513526    1.632209623039172  -68.810777945167388 1120.304091736290502
  56.528584349906573   89.542281399999993
  58.332554137219944   90.526411800000005
  60.174500847799713   91.500007999999994
  62.054820074596620   92.304405799999998
  63.973907410561303   93.084476499999994
  65.932158448644500   93.815584200000004
  67.929968781796887   94.459890900000005
  69.967734002969152   95.120268300000006
  72.045849705111948   95.604633899999996
  74.164711481176042   96.144874700000003
  76.324714924112101   96.603415400000003


# temperature  370.000000000000000
#    0.000063400107454   -0.016542148961687    1.627665961374470  -68.557497677665296 1117.337256478565450
  56.528584349906573   90.046042799999995
  58.332554137219944   90.985346199999995
  60.174500847799713   91.914080499999997
  62.054820074596620   92.680354699999995
  63.973907410561303   93.423045200000004
  65.932158448644500   94.118933200000001
  67.929968781796887   94.731744399999997
  69.967734002969152   95.359508800000000
  72.045849705111948   95.819738299999997
  74.164711481176042   96.332870999999997
  76.324714924112101   96.768213599999996


# temperature  380.000000000000000
#    0.000063280628403   -0.016505712144433    1.623347102513672  -68.317592009009374 1114.622371260338696
  56.528584349906573   90.514452800000001
  58.332554137219944   91.411731099999997
  60.174500847799713   92.298456200000004
  62.054820074596620   93.029135900000000
  63.973907410561303   93.736966100000004
  65.932158448644500   94.400026199999999
  67.929968781796887   94.983525900000004
  69.967734002969152   95.580971199999993
  72.045849705111948   96.018783700000000
  74.164711481176042   96.506757199999996
  76.324714924112101   96.920588199999997


# temperature  390.000000000000000
#    0.000063166658654   -0.016471013110405    1.619243733131720  -68.090373888274542 1112.142958195777510
  56.528584349906573   90.950653399999993
  58.332554137219944   91.808499200000000
  60.174500847799713   92.655849099999998
  62.054820074596620   93.353256500000001
  63.973907410561303   94.028535099999999
  65.932158448644500   94.660956700000000
  67.929968781796887   95.217138399999996
  69.967734002969152   95.786354599999996
  72.045849705111948   96.203313499999993
  74.164711481176042   96.667898500000007
  76.324714924112101   97.061747800000006


# temperature  400.000000000000000
#    0.000063058040661   -0.016437991497095    1.615346701316583  -67.875185941949866 1109.883599258543200
  56.528584349906573   91.357455400000006
  58.332554137219944   92.178268900000006
  60.174500847799713   92.988677100000004
  62.054820074596620   93.654946499999994
  63.973907410561303   94.299791499999998
  65.932158448644500   94.903581200000005
  67.929968781796887   95.434267500000004
  69.967734002969152   95.977162100000001
  72.045849705111948   96.374692300000007
  74.164711481176042   96.817500300000006
  76.324714924112101   97.192758600000005


# temperature  410.000000000000000
#    0.000062954574273   -0.016406577055338    1.611646145084760  -67.671363585946935 1107.829320095752564
  56.528584349906573   91.737378399999997
  58.332554137219944   92.523382600000005
  60.174500847799713   93.299098900000004
  62.054820074596620   93.936194200000003
  63.973907410561303   94.552550900000000
  65.932158448644500   95.129550399999999
  67.929968781796887   95.636410100000006
  69.967734002969152   96.154726999999994
  72.045849705111948   96.534129300000004
  74.164711481176042   96.956629899999996
  76.324714924112101   97.314563899999996


# temperature  420.000000000000000
#    0.000062856041560   -0.016376695913335    1.608132070582216  -67.478257267590223 1105.965877648047353
  56.528584349906573   92.092684700000007
  58.332554137219944   92.845939900000005
  60.174500847799713   93.589045700000000
  62.054820074596620   94.198776199999998
  63.973907410561303   94.788433900000001
  65.932158448644500   95.340335600000003
  67.929968781796887   95.824899299999998
  69.967734002969152   96.320235100000005
  72.045849705111948   96.682699099999994
  74.164711481176042   97.086235299999998
  76.324714924112101   97.428000699999998


# temperature  430.000000000000000
#    0.000062762216572   -0.016348273052932    1.604794566204638  -67.295238868572113 1104.279785545555114
  56.528584349906573   92.425409500000001
  58.332554137219944   93.147826499999994
  60.174500847799713   93.860249199999998
  62.054820074596620   94.444283400000003
  63.973907410561303   95.008889699999997
  65.932158448644500   95.537251299999994
  67.929968781796887   96.000924499999996
  69.967734002969152   96.474743900000007
  72.045849705111948   96.821359299999997
  74.164711481176042   97.207159899999994
  76.324714924112101   97.533813600000002


# temperature  440.000000000000000
#    0.000062672865568   -0.016321232518014    1.601623834818523  -67.121702907445027 1102.758316297355577
  56.528584349906573   92.737386799999996
  58.332554137219944   93.430738899999994
  60.174500847799713   94.114264800000001
  62.054820074596620   94.674143500000000
  63.973907410561303   95.215217499999994
  65.932158448644500   95.721474400000005
  67.929968781796887   96.165549900000002
  69.967734002969152   96.619198299999994
  72.045849705111948   96.950965100000005
  74.164711481176042   97.320156900000001
  76.324714924112101   97.632666799999996


# temperature  450.000000000000000
#    0.000062587767656   -0.016295502726406    1.598610689335774  -66.957085767859411 1101.389754673594553
  56.528584349906573   93.030272400000001
  58.332554137219944   93.696206900000007
  60.174500847799713   94.352492600000005
  62.054820074596620   94.889640000000000
  63.973907410561303   95.408584500000003
  65.932158448644500   95.894060899999999
  67.929968781796887   96.319729600000002
  69.967734002969152   96.754444800000002
  72.045849705111948   97.072281899999993
  74.164711481176042   97.425899799999996
  76.324714924112101   97.725153899999995


# temperature  460.000000000000000
#    0.000062506778189   -0.016271033089602    1.595748173663137  -66.800934916107565 1100.164487512759024
  56.528584349906573   93.305563500000005
  58.332554137219944   93.945611499999998
  60.174500847799713   94.576195299999995
  62.054820074596620   95.091929699999994
  63.973907410561303   95.590041099999993
  65.932158448644500   96.055960499999998
  67.929968781796887   96.464320900000004
  69.967734002969152   96.881243400000002
  72.045849705111948   97.185997000000000
  74.164711481176042   97.524992600000004
  76.324714924112101   97.811807000000002


# temperature  470.000000000000000
#    0.000062429609850   -0.016247736248913    1.593025861467910  -66.652659091478910 1099.070903783739823
  56.528584349906573   93.564616400000006
  58.332554137219944   94.180202600000001
  60.174500847799713   94.786513799999994
  62.054820074596620   95.282056499999996
  63.973907410561303   95.760534899999996
  65.932158448644500   96.208029100000005
  67.929968781796887   96.600095800000005
  69.967734002969152   97.000277999999994
  72.045849705111948   97.292727799999994
  74.164711481176042   97.617978199999996
  76.324714924112101   97.893104300000005


# temperature  480.000000000000000
#    0.000062356071495   -0.016225551264186    1.590436091966690  -66.511799973736871 1098.099802727336510
  56.528584349906573   93.808661599999994
  58.332554137219944   94.401112400000002
  60.174500847799713   94.984480599999998
  62.054820074596620   95.460964700000005
  63.973907410561303   95.920922000000004
  65.932158448644500   96.351039299999997
  67.929968781796887   96.727750700000001
  69.967734002969152   97.112165099999999
  72.045849705111948   97.393031300000004
  74.164711481176042   97.705345399999999
  76.324714924112101   97.969475799999998


# temperature  490.000000000000000
#    0.000062286002194   -0.016204425310990    1.587972073111268  -66.377944909767365 1097.242891176807689
  56.528584349906573   94.038817399999999
  58.332554137219944   94.609369000000001
  60.174500847799713   95.171032100000005
  62.054820074596620   95.629509600000006
  63.973907410561303   96.071977500000003
  65.932158448644500   96.485690000000005
  67.929968781796887   96.847915299999997
  69.967734002969152   97.217461700000001
  72.045849705111948   97.487409900000003
  74.164711481176042   97.787535500000004
  76.324714924112101   98.041309799999993


# temperature  500.000000000000000
#    0.000062219210035   -0.016184299140243    1.585626603547783  -66.250677488800818 1096.492074771600528
  56.528584349906573   94.256101400000006
  58.332554137219944   94.805907199999993
  60.174500847799713   95.347018599999998
  62.054820074596620   95.788467699999998
  63.973907410561303   96.214404500000001
  65.932158448644500   96.612614600000001
  67.929968781796887   96.961159800000004
  69.967734002969152   97.316671900000003
  72.045849705111948   97.576318599999993
  74.164711481176042   97.864947400000005
  76.324714924112101   98.108957000000004


# temperature  510.000000000000000
#    0.000062155495214   -0.016165110993451    1.583392232518236  -66.129573948979314 1095.839216815742475
  56.528584349906573   94.461441600000001
  58.332554137219944   94.991578000000004
  60.174500847799713   95.513213699999994
  62.054820074596620   95.938544899999997
  63.973907410561303   96.348841500000006
  65.932158448644500   96.732388200000003
  67.929968781796887   97.068001600000002
  69.967734002969152   97.410252799999995
  72.045849705111948   97.660169499999995
  74.164711481176042   97.937942500000005
  76.324714924112101   98.172735099999997


# temperature  520.000000000000000
#    0.000062094693705   -0.016146809962396    1.581262759383323  -66.014276458132571 1095.277459486250336
  56.528584349906573   94.655684800000003
  58.332554137219944   95.167157900000007
  60.174500847799713   95.670322400000003
  62.054820074596620   96.080383800000007
  63.973907410561303   96.475869799999998
  65.932158448644500   96.845533799999998
  67.929968781796887   97.168910999999994
  69.967734002969152   97.498619800000000
  72.045849705111948   97.739336899999998
  74.164711481176042   98.006848899999994
  76.324714924112101   98.232932500000004


# temperature  530.000000000000000
#    0.000062036682539   -0.016129356197434    1.579233132465688  -65.904482982882030 1094.800959784695806
  56.528584349906573   94.839605399999996
  58.332554137219944   95.333355999999995
  60.174500847799713   95.818988099999999
  62.054820074596620   96.214570800000004
  63.973907410561303   96.596019200000001
  65.932158448644500   96.952527799999999
  67.929968781796887   97.264316199999996
  69.967734002969152   97.582150799999994
  72.045849705111948   97.814161499999997
  74.164711481176042   98.071965000000006
  76.324714924112101   98.289811099999994


# temperature  540.000000000000000
#    0.000061981280747   -0.016112695004965    1.577296912967501  -65.799836952777568 1094.403091193998307
  56.528584349906573   95.013912300000001
  58.332554137219944   95.490821199999999
  60.174500847799713   95.959798699999993
  62.054820074596620   96.341641300000006
  63.973907410561303   96.709773400000003
  65.932158448644500   97.053804799999995
  67.929968781796887   97.354607700000003
  69.967734002969152   97.661190399999995
  72.045849705111948   97.884953499999995
  74.164711481176042   98.133562499999996
  76.324714924112101   98.343609499999999


# temperature  550.000000000000000
#    0.000061928323275   -0.016096776597907    1.575448245521371  -65.700014128214690 1094.077872459771925
  56.528584349906573   95.179255600000005
  58.332554137219944   95.640147600000006
  60.174500847799713   96.093292599999998
  62.054820074596620   96.462085200000004
  63.973907410561303   96.817574600000000
  65.932158448644500   97.149762199999998
  67.929968781796887   97.440142199999997
  69.967734002969152   97.736052999999998
  72.045849705111948   97.951995999999994
  74.164711481176042   98.191889300000000
  76.324714924112101   98.394545300000004


# temperature  560.000000000000000
#    0.000061877734237   -0.016081574986755    1.573683674439371  -65.604799633403147 1093.821184847010727
  56.528584349906573   95.336231799999993
  58.332554137219944   95.781880500000000
  60.174500847799713   96.219963100000001
  62.054820074596620   96.576351500000001
  63.973907410561303   96.919827900000001
  65.932158448644500   97.240763599999994
  67.929968781796887   97.521246099999999
  69.967734002969152   97.807026399999998
  72.045849705111948   98.015548100000004
  74.164711481176042   98.247171899999998
  76.324714924112101   98.442817300000002


# temperature  570.000000000000000
#    0.000061829353637   -0.016067042498752    1.571997679314969  -65.513893584658192 1093.627605987953984
  56.528584349906573   95.485389299999994
  58.332554137219944   95.916520700000007
  60.174500847799713   96.340263199999995
  62.054820074596620   96.684852000000006
  63.973907410561303   97.016904699999998
  65.932158448644500   97.327142100000003
  67.929968781796887   97.598218399999993
  69.967734002969152   97.874373800000001
  72.045849705111948   98.075846799999994
  74.164711481176042   98.299617799999993
  76.324714924112101   98.488607400000006


# temperature  580.000000000000000
#    0.000061783098432   -0.016053152237468    1.570386857955725  -65.427093548227631 1093.493384758112825
  56.528584349906573   95.627233099999998
  58.332554137219944   96.044528900000003
  60.174500847799713   96.454609199999993
  62.054820074596620   96.787965000000000
  63.973907410561303   97.109145999999996
  65.932158448644500   97.409203700000006
  67.929968781796887   97.671333399999995
  69.967734002969152   97.938337099999998
  72.045849705111948   98.133109300000001
  74.164711481176042   98.349416899999994
  76.324714924112101   98.532082299999999


# temperature  590.000000000000000
#    0.000061738787008   -0.016039851302201    1.568845263777091  -65.344088451351411 1093.413034065879401
  56.528584349906573   95.762228199999996
  58.332554137219944   96.166329200000007
  60.174500847799713   96.563384099999993
  62.054820074596620   96.886038600000006
  63.973907410561303   97.196865500000001
  65.932158448644500   97.487229499999998
  67.929968781796887   97.740843200000000
  69.967734002969152   97.999138000000002
  72.045849705111948   98.187535299999993
  74.164711481176042   98.396743799999996
  76.324714924112101   98.573395000000005


# temperature  600.000000000000000
#    0.000061696378274   -0.016027124721453    1.567370792799918  -65.264741053249523 1093.383998415996075
  56.528584349906573   95.890804000000003
  58.332554137219944   96.282312899999994
  60.174500847799713   96.666941199999997
  62.054820074596620   96.979393500000000
  63.973907410561303   97.280351999999993
  65.932158448644500   97.561478399999999
  67.929968781796887   97.806979799999993
  69.967734002969152   98.056980600000003
  72.045849705111948   98.239308300000005
  74.164711481176042   98.441758800000002
  76.324714924112101   98.612686100000005


# temperature  610.000000000000000
#    0.000061655760740   -0.016014938761343    1.565959488341816  -65.188834434434753 1093.402436881467565
  56.528584349906573   96.013356700000003
  58.332554137219944   96.392841099999998
  60.174500847799713   96.765606099999999
  62.054820074596620   97.068325299999998
  63.973907410561303   97.359871799999993
  65.932158448644500   97.632188799999994
  67.929968781796887   97.869956700000003
  69.967734002969152   98.112053099999997
  72.045849705111948   98.288597300000006
  74.164711481176042   98.484609599999999
  76.324714924112101   98.650084899999996


# temperature  620.000000000000000
#    0.000061616815837   -0.016003258376001    1.564607334331972  -65.116153376637868 1093.464600232072826
  56.528584349906573   96.130253199999999
  58.332554137219944   96.498247599999999
  60.174500847799713   96.859679900000003
  62.054820074596620   97.153107199999994
  63.973907410561303   97.435670599999995
  65.932158448644500   97.699580800000007
  67.929968781796887   97.929971199999997
  69.967734002969152   98.164528599999997
  72.045849705111948   98.335558000000006
  74.164711481176042   98.525432100000003
  76.324714924112101   98.685710599999993


# temperature  630.000000000000000
#    0.000061579455247   -0.015992056574872    1.563311131212314  -65.046520496353665 1093.567387025503876
  56.528584349906573   96.241832700000003
  58.332554137219944   96.598841300000004
  60.174500847799713   96.949440899999999
  62.054820074596620   97.233991700000004
  63.973907410561303   97.507975500000001
  65.932158448644500   97.763857700000003
  67.929968781796887   97.987205200000005
  69.967734002969152   98.214567200000005
  72.045849705111948   98.380334300000001
  74.164711481176042   98.564352099999994
  76.324714924112101   98.719673299999997


# temperature  640.000000000000000
#    0.000061543631981   -0.015981317639942    1.562068837490859  -64.979811949525072 1093.708609083523697
  56.528584349906573   96.348410000000001
  58.332554137219944   96.694908400000003
  60.174500847799713   97.035146800000007
  62.054820074596620   97.311212400000002
  63.973907410561303   97.576996899999997
  65.932158448644500   97.825207599999999
  67.929968781796887   98.041826999999998
  69.967734002969152   98.262316999999996
  72.045849705111948   98.423058999999995
  74.164711481176042   98.601485600000004
  76.324714924112101   98.752074600000000


# temperature  650.000000000000000
#    0.000061509270258   -0.015971018612153    1.560877746493974  -64.915878016679486 1093.885701807625310
  56.528584349906573   96.450277000000000
  58.332554137219944   96.786714300000000
  60.174500847799713   97.117036499999998
  62.054820074596620   97.384985999999998
  63.973907410561303   97.642929400000000
  65.932158448644500   97.883804600000005
  67.929968781796887   98.093992700000001
  69.967734002969152   98.307914900000000
  72.045849705111948   98.463855199999998
  74.164711481176042   98.636939799999993
  76.324714924112101   98.783008400000000


# temperature  660.000000000000000
#    0.000061476247002   -0.015961123891157    1.559733899682610  -64.854514944150623 1094.095221377469215
  56.528584349906573   96.547704699999997
  58.332554137219944   96.874505299999996
  60.174500847799713   97.195331800000005
  62.054820074596620   97.455513199999999
  63.973907410561303   97.705953600000001
  65.932158448644500   97.939810300000005
  67.929968781796887   98.143846499999995
  69.967734002969152   98.351487700000007
  72.045849705111948   98.502836799999997
  74.164711481176042   98.670814300000004
  76.324714924112101   98.812562000000000


# temperature  670.000000000000000
#    0.000061444547461   -0.015951627103903    1.558636291978126  -64.795651806555838 1094.335945498365390
  56.528584349906573   96.640945299999998
  58.332554137219944   96.958510500000003
  60.174500847799713   97.270238500000005
  62.054820074596620   97.522980799999999
  63.973907410561303   97.766237099999998
  65.932158448644500   97.993374399999993
  67.929968781796887   98.191522500000005
  69.967734002969152   98.393153100000006
  72.045849705111948   98.540109500000000
  74.164711481176042   98.703201199999995
  76.324714924112101   98.840815800000001


# temperature  680.000000000000000
#    0.000061414068907   -0.015942498257599    1.557581558698329  -64.739114051207594 1094.604943496628493
  56.528584349906573   96.730233200000001
  58.332554137219944   97.038942700000007
  60.174500847799713   97.341948200000004
  62.054820074596620   97.587562000000005
  63.973907410561303   97.823935700000007
  65.932158448644500   98.044636100000005
  67.929968781796887   98.237145299999995
  69.967734002969152   98.433020600000006
  72.045849705111948   98.575771399999994
  74.164711481176042   98.734186199999996
  76.324714924112101   98.867845000000003


# temperature  690.000000000000000
#    0.000061384790407   -0.015933729873991    1.556568657079481  -64.684833706265621 1094.901100901185373
  56.528584349906573   96.815787099999994
  58.332554137219944   97.116000299999996
  60.174500847799713   97.410639000000003
  62.054820074596620   97.649418400000002
  63.973907410561303   97.879194400000003
  65.932158448644500   98.093725100000000
  67.929968781796887   98.280830499999993
  69.967734002969152   98.471191700000006
  72.045849705111948   98.609913700000007
  74.164711481176042   98.763848800000005
  76.324714924112101   98.893719000000004


# temperature  700.000000000000000
#    0.000061356608006   -0.015925291607128    1.555594200742275  -64.632637157612663 1095.221517291731971
  56.528584349906573   96.897810600000000
  58.332554137219944   97.189868300000001
  60.174500847799713   97.476477200000005
  62.054820074596620   97.708700100000001
  63.973907410561303   97.932148200000000
  65.932158448644500   98.140761699999999
  67.929968781796887   98.322686000000004
  69.967734002969152   98.507760899999994
  72.045849705111948   98.642621399999996
  74.164711481176042   98.792262899999997
  76.324714924112101   98.918502700000005


# temperature  710.000000000000000
#    0.000061329482342   -0.015917171580480    1.554656772103619  -64.582443756962675 1095.564914057642909
  56.528584349906573   96.976493800000000
  58.332554137219944   97.260718999999995
  60.174500847799713   97.539617399999997
  62.054820074596620   97.765547499999997
  63.973907410561303   97.982922799999997
  65.932158448644500   98.185858499999995
  67.929968781796887   98.362812099999999
  69.967734002969152   98.542816500000001
  72.045849705111948   98.673973300000000
  74.164711481176042   98.819497499999997
  76.324714924112101   98.942256200000003


# temperature  720.000000000000000
#    0.000061303370320   -0.015909356282765    1.553754735236612  -64.534161392553926 1095.929786919553862
  56.528584349906573   97.052014499999999
  58.332554137219944   97.328713500000006
  60.174500847799713   97.600204399999996
  62.054820074596620   97.820091199999993
  63.973907410561303   98.031635699999995
  65.932158448644500   98.229119999999995
  67.929968781796887   98.401302500000000
  69.967734002969152   98.576440399999996
  72.045849705111948   98.704043200000001
  74.164711481176042   98.845616800000002
  76.324714924112101   98.965035799999995


# temperature  730.000000000000000
#    0.000061278267995   -0.015901842830793    1.552887537196299  -64.487747228312230 1096.315459094350672
  56.528584349906573   97.124538599999994
  58.332554137219944   97.394002299999997
  60.174500847799713   97.658373200000000
  62.054820074596620   97.872453500000006
  63.973907410561303   98.078396400000003
  65.932158448644500   98.270644300000001
  67.929968781796887   98.438244499999996
  69.967734002969152   98.608709399999995
  72.045849705111948   98.732899799999998
  74.164711481176042   98.870680800000002
  76.324714924112101   98.986893899999998


# temperature  740.000000000000000
#    0.000061254055821   -0.015894597813108    1.552051618450635  -64.443027780029794 1096.719125343799988
  56.528584349906573   97.194221499999998
  58.332554137219944   97.456726200000006
  60.174500847799713   97.714250000000007
  62.054820074596620   97.922748600000006
  63.973907410561303   98.123307600000004
  65.932158448644500   98.310522700000007
  67.929968781796887   98.473719799999998
  69.967734002969152   98.639695099999997
  72.045849705111948   98.760607500000006
  74.164711481176042   98.894745299999997
  76.324714924112101   99.007879399999993


# temperature  750.000000000000000
#    0.000061230692868   -0.015887608684983    1.551245493591585  -64.399921232847859 1097.139485256725493
  56.528584349906573   97.261208600000003
  58.332554137219944   97.517016999999996
  60.174500847799713   97.767953100000000
  62.054820074596620   97.971083300000004
  63.973907410561303   98.166464899999994
  65.932158448644500   98.348840800000005
  67.929968781796887   98.507804800000002
  69.967734002969152   98.669464399999995
  72.045849705111948   98.787226099999998
  74.164711481176042   98.917862799999995
  76.324714924112101   99.028038100000003


# temperature  760.000000000000000
#    0.000061208197324   -0.015880879105955    1.550469340103654  -64.358421650489618 1097.576522550202981
  56.528584349906573   97.325636500000002
  58.332554137219944   97.574998199999996
  60.174500847799713   97.819593299999994
  62.054820074596620   98.017557800000006
  63.973907410561303   98.207958199999993
  65.932158448644500   98.385678499999997
  67.929968781796887   98.540570900000006
  69.967734002969152   98.698080000000004
  72.045849705111948   98.812811999999994
  74.164711481176042   98.940082099999998
  76.324714924112101   99.047412699999995


# temperature  770.000000000000000
#    0.000061186488306   -0.015874385833672    1.549720609478200  -64.318401090149706 1098.028172387877021
  56.528584349906573   97.387632900000000
  58.332554137219944   97.630785700000004
  60.174500847799713   97.869274200000007
  62.054820074596620   98.062265800000006
  63.973907410561303   98.247871599999996
  65.932158448644500   98.421110900000002
  67.929968781796887   98.572085200000004
  69.967734002969152   98.725600499999999
  72.045849705111948   98.837417599999995
  74.164711481176042   98.961449099999996
  76.324714924112101   99.066043300000004


# temperature  780.000000000000000
#    0.000061165554434   -0.015868124802856    1.548998736165103  -64.279822781184279 1098.493928312060234
  56.528584349906573   97.447317999999996
  58.332554137219944   97.684488000000002
  60.174500847799713   97.917093300000005
  62.054820074596620   98.105295499999997
  63.973907410561303   98.286283999999995
  65.932158448644500   98.455208400000004
  67.929968781796887   98.602410300000003
  69.967734002969152   98.752081099999998
  72.045849705111948   98.861092400000004
  74.164711481176042   98.982006699999999
  76.324714924112101   99.083967500000000


# temperature  790.000000000000000
#    0.000061145317533   -0.015862073905527    1.548301333504885  -64.242568679817367 1098.971918167495232
  56.528584349906573   97.504804399999998
  58.332554137219944   97.736207199999996
  60.174500847799713   97.963142099999999
  62.054820074596620   98.146729300000004
  63.973907410561303   98.323269400000001
  65.932158448644500   98.488036899999997
  67.929968781796887   98.631605199999996
  69.967734002969152   98.777573300000000
  72.045849705111948   98.883882600000007
  74.164711481176042   99.001795200000004
  76.324714924112101   99.101220400000003


# temperature  800.000000000000000
#    0.000061125775196   -0.015856231426210    1.547628070327196  -64.206612836008233 1099.461805250001589
  56.528584349906573   97.560198400000004
  58.332554137219944   97.786039400000007
  60.174500847799713   98.007506500000005
  62.054820074596620   98.186644900000005
  63.973907410561303   98.358897299999995
  65.932158448644500   98.519658399999997
  67.929968781796887   98.659725199999997
  69.967734002969152   98.802125500000002
  72.045849705111948   98.905831500000005
  74.164711481176042   99.020852500000004
  76.324714924112101   99.117835099999994


# temperature  810.000000000000000
#    0.000061106933208   -0.015850597708717    1.546978810469570  -64.171937663545890 1099.963378551810592
  56.528584349906573   97.613599500000007
  58.332554137219944   97.834074700000002
  60.174500847799713   98.050267099999999
  62.054820074596620   98.225115400000007
  63.973907410561303   98.393233199999997
  65.932158448644500   98.550131199999996
  67.929968781796887   98.686822199999995
  69.967734002969152   98.825783299999998
  72.045849705111948   98.926980099999994
  74.164711481176042   99.039214000000001
  76.324714924112101   99.133842599999994


# temperature  820.000000000000000
#    0.000061088716244   -0.015845151836991    1.546351341248389  -64.138436124481913 1100.474982615317913
  56.528584349906573   97.665101800000002
  58.332554137219944   97.880398000000000
  60.174500847799713   98.091500199999999
  62.054820074596620   98.262209200000001
  63.973907410561303   98.426338500000000
  65.932158448644500   98.579510099999993
  67.929968781796887   98.712945199999993
  69.967734002969152   98.848589500000003
  72.045849705111948   98.947366599999995
  74.164711481176042   99.056913100000003
  76.324714924112101   99.149272199999999


# temperature  830.000000000000000
#    0.000061071109296   -0.015839888695107    1.545744995611850  -64.106068200215077 1100.996038224816402
  56.528584349906573   97.714793700000001
  58.332554137219944   97.925089299999996
  60.174500847799713   98.131277200000000
  62.054820074596620   98.297991100000004
  63.973907410561303   98.458271199999999
  65.932158448644500   98.607846699999996
  67.929968781796887   98.738140099999995
  69.967734002969152   98.870584399999998
  72.045849705111948   98.967027200000004
  74.164711481176042   99.073981300000000
  76.324714924112101   99.164151200000006


# temperature  840.000000000000000
#    0.000061054066165   -0.015834795161499    1.545158346259207  -64.074762355292862 1101.525476181820295
  56.528584349906573   97.762758700000006
  58.332554137219944   97.968224199999995
  60.174500847799713   98.169665699999996
  62.054820074596620   98.332522100000006
  63.973907410561303   98.489085799999998
  65.932158448644500   98.635189400000002
  67.929968781796887   98.762450299999998
  69.967734002969152   98.891805899999994
  72.045849705111948   98.985995799999998
  74.164711481176042   99.090448100000003
  76.324714924112101   99.178505500000000


# temperature  850.000000000000000
#    0.000061037596726   -0.015829873001764    1.544591440725721  -64.044511743605270 1102.063277393155431
  56.528584349906573   97.809075300000003
  58.332554137219944   98.009873600000006
  60.174500847799713   98.206729300000006
  62.054820074596620   98.365859400000005
  63.973907410561303   98.518833700000002
  65.932158448644500   98.661584199999993
  67.929968781796887   98.785916599999993
  69.967734002969152   98.912289900000005
  72.045849705111948   99.004304599999998
  74.164711481176042   99.106341400000005
  76.324714924112101   99.192359400000001


# temperature  860.000000000000000
#    0.000061021637303   -0.015825104502138    1.544042405521029  -64.015226010249009 1102.608063633792426
  56.528584349906573   97.853818000000004
  58.332554137219944   98.050104599999997
  60.174500847799713   98.242527899999999
  62.054820074596620   98.398057399999999
  63.973907410561303   98.547563400000001
  65.932158448644500   98.687074300000006
  67.929968781796887   98.808577499999998
  69.967734002969152   98.932069900000002
  72.045849705111948   99.021983500000005
  74.164711481176042   99.121687499999993
  76.324714924112101   99.205735899999993


# temperature  870.000000000000000
#    0.000061006188894   -0.015820489103730    1.543511066431944  -63.986889371739458 1103.159671069839760
  56.528584349906573   97.897056899999995
  58.332554137219944   98.088980800000002
  60.174500847799713   98.277118400000006
  62.054820074596620   98.429167100000001
  63.973907410561303   98.575320700000006
  65.932158448644500   98.711700300000004
  67.929968781796887   98.830469399999998
  69.967734002969152   98.951177799999996
  72.045849705111948   99.039061300000000
  74.164711481176042   99.136511200000001
  76.324714924112101   99.218656699999997


# temperature  880.000000000000000
#    0.000060991256865   -0.015816027339107    1.542997352640203  -63.959490525302307 1103.718002329826732
  56.528584349906573   97.938858199999999
  58.332554137219944   98.126561899999999
  60.174500847799713   98.310554100000004
  62.054820074596620   98.459236899999993
  63.973907410561303   98.602148900000003
  65.932158448644500   98.735500799999997
  67.929968781796887   98.851626600000003
  69.967734002969152   98.969643700000006
  72.045849705111948   99.055564700000005
  74.164711481176042   99.150835900000004
  76.324714924112101   99.231142199999994


# temperature  890.000000000000000
#    0.000060976791917   -0.015811705639748    1.542499839020901  -63.932960860239206 1104.282050864145504
  56.528584349906573   97.979284699999994
  58.332554137219944   98.162904600000005
  60.174500847799713   98.342885899999999
  62.054820074596620   98.488312399999998
  63.973907410561303   98.628088899999995
  65.932158448644500   98.758512199999998
  67.929968781796887   98.872081499999993
  69.967734002969152   98.987495899999999
  72.045849705111948   99.071519199999997
  74.164711481176042   99.164683699999998
  76.324714924112101   99.243211700000003


# temperature  900.000000000000000
#    0.000060962761851   -0.015807514670283    1.542017491511266  -63.907247801419686 1104.851048569490558
  56.528584349906573   98.018395799999993
  58.332554137219944   98.198062600000000
  60.174500847799713   98.374161500000000
  62.054820074596620   98.516436900000002
  63.973907410561303   98.653179300000005
  65.932158448644500   98.780768899999998
  67.929968781796887   98.891864799999993
  69.967734002969152   99.004761299999998
  72.045849705111948   99.086948899999996
  74.164711481176042   99.178075399999997
  76.324714924112101   99.254883399999997


# temperature  910.000000000000000
#    0.000060949172593   -0.015803455536202    1.541550343403148  -63.882347106492382 1105.425037689351711
  56.528584349906573   98.056247700000000
  58.332554137219944   98.232086499999994
  60.174500847799713   98.404426400000006
  62.054820074596620   98.543651299999993
  63.973907410561303   98.677456699999993
  65.932158448644500   98.802303499999994
  67.929968781796887   98.911005500000002
  69.967734002969152   99.021465300000003
  72.045849705111948   99.101876399999995
  74.164711481176042   99.191030999999995
  76.324714924112101   99.266174599999999


# temperature  920.000000000000000
#    0.000060935988337   -0.015799517920892    1.541097263176574  -63.858202143196834 1106.003176444893370
  56.528584349906573   98.092893599999996
  58.332554137219944   98.265024400000001
  60.174500847799713   98.433723299999997
  62.054820074596620   98.569994300000005
  63.973907410561303   98.700955800000003
  65.932158448644500   98.823146699999995
  67.929968781796887   98.929530999999997
  69.967734002969152   99.037631800000000
  72.045849705111948   99.116323199999997
  74.164711481176042   99.203569000000002
  76.324714924112101   99.277101700000003


# temperature  930.000000000000000
#    0.000060923214755   -0.015795702856586    1.540658281966682  -63.834809149547517 1106.585515669104780
  56.528584349906573   98.128383900000003
  58.332554137219944   98.296921900000001
  60.174500847799713   98.462093199999998
  62.054820074596620   98.595502600000003
  63.973907410561303   98.723709400000004
  65.932158448644500   98.843327799999997
  67.929968781796887   98.947467500000002
  69.967734002969152   99.053283699999994
  72.045849705111948   99.130309900000000
  74.164711481176042   99.215707300000005
  76.324714924112101   99.287679999999995


# temperature  940.000000000000000
#    0.000060910807978   -0.015791997973286    1.540232074539922  -63.812103569857747 1107.171081721039855
  56.528584349906573   98.162766599999998
  58.332554137219944   98.327822200000000
  60.174500847799713   98.489574399999995
  62.054820074596620   98.620210900000004
  63.973907410561303   98.745748599999999
  65.932158448644500   98.862874599999998
  67.929968781796887   98.964839499999997
  69.967734002969152   99.068442599999997
  72.045849705111948   99.143855500000001
  74.164711481176042   99.227462500000001
  76.324714924112101   99.297924399999999


# temperature  950.000000000000000
#    0.000060898784908   -0.015788407593172    1.539819029201343  -63.790098791973080 1107.760219456466302
  56.528584349906573   98.196087100000000
  58.332554137219944   98.357766100000006
  60.174500847799713   98.516203700000005
  62.054820074596620   98.644152399999996
  63.973907410561303   98.767102899999998
  65.932158448644500   98.881813100000002
  67.929968781796887   98.981670399999999
  69.967734002969152   99.083128799999997
  72.045849705111948   99.156978600000002
  74.164711481176042   99.238850600000006
  76.324714924112101   99.307848699999994


# temperature  960.000000000000000
#    0.000060887107867   -0.015784920952612    1.539417983120264  -63.768737917520262 1108.352083053852539
  56.528584349906573   98.228388499999994
  58.332554137219944   98.386792799999995
  60.174500847799713   98.542015800000001
  62.054820074596620   98.667358199999995
  63.973907410561303   98.787800300000001
  65.932158448644500   98.900168399999998
  67.929968781796887   98.997982500000006
  69.967734002969152   99.097361899999996
  72.045849705111948   99.169696400000007
  74.164711481176042   99.249886799999999
  76.324714924112101   99.317465999999996


# temperature  970.000000000000000
#    0.000060875775156   -0.015781537063947    1.539028762063595  -63.748008179250895 1108.946554367437784
  56.528584349906573   98.259711800000005
  58.332554137219944   98.414939000000004
  60.174500847799713   98.567043600000005
  62.054820074596620   98.689858200000003
  63.973907410561303   98.807867500000000
  65.932158448644500   98.917963999999998
  67.929968781796887   99.013796799999994
  69.967734002969152   99.111160100000006
  72.045849705111948   99.182025400000001
  74.164711481176042   99.260585399999997
  76.324714924112101   99.326788800000003


# temperature  980.000000000000000
#    0.000060864766979   -0.015778250634913    1.538650817356285  -63.727882837656821 1109.543323426283905
  56.528584349906573   98.290095800000003
  58.332554137219944   98.442239999999998
  60.174500847799713   98.591318599999994
  62.054820074596620   98.711680500000000
  63.973907410561303   98.827329700000007
  65.932158448644500   98.935222600000003
  67.929968781796887   99.029133299999998
  69.967734002969152   99.124541100000002
  72.045849705111948   99.193981300000004
  74.164711481176042   99.270959899999994
  76.324714924112101   99.335829200000006


# temperature  990.000000000000000
#    0.000060854078360   -0.015775059471072    1.538283825917052  -63.708341582466510 1110.142125110756979
  56.528584349906573   98.319577800000005
  58.332554137219944   98.468729100000004
  60.174500847799713   98.614870499999995
  62.054820074596620   98.732852199999996
  63.973907410561303   98.846210900000003
  65.932158448644500   98.951965299999998
  67.929968781796887   99.044011100000006
  69.967734002969152   99.137521500000005
  72.045849705111948   99.205579000000000
  74.164711481176042   99.281023300000001
  76.324714924112101   99.344598199999993


# temperature 1000.000000000000000
#    0.000060843704883   -0.015771962276399    1.537927628731854  -63.689374642179573 1110.742916958926571
  56.528584349906573   98.348192800000007
  58.332554137219944   98.494438099999996
  60.174500847799713   98.637727699999999
  62.054820074596620   98.753398599999997
  63.973907410561303   98.864533899999998
  65.932158448644500   98.968212600000001
  67.929968781796887   99.058448100000007
  69.967734002969152   99.150116999999995
  72.045849705111948   99.216832600000004
  74.164711481176042   99.290788000000006
  76.324714924112101   99.353106800000006


