   0.000000000000000    0.000000000000000
  10.000000000000000    0.000004592815895
  20.000000000000000    0.000036189178053
  30.000000000000000    0.000132644160793
  40.000000000000000    0.000332465729092
  50.000000000000000    0.000629809993581
  60.000000000000000    0.000987880255938
  70.000000000000000    0.001368681134303
  80.000000000000000    0.001744632180367
  90.000000000000000    0.002099142693494
 100.000000000000000    0.002423927721087
 110.000000000000000    0.002716133816808
 120.000000000000000    0.002976117146006
 130.000000000000000    0.003205939394046
 140.000000000000000    0.003408428394326
 150.000000000000000    0.003586629271810
 160.000000000000000    0.003743505232657
 170.000000000000000    0.003881790291864
 180.000000000000000    0.004003930293625
 190.000000000000000    0.004112072592638
 200.000000000000000    0.004208080849084
 210.000000000000000    0.004293561346219
 220.000000000000000    0.004369893280765
 230.000000000000000    0.004438258651613
 240.000000000000000    0.004499670108684
 250.000000000000000    0.004554995743943
 260.000000000000000    0.004604980789107
 270.000000000000000    0.004650266069524
 280.000000000000000    0.004691403844930
 290.000000000000000    0.004728871280583
 300.000000000000000    0.004763081621201
 310.000000000000000    0.004794393684266
 320.000000000000000    0.004823119973846
 330.000000000000000    0.004849533243822
 340.000000000000000    0.004873872336879
 350.000000000000000    0.004896346826025
 360.000000000000000    0.004917141199250
 370.000000000000000    0.004936418220890
 380.000000000000000    0.004954321836423
 390.000000000000000    0.004970979688289
 400.000000000000000    0.004986505244206
 410.000000000000000    0.005000999600860
 420.000000000000000    0.005014552968641
 430.000000000000000    0.005027246133453
 440.000000000000000    0.005039151504452
 450.000000000000000    0.005050334152756
 460.000000000000000    0.005060852752346
 470.000000000000000    0.005070760095906
 480.000000000000000    0.005080104004093
 490.000000000000000    0.005088927748910
 500.000000000000000    0.005097270617667
 510.000000000000000    0.005105168249556
 520.000000000000000    0.005112653131491
 530.000000000000000    0.005119754892773
 540.000000000000000    0.005126500550678
 550.000000000000000    0.005132914837951
 560.000000000000000    0.005139020419829
 570.000000000000000    0.005144838081503
 580.000000000000000    0.005150386921772
 590.000000000000000    0.005155684462440
 600.000000000000000    0.005160746929930
 610.000000000000000    0.005165589219327
 620.000000000000000    0.005170225121803
 630.000000000000000    0.005174667357248
 640.000000000000000    0.005178927754849
 650.000000000000000    0.005183017262172
 660.000000000000000    0.005186945994756
 670.000000000000000    0.005190723432063
 680.000000000000000    0.005194358301325
 690.000000000000000    0.005197858847257
 700.000000000000000    0.005201232592008
 710.000000000000000    0.005204486724155
 720.000000000000000    0.005207627865379
 730.000000000000000    0.005210662268005
 740.000000000000000    0.005213595690933
 750.000000000000000    0.005216433601731
 760.000000000000000    0.005219181168780
 770.000000000000000    0.005221843152315
 780.000000000000000    0.005224424091085
 790.000000000000000    0.005226928233839
 800.000000000000000    0.005229359597518
 810.000000000000000    0.005231721983636
 820.000000000000000    0.005234018937143
 830.000000000000000    0.005236253843288
 840.000000000000000    0.005238429862281
 850.000000000000000    0.005240550058589
 860.000000000000000    0.005242617270842
 870.000000000000000    0.005244634228498
 880.000000000000000    0.005246603514751
 890.000000000000000    0.005248527580285
 900.000000000000000    0.005250408756284
 910.000000000000000    0.005252249311258
 920.000000000000000    0.005254051314862
 930.000000000000000    0.005255816835256
 940.000000000000000    0.005257547779576
 950.000000000000000    0.005259246058483
 960.000000000000000    0.005260913403206
 970.000000000000000    0.005262551531220
 980.000000000000000    0.005264162121081
 990.000000000000000    0.005265746708557
1000.000000000000000    0.005267306847472
