# temperature   10.000000000000000
#    0.000004689219491   -0.001180626897974    0.111875542979969   -4.719933539896977   74.732875105875607
  56.528584349906573    0.011574400000000
  58.332554137219944    0.014203800000000
  60.174500847799713    0.013661300000000
  62.054820074596620    0.018478600000000
  63.973907410561303    0.028358100000000
  65.932158448644500    0.031062800000000
  67.929968781796887    0.042684600000000
  69.967734002969152    0.050169000000000
  72.045849705111948    0.073961800000000
  74.164711481176042    0.097479400000000
  76.324714924112101    0.139989600000000


# temperature   20.000000000000000
#    0.000022441776479   -0.005532321876232    0.515435829798297  -21.443814313109328  335.605451517269842
  56.528584349906573    0.095952700000000
  58.332554137219944    0.117641500000000
  60.174500847799713    0.118349700000000
  62.054820074596620    0.158605000000000
  63.973907410561303    0.232885900000000
  65.932158448644500    0.264365300000000
  67.929968781796887    0.351073300000000
  69.967734002969152    0.421110500000000
  72.045849705111948    0.600075100000000
  74.164711481176042    0.795494900000000
  76.324714924112101    1.091343600000000


# temperature   30.000000000000000
#    0.000026537732495   -0.006345398507156    0.583506247156052  -24.223650606077371  381.125184261023833
  56.528584349906573    0.349000000000000
  58.332554137219944    0.429120100000000
  60.174500847799713    0.461272400000000
  62.054820074596620    0.608645700000000
  63.973907410561303    0.850818500000000
  65.932158448644500    1.002167200000000
  67.929968781796887    1.295168900000000
  69.967734002969152    1.595114700000000
  72.045849705111948    2.156450800000000
  74.164711481176042    2.810460100000000
  76.324714924112101    3.689055300000000


# temperature   40.000000000000000
#    0.000020983264281   -0.005152811304570    0.502728908492385  -22.322070067750094  375.018760490748548
  56.528584349906573    0.916402200000000
  58.332554137219944    1.124500500000000
  60.174500847799713    1.267654600000000
  62.054820074596620    1.631715000000000
  63.973907410561303    2.174774100000000
  65.932158448644500    2.589139900000000
  67.929968781796887    3.250567300000000
  69.967734002969152    3.999626500000000
  72.045849705111948    5.120354800000000
  74.164711481176042    6.459409900000000
  76.324714924112101    8.125686500000000


# temperature   50.000000000000000
#    0.000022323966898   -0.005995286645950    0.634830272584694  -29.871519484946237  521.513239548099364
  56.528584349906573    1.947400400000000
  58.332554137219944    2.365219400000000
  60.174500847799713    2.717654900000000
  62.054820074596620    3.403424700000000
  63.973907410561303    4.356332300000000
  65.932158448644500    5.153337200000000
  67.929968781796887    6.295006900000000
  69.967734002969152    7.632513000000000
  72.045849705111948    9.371073900000001
  74.164711481176042   11.469472000000000
  76.324714924112101   13.951682200000000


# temperature   60.000000000000000
#    0.000028221810054   -0.007952736331893    0.861669732216544  -40.701978745846645  706.845987204013113
  56.528584349906573    3.519576200000000
  58.332554137219944    4.215136900000000
  60.174500847799713    4.857037600000000
  62.054820074596620    5.932480100000000
  63.973907410561303    7.352959500000000
  65.932158448644500    8.596408200000001
  67.929968781796887   10.260093200000000
  69.967734002969152   12.226910400000000
  72.045849705111948   14.562154300000000
  74.164711481176042   17.391396000000000
  76.324714924112101   20.621934700000001


# temperature   70.000000000000000
#    0.000033678843287   -0.009614957629855    1.038698482459811  -48.430889364058821  828.026837102988679
  56.528584349906573    5.627716400000000
  58.332554137219944    6.643964000000000
  60.174500847799713    7.624487400000000
  62.054820074596620    9.116983700000000
  63.973907410561303   11.017051500000001
  65.932158448644500   12.722243900000000
  67.929968781796887   14.898799900000000
  69.967734002969152   17.471480300000000
  72.045849705111948   20.345473500000001
  74.164711481176042   23.829782200000000
  76.324714924112101   27.707340700000000


# temperature   80.000000000000000
#    0.000036397899045   -0.010392940328137    1.112064950887719  -50.988196426680794  856.766734096080540
  56.528584349906573    8.212523900000001
  58.332554137219944    9.568114200000000
  60.174500847799713   10.907748099999999
  62.054820074596620   12.814123199999999
  63.973907410561303   15.175493500000000
  65.932158448644500   17.326047100000000
  67.929968781796887   19.978113300000000
  69.967734002969152   23.101685400000001
  72.045849705111948   26.445002299999999
  74.164711481176042   30.494851799999999
  76.324714924112101   34.915776500000000


# temperature   90.000000000000000
#    0.000036149957407   -0.010276875061124    1.087205795249074  -48.929455979530722  807.329101738809072
  56.528584349906573   11.190742200000001
  58.332554137219944   12.885594400000000
  60.174500847799713   14.583461600000000
  62.054820074596620   16.881669400000000
  63.973907410561303   19.669540600000001
  65.932158448644500   22.231905900000001
  67.929968781796887   25.310120099999999
  69.967734002969152   28.918922899999998
  72.045849705111948   32.663341799999998
  74.164711481176042   37.192098600000001
  76.324714924112101   42.063327700000002


# temperature  100.000000000000000
#    0.000033629109590   -0.009499541552547    0.992561167509093  -43.739461553531115  707.491732428860473
  56.528584349906573   14.475105599999999
  58.332554137219944   16.496542399999999
  60.174500847799713   18.537845500000000
  62.054820074596620   21.196139599999999
  63.973907410561303   24.368772199999999
  65.932158448644500   27.302194300000000
  67.929968781796887   30.754837100000000
  69.967734002969152   34.783666300000000
  72.045849705111948   38.867676099999997
  74.164711481176042   43.798414899999997
  76.324714924112101   49.041219900000002


# temperature  110.000000000000000
#    0.000029733150524   -0.008334781327688    0.858879999236649  -36.910632318978777  583.510715762566747
  56.528584349906573   17.984974500000000
  58.332554137219944   20.312851599999998
  60.174500847799713   22.674845900000001
  62.054820074596620   25.657897899999998
  63.973907410561303   29.172456199999999
  65.932158448644500   32.435003700000003
  67.929968781796887   36.213026999999997
  69.967734002969152   40.602257999999999
  72.045849705111948   44.972785500000001
  74.164711481176042   50.240067699999997
  76.324714924112101   55.789741399999997


# temperature  120.000000000000000
#    0.000025231199096   -0.007008879612745    0.710635711507420  -29.586123287905568  454.742898931732839
  56.528584349906573   21.650849600000001
  58.332554137219944   24.261321299999999
  60.174500847799713   26.917565600000000
  62.054820074596620   30.190134700000002
  63.973907410561303   34.005880500000004
  65.932158448644500   37.557712000000002
  67.929968781796887   41.616954399999997
  69.967734002969152   46.314343200000003
  72.045849705111948   50.926657800000001
  74.164711481176042   56.476022899999997
  76.324714924112101   62.280084000000002


# temperature  130.000000000000000
#    0.000020666819308   -0.005677977514608    0.564242869560540  -22.507299419333386  333.264362409845887
  56.528584349906573   25.415406699999998
  58.332554137219944   28.283463000000001
  60.174500847799713   31.206598600000000
  62.054820074596620   34.735515900000003
  63.973907410561303   38.815320200000002
  65.932158448644500   42.620208800000000
  67.929968781796887   46.922046999999999
  69.967734002969152   51.882863299999997
  72.045849705111948   56.699718500000003
  74.164711481176042   62.486314000000000
  76.324714924112101   68.502394800000005


# temperature  140.000000000000000
#    0.000016372041904   -0.004435298945840    0.429198489987985  -16.084898718297975  225.392067132737992
  56.528584349906573   29.232776900000001
  58.332554137219944   32.333832200000003
  60.174500847799713   35.497264299999998
  62.054820074596620   39.252350999999997
  63.973907410561303   43.563216300000001
  65.932158448644500   47.589058600000001
  67.929968781796887   52.100264400000000
  69.967734002969152   57.286679300000003
  72.045849705111948   62.277225299999998
  74.164711481176042   68.264252499999998
  76.324714924112101   74.458139399999993


# temperature  150.000000000000000
#    0.000012518774427   -0.003327573229542    0.310020442765862  -10.498363970741872  133.534268333732996
  56.528584349906573   33.067088300000002
  58.332554137219944   36.377895299999999
  60.174500847799713   39.756716900000001
  62.054820074596620   43.711075600000001
  63.973907410561303   48.224115699999999
  65.932158448644500   52.442893499999997
  67.929968781796887   57.135135699999999
  69.967734002969152   62.515344100000000
  72.045849705111948   67.654060000000001
  74.164711481176042   73.811323700000003
  76.324714924112101   80.155299499999998


# temperature  160.000000000000000
#    0.000009171901667   -0.002371013900346    0.208030100348771   -5.782594595371024   57.733778180067574
  56.528584349906573   36.890815600000003
  58.332554137219944   40.389928800000000
  60.174500847799713   43.961355300000001
  62.054820074596620   48.091312799999997
  63.973907410561303   52.781464000000000
  65.932158448644500   57.168938900000001
  67.929968781796887   62.018165300000000
  69.967734002969152   67.565478299999995
  72.045849705111948   72.831222100000005
  74.164711481176042   79.133882799999995
  76.324714924112101   85.605384700000002


# temperature  170.000000000000000
#    0.000006331469563   -0.001563677460805    0.122693053018283   -1.891343077361272   -3.236418242878131
  56.528584349906573   40.683210000000003
  58.332554137219944   44.351162500000001
  60.174500847799713   48.094662900000003
  62.054820074596620   52.379539700000002
  63.973907410561303   57.225159900000001
  65.932158448644500   61.760460899999998
  67.929968781796887   66.746279000000001
  69.967734002969152   72.438288600000007
  72.045849705111948   77.813493699999995
  74.164711481176042   84.241037000000006
  76.324714924112101   90.821592499999994


# temperature  180.000000000000000
#    0.000003962302485   -0.000893987242500    0.052525330542208    1.260897442658098  -51.167344736982159
  56.528584349906573   44.428921400000000
  58.332554137219944   48.248228099999999
  60.174500847799713   52.145480999999997
  62.054820074596620   56.567287899999997
  63.973907410561303   61.549729100000000
  65.932158448644500   66.214920300000003
  67.929968781796887   71.320029199999993
  69.967734002969152   77.137881899999996
  72.045849705111948   82.607894799999997
  74.164711481176042   89.143297000000004
  76.324714924112101   95.817688500000003


# temperature  190.000000000000000
#    0.000002012933550   -0.000346102653466   -0.004346064771897    3.773568839656869  -87.999177881182021
  56.528584349906573   48.116843299999999
  58.332554137219944   52.071906499999997
  60.174500847799713   56.106662300000004
  62.054820074596620   60.649779299999999
  63.973907410561303   65.752979400000001
  65.932158448644500   70.532648699999996
  67.929968781796887   75.742343000000005
  69.967734002969152   81.670126400000001
  72.045849705111948   87.222668299999995
  74.164711481176042   93.851729199999994
  76.324714924112101  100.607341300000002


# temperature  200.000000000000000
#    0.000000427220890    0.000096836385502   -0.049851290687738    5.745458801848407 -115.590736716600674
  56.528584349906573   51.739173100000002
  58.332554137219944   55.816137900000001
  60.174500847799713   59.974036300000002
  62.054820074596620   64.624905200000001
  63.973907410561303   69.835016800000005
  65.932158448644500   74.715906500000003
  67.929968781796887   80.017652799999993
  69.967734002969152   86.041887599999995
  72.045849705111948   91.666619800000007
  74.164711481176042   98.377430000000004
  76.324714924112101  105.203738400000006


# temperature  210.000000000000000
#   -0.000000849548860    0.000451035271009   -0.085811324263046    7.267717280141304 -135.616734040064557
  56.528584349906573   55.290659300000002
  58.332554137219944   59.477248899999999
  60.174500847799713   63.745623299999998
  62.054820074596620   68.492466699999994
  63.973907410561303   73.797531300000003
  65.932158448644500   78.768214799999996
  67.929968781796887   84.151296400000007
  69.967734002969152   90.260517800000002
  72.045849705111948   95.948692600000001
  74.164711481176042  102.731209699999994
  76.324714924112101  109.619380600000000


# temperature  220.000000000000000
#   -0.000001867337745    0.000731160571256   -0.113854151984188    8.420598874988601 -149.525866694065570
  56.528584349906573   58.768007200000000
  58.332554137219944   63.053355199999999
  60.174500847799713   67.421039899999997
  62.054820074596620   72.253612000000004
  63.973907410561303   77.643278800000004
  65.932158448644500   82.693883700000001
  67.929968781796887   88.149105000000006
  69.967734002969152   94.333520800000002
  72.045849705111948  100.077699600000003
  74.164711481176042  106.923410500000003
  76.324714924112101  113.865984499999996


# temperature  230.000000000000000
#   -0.000002670081975    0.000950026334041   -0.135389322191369    9.272782168348490 -158.539993397637232
  56.528584349906573   62.169412899999998
  58.332554137219944   66.543903000000000
  60.174500847799713   71.001052700000002
  62.054820074596620   75.910422600000004
  63.973907410561303   81.375708599999996
  65.932158448644500   86.497681299999996
  67.929968781796887   92.017122299999997
  69.967734002969152   98.268332999999998
  72.045849705111948  104.062160100000000
  74.164711481176042  110.963809999999995
  76.324714924112101  117.954452399999994


# temperature  240.000000000000000
#   -0.000003295571749    0.001118595376668   -0.151613822149866    9.882017315916068 -163.673286561752377
  56.528584349906573   65.494199699999996
  58.332554137219944   69.949317399999998
  60.174500847799713   74.487243800000002
  62.054820074596620   79.465608200000005
  63.973907410561303   84.998695299999994
  65.932158448644500   90.184601900000004
  67.929968781796887   95.761416199999999
  69.967734002969152  102.072186400000007
  72.045849705111948  107.910205199999993
  74.164711481176042  114.861580599999996
  76.324714924112101  121.894882100000004


# temperature  250.000000000000000
#   -0.000003775753183    0.001246095263067   -0.163529007434830   10.296207649553960 -165.756946532103228
  56.528584349906573   68.742536200000004
  58.332554137219944   73.270735000000002
  60.174500847799713   77.881760099999994
  62.054820074596620   82.922283899999996
  63.973907410561303   88.516346900000002
  65.932158448644500   93.759706899999998
  67.929968781796887   99.387953300000007
  69.967734002969152  105.752024199999994
  72.045849705111948  111.629528699999995
  74.164711481176042  118.625282200000001
  76.324714924112101  125.696600000000004


# temperature  260.000000000000000
#   -0.000004137325911    0.001340208791674   -0.171964053407439   10.554711247697782 -165.465924124430927
  56.528584349906573   71.915217900000002
  58.332554137219944   76.509799799999996
  60.174500847799713   81.187127300000000
  62.054820074596620   86.283807199999998
  63.973907410561303   91.932869800000006
  65.932158448644500   97.228015499999998
  67.929968781796887  102.902519299999994
  69.967734002969152  109.314454900000001
  72.045849705111948  115.227368499999997
  74.164711481176042  122.262876300000002
  76.324714924112101  129.368205399999994


# temperature  270.000000000000000
#   -0.000004402448576    0.001407289944071   -0.177601262640330   10.689674265703625 -163.345003725374170
  56.528584349906573   75.013498200000001
  58.332554137219944   79.668508799999998
  60.174500847799713   84.406111499999994
  62.054820074596620   89.553660199999996
  63.973907410561303   95.252473100000003
  65.932158448644500  100.594431799999995
  67.929968781796887  106.310669399999995
  69.967734002969152  112.765729699999994
  72.045849705111948  118.710505900000001
  74.164711481176042  125.781752400000002
  76.324714924112101  132.917622099999988


# temperature  280.000000000000000
#   -0.000004589328813    0.001452544687750   -0.180997174193998   10.727133727530862 -159.830109759562191
  56.528584349906573   78.038958399999999
  58.332554137219944   82.749094700000001
  60.174500847799713   87.541616399999995
  62.054820074596620   92.735364599999997
  63.973907410561303   98.479302700000005
  65.932158448644500  103.863697700000003
  67.929968781796887  109.617700799999994
  69.967734002969152  116.111736699999994
  72.045849705111948  122.085277899999994
  74.164711481176042  129.188761000000000
  76.324714924112101  136.352149599999990


# temperature  290.000000000000000
#   -0.000004713092210    0.001480281495256   -0.182609954963174   10.688357714980212 -155.272720449975935
  56.528584349906573   80.993408000000002
  58.332554137219944   85.753937899999997
  60.174500847799713   90.596608799999998
  62.054820074596620   95.832420900000002
  63.973907410561303  101.617397299999993
  65.932158448644500  107.040364299999993
  67.929968781796887  112.828639600000002
  69.967734002969152  119.358006399999994
  72.045849705111948  125.357596000000001
  74.164711481176042  132.490248900000012
  76.324714924112101  139.678515299999987


# temperature  300.000000000000000
#   -0.000004786017376    0.001493989280876   -0.182809095691379   10.590375262623336 -149.950337898044666
  56.528584349906573   83.878807699999996
  58.332554137219944   88.685500099999999
  60.174500847799713   93.574063100000004
  62.054820074596620   98.848266699999996
  63.973907410561303  104.670659000000001
  65.932158448644500  110.128776099999996
  67.929968781796887  115.948238000000003
  69.967734002969152  122.509722199999999
  72.045849705111948  128.532969500000007
  74.164711481176042  135.692096399999997
  76.324714924112101  142.902922200000006


# temperature  310.000000000000000
#   -0.000004818205505    0.001496529236161   -0.181896149602322   10.446974521425348 -144.084300460135921
  56.528584349906573   86.697210999999996
  58.332554137219944   91.546274999999994
  60.174500847799713   96.476922299999998
  62.054820074596620  101.786247200000005
  63.973907410561303  107.642835399999996
  65.932158448644500  113.133063300000003
  67.929968781796887  118.980977999999993
  69.967734002969152  125.571737200000001
  72.045849705111948  131.616530500000010
  74.164711481176042  138.799753000000010
  76.324714924112101  146.031095700000009


# temperature  320.000000000000000
#   -0.000004817854271    0.001490216696029   -0.180113990903963   10.269167656507809 -137.848328614296207
  56.528584349906573   89.450719800000002
  58.332554137219944   94.338751799999997
  60.174500847799713   99.308069700000004
  62.054820074596620  104.649596399999993
  63.973907410561303  110.537510499999996
  65.932158448644500  116.057141900000005
  67.929968781796887  121.931079600000004
  69.967734002969152  128.548591100000010
  72.045849705111948  134.613058999999993
  74.164711481176042  141.818271299999992
  76.324714924112101  149.068324799999999


# temperature  330.000000000000000
#   -0.000004791728516    0.001476955597087   -0.177661264769624   10.065879852676456 -131.380658518920058
  56.528584349906573   92.141450500000005
  58.332554137219944   97.065388200000001
  60.174500847799713  102.070310000000006
  62.054820074596620  107.441425100000004
  63.973907410561303  113.358099800000005
  65.932158448644500  118.904716699999994
  67.929968781796887  124.802511199999998
  69.967734002969152  131.444529399999993
  72.045849705111948  137.527007900000001
  74.164711481176042  144.752339699999993
  76.324714924112101  152.019501499999990


# temperature  340.000000000000000
#   -0.000004745270287    0.001458273399104   -0.174696537803116    9.844165083623949 -124.788053856651700
  56.528584349906573   94.771508900000001
  58.332554137219944   99.728591699999996
  60.174500847799713  104.766356000000002
  62.054820074596620  110.164714599999996
  63.973907410561303  116.107851100000005
  65.932158448644500  121.679287799999997
  67.929968781796887  127.599002799999994
  69.967734002969152  134.263522599999988
  72.045849705111948  140.362527800000009
  74.164711481176042  147.606312199999991
  76.324714924112101  154.889156000000014


# temperature  350.000000000000000
#   -0.000004683005890    0.001435434712759   -0.171350214641162    9.609760101880868 -118.155319299769701
  56.528584349906573   97.342971700000007
  58.332554137219944  102.330705699999996
  60.174500847799713  107.398820999999998
  62.054820074596620  112.822313699999995
  63.973907410561303  118.789846699999998
  65.932158448644500  124.384158799999994
  67.929968781796887  130.324058299999990
  69.967734002969152  137.009284400000013
  72.045849705111948  143.123488900000012
  74.164711481176042  150.384236399999992
  76.324714924112101  157.681488300000012


# temperature  360.000000000000000
#   -0.000004608564466    0.001409450412672   -0.167725917187990    9.367166774623342 -111.546923139823036
  56.528584349906573   99.857872900000004
  58.332554137219944  104.874000600000002
  60.174500847799713  109.970213900000005
  62.054820074596620  115.416939099999993
  63.973907410561303  121.407008500000003
  65.932158448644500  127.022445500000003
  67.929968781796887  132.980969499999986
  69.967734002969152  139.685290000000009
  72.045849705111948  145.813503200000014
  74.164711481176042  153.089878499999998
  76.324714924112101  160.400397999999996


# temperature  370.000000000000000
#   -0.000004524873773    0.001381133166815   -0.163906393860772    9.119929746444866 -105.011772018993753
  56.528584349906573  102.318193899999997
  58.332554137219944  107.360667800000002
  60.174500847799713  112.482938099999998
  62.054820074596620  117.951177000000001
  63.973907410561303  123.962103799999994
  65.932158448644500  129.597086499999989
  67.929968781796887  135.572829000000013
  69.967734002969152  142.294792999999999
  72.045849705111948  148.435944100000000
  74.164711481176042  155.726746999999989
  76.324714924112101  163.049509699999987


# temperature  380.000000000000000
#   -0.000004434416974    0.001351167645290   -0.159960716460283    8.870962680056120  -98.588655336795696
  56.528584349906573  104.725857000000005
  58.332554137219944  109.792816599999995
  60.174500847799713  114.939290900000003
  62.054820074596620  120.427487099999993
  63.973907410561303  126.457751999999999
  65.932158448644500  132.110851900000000
  67.929968781796887  138.102543400000002
  69.967734002969152  144.840841299999994
  72.045849705111948  150.993964699999992
  74.164711481176042  158.298113900000004
  76.324714924112101  165.632197300000001


# temperature  390.000000000000000
#   -0.000004339068742    0.001320069534760   -0.155940489344555    8.622393508442199  -92.303828310376716
  56.528584349906573  107.082721300000003
  58.332554137219944  112.172472799999994
  60.174500847799713  117.341465499999998
  62.054820074596620  122.848206399999995
  63.973907410561303  128.896431799999988
  65.932158448644500  134.566354300000000
  67.929968781796887  140.572845000000001
  69.967734002969152  147.326292599999988
  72.045849705111948  153.490515499999987
  74.164711481176042  160.807033899999993
  76.324714924112101  168.151605200000006


# temperature  400.000000000000000
#   -0.000004240460591    0.001288283969731   -0.151889769638212    8.376006453189726  -86.178303488540280
  56.528584349906573  109.390579700000004
  58.332554137219944  114.501578300000006
  60.174500847799713  119.691553400000004
  62.054820074596620  125.215554299999994
  63.973907410561303  131.280488399999996
  65.932158448644500  136.966057400000011
  67.929968781796887  142.986304399999995
  69.967734002969152  149.753827599999994
  72.045849705111948  155.928359199999989
  74.164711481176042  163.256362200000012
  76.324714924112101  170.610667699999993


# temperature  410.000000000000000
#   -0.000004139871012    0.001256157784221   -0.147842464128746    8.133133534833325  -80.226105706147678
  56.528584349906573  111.651158100000004
  58.332554137219944  116.781992399999993
  60.174500847799713  121.991547600000004
  62.054820074596620  127.531637799999999
  63.973907410561303  133.612140799999992
  65.932158448644500  139.312285900000006
  67.929968781796887  145.345340700000008
  69.967734002969152  152.125963700000000
  72.045849705111948  158.310085899999990
  74.164711481176042  165.648770399999989
  76.324714924112101  173.012126499999994


# temperature  420.000000000000000
#   -0.000004038308551    0.001223962580573   -0.143824726739963    7.894764143274948  -74.456089664806626
  56.528584349906573  113.866115500000006
  58.332554137219944  119.015493500000005
  60.174500847799713  124.243346299999999
  62.054820074596620  129.798457000000013
  63.973907410561303  135.893488800000000
  65.932158448644500  141.607233799999989
  67.929968781796887  147.652232099999992
  69.967734002969152  154.445066499999996
  72.045849705111948  160.638125800000012
  74.164711481176042  167.986761300000012
  76.324714924112101  175.358546600000011


# temperature  430.000000000000000
#   -0.000003936610100    0.001191921560874   -0.139857692958535    7.661667464182347  -68.873935597412029
  56.528584349906573  116.037043800000006
  58.332554137219944  121.203781300000003
  60.174500847799713  126.448756500000002
  62.054820074596620  132.017910199999989
  63.973907410561303  138.126520300000010
  65.932158448644500  143.852972999999992
  67.929968781796887  149.909125899999992
  69.967734002969152  156.713360800000004
  72.045849705111948  162.914761300000009
  74.164711481176042  170.272682099999997
  76.324714924112101  177.652330199999994


# temperature  440.000000000000000
#   -0.000003835430355    0.001160207532449   -0.135957362970985    7.434390243893268  -63.482117877514845
  56.528584349906573  118.165469900000005
  58.332554137219944  123.348479299999994
  60.174500847799713  128.609498599999995
  62.054820074596620  134.191799599999996
  63.973907410561303  140.313117400000010
  65.932158448644500  146.051461100000012
  67.929968781796887  152.118046800000002
  69.967734002969152  158.932941300000010
  72.045849705111948  165.142138399999993
  74.164711481176042  172.508736300000010
  76.324714924112101  179.895730299999997


# temperature  450.000000000000000
#   -0.000003735284911    0.001128954619444   -0.132135789240252    7.213309334010443  -58.280732747908310
  56.528584349906573  120.252856800000004
  58.332554137219944  125.451137900000006
  60.174500847799713  130.727210100000008
  62.054820074596620  136.321836100000013
  63.973907410561303  142.455063099999990
  65.932158448644500  148.204548799999998
  67.929968781796887  154.280905999999987
  69.967734002969152  161.105781100000002
  72.045849705111948  167.322276399999993
  74.164711481176042  174.696994899999993
  76.324714924112101  182.090861799999999


# temperature  460.000000000000000
#   -0.000003636614997    0.001098276023539   -0.128402895417242    6.998713570094719  -53.268842366248286
  56.528584349906573  122.300605599999997
  58.332554137219944  127.513237099999998
  60.174500847799713  132.803449599999993
  62.054820074596620  138.409644700000001
  63.973907410561303  144.554047200000014
  65.932158448644500  150.313986900000003
  67.929968781796887  156.399508400000002
  69.967734002969152  163.233741199999997
  72.045849705111948  169.457077400000003
  74.164711481176042  176.839406300000007
  76.324714924112101  184.239712900000001


# temperature  470.000000000000000
#   -0.000003539677771    0.001068235579454   -0.124763716518262    6.790684430091871  -48.442511670512438
  56.528584349906573  124.310057799999996
  58.332554137219944  129.536189799999988
  60.174500847799713  134.839701100000013
  62.054820074596620  140.456769299999991
  63.973907410561303  146.611671900000005
  65.932158448644500  152.381432300000000
  67.929968781796887  158.475559800000013
  69.967734002969152  165.318577800000014
  72.045849705111948  171.548335000000009
  74.164711481176042  178.937805599999990
  76.324714924112101  186.344154000000003


# temperature  480.000000000000000
#   -0.000003444749345    0.001038900896159   -0.121223596173694    6.589320706853030  -43.798412409693732
  56.528584349906573  126.282497300000003
  58.332554137219944  131.521344499999998
  60.174500847799713  136.837377800000013
  62.054820074596620  142.464677099999989
  63.973907410561303  148.629457000000002
  65.932158448644500  154.408454699999993
  67.929968781796887  160.510673900000000
  69.967734002969152  167.361950100000001
  72.045849705111948  173.597741600000006
  74.164711481176042  180.993922800000007
  76.324714924112101  188.405946900000004


# temperature  490.000000000000000
#   -0.000003351979873    0.001010306244113   -0.117784632152709    6.394587155805098  -39.331387585805217
  56.528584349906573  128.219152600000001
  58.332554137219944  133.469988699999988
  60.174500847799713  138.797825700000004
  62.054820074596620  144.434762900000010
  63.973907410561303  150.608845500000001
  65.932158448644500  156.396541700000000
  67.929968781796887  162.506378100000006
  69.967734002969152  169.365426399999990
  72.045849705111948  175.606895900000012
  74.164711481176042  183.009390300000007
  76.324714924112101  190.426753200000007


# temperature  500.000000000000000
#   -0.000003261550502    0.000982493766928   -0.114449721654553    6.206490077565068  -35.037280573698439
  56.528584349906573  130.121199700000005
  58.332554137219944  135.383351699999992
  60.174500847799713  140.722327000000007
  62.054820074596620  146.368353700000000
  63.973907410561303  152.551207299999987
  65.932158448644500  158.347104199999990
  67.929968781796887  164.464119500000010
  69.967734002969152  171.330490900000001
  72.045849705111948  177.577309500000013
  74.164711481176042  184.985750300000007
  76.324714924112101  192.408140900000006


# temperature  510.000000000000000
#   -0.000003173484590    0.000955463398137   -0.111217588254343    6.024857946052398  -30.909295420661415
  56.528584349906573  131.989763500000009
  58.332554137219944  137.262607300000013
  60.174500847799713  142.612104100000010
  62.054820074596620  148.266712200000001
  63.973907410561303  154.457844700000010
  65.932158448644500  160.261481099999997
  67.929968781796887  166.385269700000009
  69.967734002969152  173.258549200000004
  72.045849705111948  179.510412400000007
  74.164711481176042  186.924460799999991
  76.324714924112101  194.351591600000006


# temperature  520.000000000000000
#   -0.000003087845701    0.000929226019017   -0.108088114167739    5.849577968306694  -26.941901957974761
  56.528584349906573  133.825920999999994
  58.332554137219944  139.108876900000013
  60.174500847799713  144.468322499999999
  62.054820074596620  150.131040600000006
  63.973907410561303  156.329995700000012
  65.932158448644500  162.140944300000001
  67.929968781796887  168.271130300000010
  69.967734002969152  175.150933100000003
  72.045849705111948  181.407559499999991
  74.164711481176042  188.826901399999997
  76.324714924112101  196.258506299999993


# temperature  530.000000000000000
#   -0.000003004699601    0.000903792824964   -0.105061227470080    5.680544224177182  -23.129918765902826
  56.528584349906573  135.630702899999989
  58.332554137219944  140.923231700000002
  60.174500847799713  146.292093800000004
  62.054820074596620  151.962484100000012
  63.973907410561303  158.168838099999988
  65.932158448644500  163.986702100000002
  67.929968781796887  170.122936799999991
  69.967734002969152  177.008906300000007
  72.045849705111948  183.270034399999986
  74.164711481176042  190.694378900000004
  76.324714924112101  198.130211400000007


# temperature  540.000000000000000
#   -0.000002924045130    0.000879157372763   -0.102135156988754    5.517582176644470  -19.467278128568108
  56.528584349906573  137.405095899999992
  58.332554137219944  142.706695700000012
  60.174500847799713  148.084478799999999
  62.054820074596620  153.762134300000014
  63.973907410561303  159.975493199999988
  65.932158448644500  165.799903800000010
  67.929968781796887  171.941863299999994
  69.967734002969152  178.833667999999989
  72.045849705111948  185.099055300000003
  74.164711481176042  192.528132300000010
  76.324714924112101  199.967963499999996


# temperature  550.000000000000000
#   -0.000002845820741    0.000855297437506   -0.099306627148667    5.360457425502738  -15.947160473853803
  56.528584349906573  139.150044900000012
  58.332554137219944  144.460247799999991
  60.174500847799713  149.846490299999999
  62.054820074596620  155.531031899999988
  63.973907410561303  161.751028999999988
  65.932158448644500  167.581643000000014
  67.929968781796887  173.729025900000011
  69.967734002969152  180.626357600000006
  72.045849705111948  186.895778699999994
  74.164711481176042  194.329337000000010
  76.324714924112101  201.772954099999993


# temperature  560.000000000000000
#   -0.000002770022732    0.000832206258762   -0.096573942110650    5.209010295652159  -12.564178568492862
  56.528584349906573  140.866455000000002
  58.332554137219944  146.184824399999997
  60.174500847799713  151.579095499999994
  62.054820074596620  157.270169799999991
  63.973907410561303  163.496463500000004
  65.932158448644500  169.332961100000006
  67.929968781796887  175.485486500000007
  69.967734002969152  182.388058300000012
  72.045849705111948  188.661303099999998
  74.164711481176042  196.099109099999993
  76.324714924112101  203.546314200000012


# temperature  570.000000000000000
#   -0.000002696660977    0.000809881064846   -0.093935868284897    5.063107182492986   -9.313571876784165
  56.528584349906573  142.555193199999991
  58.332554137219944  147.881321399999990
  60.174500847799713  153.283218699999992
  62.054820074596620  158.980495999999988
  63.973907410561303  165.212767399999990
  65.932158448644500  171.054850299999998
  67.929968781796887  177.212256400000001
  69.967734002969152  184.119800800000007
  72.045849705111948  190.396673600000014
  74.164711481176042  197.838509299999998
  76.324714924112101  205.289118099999996


# temperature  580.000000000000000
#   -0.000002625627435    0.000788287554068   -0.091388051171852    4.922480427705198   -6.188526730360442
  56.528584349906573  144.217090700000000
  58.332554137219944  149.550596000000013
  60.174500847799713  154.959743599999996
  62.054820074596620  160.662915599999991
  63.973907410561303  166.900867000000005
  65.932158448644500  172.748256499999997
  67.929968781796887  178.910298899999987
  69.967734002969152  185.822565999999995
  72.045849705111948  192.102884200000005
  74.164711481176042  199.548546399999992
  76.324714924112101  207.002386800000011


# temperature  590.000000000000000
#   -0.000002556889041    0.000767411885380   -0.088928248447591    4.786961322266513   -3.184043923691815
  56.528584349906573  145.852944000000008
  58.332554137219944  151.193469499999992
  60.174500847799713  156.609515200000004
  62.054820074596620  162.318293899999986
  63.973907410561303  168.561646700000011
  65.932158448644500  174.414082199999996
  67.929968781796887  180.580532299999987
  69.967734002969152  187.497288999999995
  72.045849705111948  193.780881899999997
  74.164711481176042  201.230180700000005
  76.324714924112101  208.687092000000007


# temperature  600.000000000000000
#   -0.000002490370489    0.000747229125171   -0.086553153397339    4.656338216480969   -0.294561304296716
  56.528584349906573  147.463517300000007
  58.332554137219944  152.810728200000000
  60.174500847799713  158.233342300000004
  62.054820074596620  163.947457700000001
  63.973907410561303  170.195951299999990
  65.932158448644500  176.053188900000009
  67.929968781796887  182.223833100000007
  69.967734002969152  189.144860800000004
  72.045849705111948  195.431568900000002
  74.164711481176042  202.884326799999997
  76.324714924112101  210.344158700000008


# temperature  610.000000000000000
#   -0.000002426053782    0.000727729609519   -0.084261003453287    4.530470765838193    2.484180540087796
  56.528584349906573  149.049543499999999
  58.332554137219944  154.403125799999998
  60.174500847799713  159.831999099999990
  62.054820074596620  165.551198199999988
  63.973907410561303  171.804588300000006
  65.932158448644500  177.666399600000005
  67.929968781796887  183.841037400000005
  69.967734002969152  190.766131800000011
  72.045849705111948  197.055805600000014
  74.164711481176042  204.511856399999999
  76.324714924112101  211.974468300000012


# temperature  620.000000000000000
#   -0.000002363821321    0.000708877621223   -0.082047510095731    4.409112081391257    5.158051957907012
  56.528584349906573  150.611725900000010
  58.332554137219944  155.971384999999998
  60.174500847799713  161.406227000000001
  62.054820074596620  167.130272600000012
  63.973907410561303  173.388329999999996
  65.932158448644500  179.254500600000000
  67.929968781796887  185.432944399999997
  69.967734002969152  192.361913799999996
  72.045849705111948  198.654413199999993
  74.164711481176042  206.113601100000011
  76.324714924112101  213.578861200000006


# temperature  630.000000000000000
#   -0.000002303679412    0.000690670635532   -0.079911726696686    4.292166054301627    7.730320656434038
  56.528584349906573  152.150739899999991
  58.332554137219944  157.516198800000012
  60.174500847799713  162.956736699999993
  62.054820074596620  168.685405900000006
  63.973907410561303  174.947915399999999
  65.932158448644500  180.818244099999987
  67.929968781796887  187.000317599999988
  69.967734002969152  193.932982199999998
  72.045849705111948  200.228175800000002
  74.164711481176042  207.690354700000000
  76.324714924112101  215.158139400000010


# temperature  640.000000000000000
#   -0.000002245511087    0.000673073315669   -0.077849461696014    4.179396101347216   10.206469885600931
  56.528584349906573  153.667234000000008
  58.332554137219944  159.038231999999994
  60.174500847799713  164.484209399999997
  62.054820074596620  170.217292700000002
  63.973907410561303  176.484051999999991
  65.932158448644500  182.358349800000013
  67.929968781796887  188.543887399999988
  69.967734002969152  195.480078099999986
  72.045849705111948  201.777842600000014
  74.164711481176042  209.242875199999986
  76.324714924112101  216.713068499999991


# temperature  650.000000000000000
#   -0.000002189252244    0.000656064579303   -0.075857977255606    4.070632804895148   12.590773528069517
  56.528584349906573  155.161831299999989
  58.332554137219944  160.538123100000007
  60.174500847799713  165.989298399999996
  62.054820074596620  171.726598599999988
  63.973907410561303  177.997417700000000
  65.932158448644500  183.875506599999994
  67.929968781796887  190.064352600000007
  69.967734002969152  197.003910700000006
  72.045849705111948  203.304129899999992
  74.164711481176042  210.771887200000009
  76.324714924112101  218.244380100000001


# temperature  660.000000000000000
#   -0.000002134844010    0.000639625387677   -0.073934816625639    3.965723833259071   14.887101159979620
  56.528584349906573  156.635130500000002
  58.332554137219944  162.016484999999989
  60.174500847799713  167.472630600000002
  62.054820074596620  173.213962199999997
  63.973907410561303  179.488661799999988
  65.932158448644500  185.370374499999997
  67.929968781796887  191.562382299999996
  69.967734002969152  198.505158300000005
  72.045849705111948  204.807723100000004
  74.164711481176042  212.278083900000013
  76.324714924112101  219.752773700000006


# temperature  670.000000000000000
#   -0.000002082248831    0.000623741919433   -0.072078012846916    3.864538496544414   17.098920525779839
  56.528584349906573  158.087707499999993
  58.332554137219944  163.473906599999992
  60.174500847799713  168.934808000000004
  62.054820074596620  174.679995999999988
  63.973907410561303  180.958407399999999
  65.932158448644500  186.843585999999988
  67.929968781796887  193.038617700000003
  69.967734002969152  199.984470799999997
  72.045849705111948  206.289278300000007
  74.164711481176042  213.762128200000006
  76.324714924112101  221.238918399999989


# temperature  680.000000000000000
#   -0.000002031381310    0.000608388210964   -0.070284462979332    3.766900407628463   19.230339595963994
  56.528584349906573  159.520115900000008
  58.332554137219944  164.910953900000010
  60.174500847799713  170.376408700000013
  62.054820074596620  176.125288000000012
  63.973907410561303  182.407252099999994
  65.932158448644500  188.295747799999987
  67.929968781796887  194.493673099999995
  69.967734002969152  201.442470500000013
  72.045849705111948  207.749423900000011
  74.164711481176042  215.224655200000001
  76.324714924112101  222.703454700000009


# temperature  690.000000000000000
#   -0.000001982159345    0.000593539166833   -0.068551162523416    3.672639134642710   21.285305324953409
  56.528584349906573  160.932888600000013
  58.332554137219944  166.328170999999998
  60.174500847799713  171.797988000000004
  62.054820074596620  177.550402800000001
  63.973907410561303  183.835769400000004
  65.932158448644500  189.727441800000008
  67.929968781796887  195.928137899999996
  69.967734002969152  202.879754399999996
  72.045849705111948  209.188762300000008
  74.164711481176042  216.666273300000000
  76.324714924112101  224.146996300000012


# temperature  700.000000000000000
#   -0.000001934570700    0.000579188625723   -0.066877033808468    3.581671988274876   23.266240052294876
  56.528584349906573  162.326538300000010
  58.332554137219944  167.726081499999992
  60.174500847799713  173.200080000000014
  62.054820074596620  178.955883199999988
  63.973907410561303  185.244510100000014
  65.932158448644500  191.139226600000001
  67.929968781796887  197.342577500000004
  69.967734002969152  204.296894799999990
  72.045849705111948  210.607870800000001
  74.164711481176042  218.087565799999993
  76.324714924112101  225.570131300000014


# temperature  710.000000000000000
#   -0.000001888514262    0.000565306711506   -0.065258648500523    3.493814174262891   25.177189112135547
  56.528584349906573  163.701558900000009
  58.332554137219944  169.105189099999990
  60.174500847799713  174.583198100000004
  62.054820074596620  180.342250400000012
  63.973907410561303  186.634003699999994
  65.932158448644500  192.531638799999996
  67.929968781796887  198.737534799999992
  69.967734002969152  205.694441200000000
  72.045849705111948  212.007303799999988
  74.164711481176042  219.489092099999993
  76.324714924112101  226.973423400000001


# temperature  720.000000000000000
#   -0.000001843951465    0.000551880448880   -0.063694289605070    3.408958257720143   27.020866856629080
  56.528584349906573  165.058426099999991
  58.332554137219944  170.465978699999994
  60.174500847799713  175.947836400000000
  62.054820074596620  181.710006200000009
  63.973907410561303  188.004758699999996
  65.932158448644500  193.905193900000000
  67.929968781796887  200.113531300000005
  69.967734002969152  207.072921100000002
  72.045849705111948  213.387593100000004
  74.164711481176042  220.871388999999994
  76.324714924112101  228.357413699999995


# temperature  730.000000000000000
#   -0.000001800830788    0.000538893609598   -0.062181949101927    3.326986397396146   28.800089361242545
  56.528584349906573  166.397598200000004
  58.332554137219944  171.808917199999996
  60.174500847799713  177.294470399999994
  62.054820074596620  183.059632899999997
  63.973907410561303  189.357264600000008
  65.932158448644500  195.260387500000007
  67.929968781796887  201.471068099999997
  69.967734002969152  208.432841300000007
  72.045849705111948  214.749249700000007
  74.164711481176042  222.234971999999999
  76.324714924112101  229.722621800000013


# temperature  740.000000000000000
#   -0.000001759082509    0.000526325078233   -0.060719136706557    3.247760395408795   30.517968818068422
  56.528584349906573  167.719516999999996
  58.332554137219944  173.134454699999992
  60.174500847799713  178.623558000000003
  62.054820074596620  184.391595099999989
  63.973907410561303  190.691991999999999
  65.932158448644500  196.597696200000001
  67.929968781796887  202.810627000000011
  69.967734002969152  209.774688800000007
  72.045849705111948  216.092764499999987
  74.164711481176042  223.580336499999987
  76.324714924112101  231.069546400000007


# temperature  750.000000000000000
#   -0.000001718668080    0.000514162394464   -0.059304265172704    3.171184312352567   32.176859127207017
  56.528584349906573  169.024608499999999
  58.332554137219944  174.443024699999995
  60.174500847799713  179.935540400000008
  62.054820074596620  185.706340000000012
  63.973907410561303  192.009394100000009
  65.932158448644500  197.917578600000013
  67.929968781796887  204.132671499999987
  69.967734002969152  211.098932100000013
  72.045849705111948  217.418609599999996
  74.164711481176042  224.907958600000001
  76.324714924112101  232.398667100000011


# temperature  760.000000000000000
#   -0.000001679554004    0.000502394221546   -0.057935844795940    3.097166531949151   33.779021287057816
  56.528584349906573  170.313283799999994
  58.332554137219944  175.735045299999996
  60.174500847799713  181.230842499999994
  62.054820074596620  187.004298299999988
  63.973907410561303  193.309907100000004
  65.932158448644500  199.220476300000001
  67.929968781796887  205.437647599999991
  69.967734002969152  212.406021900000013
  72.045849705111948  218.727238999999997
  74.164711481176042  226.218295899999987
  76.324714924112101  233.710444800000005


# temperature  770.000000000000000
#   -0.000001641656976    0.000490996443809   -0.056611170777752    3.025565039895404   35.327473360870258
  56.528584349906573  171.585939300000007
  58.332554137219944  177.010919800000011
  60.174500847799713  182.509874300000007
  62.054820074596620  188.285885299999990
  63.973907410561303  194.593951599999997
  65.932158448644500  200.506814499999990
  67.929968781796887  206.725984899999986
  69.967734002969152  213.696391900000009
  72.045849705111948  220.019089600000001
  74.164711481176042  227.511788999999993
  76.324714924112101  235.005322900000010


# temperature  780.000000000000000
#   -0.000001604932160    0.000479955086898   -0.055328543044013    2.956282426816429   36.824475800623254
  56.528584349906573  172.842958100000004
  58.332554137219944  178.271037299999989
  60.174500847799713  183.773031000000003
  62.054820074596620  189.551501199999990
  63.973907410561303  195.861932499999995
  65.932158448644500  201.777002900000014
  67.929968781796887  207.998096900000007
  69.967734002969152  214.970459799999986
  72.045849705111948  221.294582200000008
  74.164711481176042  228.788861800000006
  76.324714924112101  236.283728300000007


# temperature  790.000000000000000
#   -0.000001569372422    0.000469266346297   -0.054087292785728    2.889268107031765   38.271478036759341
  56.528584349906573  174.084709599999996
  58.332554137219944  179.515773300000006
  60.174500847799713  185.020693899999998
  62.054820074596620  190.801532100000003
  63.973907410561303  197.114240499999994
  65.932158448644500  203.031436299999996
  67.929968781796887  209.254382200000009
  69.967734002969152  216.228628200000003
  72.045849705111948  222.554122000000007
  74.164711481176042  230.049922699999996
  76.324714924112101  237.546071899999987


# temperature  800.000000000000000
#   -0.000001534915116    0.000458911724091   -0.052885301368150    2.824408514695450   39.670937752897011
  56.528584349906573  175.311551100000003
  58.332554137219944  180.745490499999988
  60.174500847799713  186.253231099999994
  62.054820074596620  192.036350499999998
  63.973907410561303  198.351252499999987
  65.932158448644500  204.270495500000010
  67.929968781796887  210.495225299999987
  69.967734002969152  217.471284800000006
  72.045849705111948  223.798099500000006
  74.164711481176042  231.295365099999998
  76.324714924112101  238.792749500000014


# temperature  810.000000000000000
#   -0.000001501523279    0.000448879737287   -0.051721175292114    2.761623890577556   41.024707049198419
  56.528584349906573  176.523827600000004
  58.332554137219944  181.960539000000011
  60.174500847799713  187.470998000000009
  62.054820074596620  193.256315900000004
  63.973907410561303  199.573331999999994
  65.932158448644500  205.494548000000009
  67.929968781796887  211.720996700000001
  69.967734002969152  218.698803700000013
  72.045849705111948  225.026891000000006
  74.164711481176042  232.525568099999987
  76.324714924112101  240.024142600000005


# temperature  820.000000000000000
#   -0.000001469120457    0.000439148390577   -0.050592476390981    2.700788732876706   42.335375855939752
  56.528584349906573  177.721872800000000
  58.332554137219944  183.161257500000005
  60.174500847799713  188.674337799999989
  62.054820074596620  194.461775700000004
  63.973907410561303  200.780830000000009
  65.932158448644500  206.703948200000013
  67.929968781796887  212.932054099999988
  69.967734002969152  219.911545700000005
  72.045849705111948  226.240859800000010
  74.164711481176042  233.740897499999988
  76.324714924112101  241.240619100000004


# temperature  830.000000000000000
#   -0.000001437699925    0.000429714253880   -0.049498620897807    2.641860083222694   43.604146445504682
  56.528584349906573  178.906009000000012
  58.332554137219944  184.347972999999996
  60.174500847799713  189.863582199999996
  62.054820074596620  195.653065099999992
  63.973907410561303  201.974085500000001
  65.932158448644500  207.899038399999995
  67.929968781796887  214.128742600000010
  69.967734002969152  221.109859000000000
  72.045849705111948  227.440356100000002
  74.164711481176042  234.941705899999988
  76.324714924112101  242.442533700000013


# temperature  840.000000000000000
#   -0.000001407244940    0.000420571541251   -0.048438823517510    2.584787792664714   44.832302016645976
  56.528584349906573  180.076548400000007
  58.332554137219944  185.521001899999987
  60.174500847799713  191.039051900000004
  62.054820074596620  196.830508199999997
  63.973907410561303  203.153425800000008
  65.932158448644500  209.080149199999994
  67.929968781796887  215.311395500000003
  69.967734002969152  222.294079500000009
  72.045849705111948  228.625718199999994
  74.164711481176042  236.128333800000007
  76.324714924112101  243.630228799999998


# temperature  850.000000000000000
#   -0.000001377718648    0.000411708813211   -0.047411714033490    2.529495468277425   46.021551038138469
  56.528584349906573  181.233792700000009
  58.332554137219944  186.680650100000008
  60.174500847799713  192.201056800000003
  62.054820074596620  197.994418300000007
  63.973907410561303  204.319167399999998
  65.932158448644500  210.247600000000006
  67.929968781796887  216.480334999999997
  69.967734002969152  223.464532100000014
  72.045849705111948  229.797272499999991
  74.164711481176042  237.301109900000000
  76.324714924112101  244.804034900000005


# temperature  860.000000000000000
#   -0.000001349018843    0.000403097789208   -0.046414303228099    2.475838029528349   47.174682030325435
  56.528584349906573  182.378034200000002
  58.332554137219944  187.827213599999993
  60.174500847799713  193.349896800000010
  62.054820074596620  199.145098300000001
  63.973907410561303  205.471616200000000
  65.932158448644500  211.401699400000012
  67.929968781796887  217.635872000000006
  69.967734002969152  224.621530299999989
  72.045849705111948  230.955334599999986
  74.164711481176042  238.460351699999990
  76.324714924112101  245.964271200000013


# temperature  870.000000000000000
#   -0.000001321204063    0.000394752599138   -0.045447786441566    2.423853556748057   48.291477598188337
  56.528584349906573  183.509555699999993
  58.332554137219944  188.960979100000003
  60.174500847799713  194.485861900000003
  62.054820074596620  200.282841200000007
  63.973907410561303  206.611068200000005
  65.932158448644500  212.542745999999994
  67.929968781796887  218.778307399999989
  69.967734002969152  225.765377300000011
  72.045849705111948  232.100209299999989
  74.164711481176042  239.606366000000008
  76.324714924112101  247.111246099999988


# temperature  880.000000000000000
#   -0.000001294179884    0.000386647008993   -0.044509385401563    2.373407316780360   49.374516934645847
  56.528584349906573  184.628631100000007
  58.332554137219944  190.082223699999986
  60.174500847799713  195.609232999999989
  62.054820074596620  201.407930700000009
  63.973907410561303  207.737809400000003
  65.932158448644500  213.671028500000006
  67.929968781796887  219.907932200000005
  69.967734002969152  226.896366099999995
  72.045849705111948  233.232191199999988
  74.164711481176042  240.739449199999996
  76.324714924112101  248.245257600000002


# temperature  890.000000000000000
#   -0.000001267950746    0.000378781075575   -0.043598934946649    2.324479732936028   50.424476790705761
  56.528584349906573  185.735525899999999
  58.332554137219944  191.191216300000008
  60.174500847799713  196.720281900000003
  62.054820074596620  202.520641200000000
  63.973907410561303  208.852116899999999
  65.932158448644500  214.786826300000001
  67.929968781796887  221.025027599999987
  69.967734002969152  228.014780300000012
  72.045849705111948  234.351565499999992
  74.164711481176042  241.859888000000012
  76.324714924112101  249.366593800000004


# temperature  900.000000000000000
#   -0.000001242475892    0.000371142655279   -0.042715043441009    2.276996931929116   51.442923017039639
  56.528584349906573  186.830497199999996
  58.332554137219944  192.288217099999997
  60.174500847799713  197.819271899999990
  62.054820074596620  203.621238400000010
  63.973907410561303  209.954258900000013
  65.932158448644500  215.890409599999998
  67.929968781796887  222.129865999999993
  69.967734002969152  229.120894099999987
  72.045849705111948  235.458607900000004
  74.164711481176042  242.967959900000011
  76.324714924112101  250.475533500000012


# temperature  910.000000000000000
#   -0.000001217740795    0.000363726962407   -0.041857090849489    2.230920991514713   52.430790300924357
  56.528584349906573  187.913794300000006
  58.332554137219944  193.373478199999994
  60.174500847799713  198.906457999999986
  62.054820074596620  204.709979800000013
  63.973907410561303  211.044495000000012
  65.932158448644500  216.982040299999994
  67.929968781796887  223.222711000000004
  69.967734002969152  230.214973200000003
  72.045849705111948  236.553585199999986
  74.164711481176042  244.063933300000002
  76.324714924112101  251.572346299999992


# temperature  920.000000000000000
#   -0.000001193680924    0.000356515949840   -0.041023145487269    2.186156745820071   53.389939828114777
  56.528584349906573  188.985658900000004
  58.332554137219944  194.447244299999994
  60.174500847799713  199.982087600000000
  62.054820074596620  205.787114800000012
  63.973907410561303  212.123076800000007
  65.932158448644500  218.061971999999997
  67.929968781796887  224.303818000000007
  69.967734002969152  231.297274399999992
  72.045849705111948  237.636755899999997
  74.164711481176042  245.148067800000007
  76.324714924112101  252.657293199999998


# temperature  930.000000000000000
#   -0.000001170360852    0.000349525592257   -0.040214629719514    2.142755746329736   54.319826780134704
  56.528584349906573  190.046325499999995
  58.332554137219944  195.509752200000008
  60.174500847799713  201.046400199999994
  62.054820074596620  206.852885100000009
  63.973907410561303  213.190247900000003
  65.932158448644500  219.130450200000013
  67.929968781796887  225.373434099999997
  69.967734002969152  232.368046800000002
  72.045849705111948  238.708370000000002
  74.164711481176042  246.220615100000003
  76.324714924112101  253.730626999999998


# temperature  940.000000000000000
#   -0.000001147623038    0.000342713265461   -0.039427189237222    2.100517441949804   55.224012776474360
  56.528584349906573  191.096021400000012
  58.332554137219944  196.561232100000012
  60.174500847799713  202.099628300000006
  62.054820074596620  207.907525099999987
  63.973907410561303  214.246244799999999
  65.932158448644500  220.187713099999996
  67.929968781796887  226.431799100000006
  69.967734002969152  233.427531700000003
  72.045849705111948  239.768669999999986
  74.164711481176042  247.281818899999990
  76.324714924112101  254.792592500000012


# temperature  950.000000000000000
#   -0.000001125539504    0.000336097238656   -0.038662508617898    2.059506729224906   56.101692980264609
  56.528584349906573  192.134967399999994
  58.332554137219944  197.601906799999995
  60.174500847799713  203.141997099999998
  62.054820074596620  208.951262100000008
  63.973907410561303  215.291296499999987
  65.932158448644500  221.233991400000008
  67.929968781796887  227.479145299999999
  69.967734002969152  234.475962799999991
  72.045849705111948  240.817890799999986
  74.164711481176042  248.331915199999997
  76.324714924112101  255.843426599999987


# temperature  960.000000000000000
#   -0.000001104080256    0.000329668491200   -0.037919547375361    2.019668204136245   56.954040870007240
  56.528584349906573  193.163377800000006
  58.332554137219944  198.631992999999994
  60.174500847799713  204.173725399999995
  62.054820074596620  209.984316500000006
  63.973907410561303  216.325625199999990
  65.932158448644500  222.269508900000005
  67.929968781796887  228.515697700000004
  69.967734002969152  235.513566700000013
  72.045849705111948  241.856260099999986
  74.164711481176042  249.371132899999992
  76.324714924112101  256.883359400000018


# temperature  970.000000000000000
#   -0.000001083204504    0.000323415552545   -0.037197065014576    1.980939708280149   57.782302573995857
  56.528584349906573  194.181460499999986
  58.332554137219944  199.651700699999992
  60.174500847799713  205.195025500000014
  62.054820074596620  211.006902300000007
  63.973907410561303  217.349446499999999
  65.932158448644500  223.294482799999997
  67.929968781796887  229.541674900000004
  69.967734002969152  236.540563300000002
  72.045849705111948  242.883998600000012
  74.164711481176042  250.399694000000011
  76.324714924112101  257.912613700000009


# temperature  980.000000000000000
#   -0.000001062882858    0.000317329999200   -0.036494127295303    1.943272877952245   58.587487094675119
  56.528584349906573  195.189417600000013
  58.332554137219944  200.661234000000007
  60.174500847799713  206.206103299999995
  62.054820074596620  212.019227099999995
  63.973907410561303  218.362969499999991
  65.932158448644500  224.309123699999986
  67.929968781796887  230.557288900000003
  69.967734002969152  237.557165800000007
  72.045849705111948  243.901320599999991
  74.164711481176042  251.417813599999988
  76.324714924112101  258.931405400000017


# temperature  990.000000000000000
#   -0.000001043115081    0.000311410633916   -0.035810467064992    1.906646578086484   59.370186526346600
  56.528584349906573  196.187445300000007
  58.332554137219944  201.660791100000012
  60.174500847799713  207.207158899999996
  62.054820074596620  213.021492599999988
  63.973907410561303  219.366397400000011
  65.932158448644500  225.313636099999997
  67.929968781796887  231.562745199999995
  69.967734002969152  238.563580999999999
  72.045849705111948  244.908433800000012
  74.164711481176042  252.425700500000005
  76.324714924112101  259.939944299999979


# temperature 1000.000000000000000
#   -0.000001023884995    0.000305652836915   -0.035145559113664    1.871032038541389   60.131053288381558
  56.528584349906573  197.175734400000010
  58.332554137219944  202.650564500000002
  60.174500847799713  208.198386699999986
  62.054820074596620  214.013894499999992
  63.973907410561303  220.359927400000004
  65.932158448644500  226.308218500000009
  67.929968781796887  232.558243599999997
  69.967734002969152  239.560009900000011
  72.045849705111948  245.905539900000008
  74.164711481176042  253.423557399999993
  76.324714924112101  260.938433799999984


