   0.000000000000000       -12.421975360156839
  10.000000000000000       -12.421975887229896
  20.000000000000000       -12.421984037225107
  30.000000000000000       -12.422022319274232
  40.000000000000000       -12.422137440114128
  50.000000000000000       -12.422400271038718
  60.000000000000000       -12.422890938610534
  70.000000000000000       -12.423683856411476
  80.000000000000000       -12.424840138251508
  90.000000000000000       -12.426405832156112
 100.000000000000000       -12.428413104845754
 110.000000000000000       -12.430882540663333
 120.000000000000000       -12.433825593127546
 130.000000000000000       -12.437246780994434
 140.000000000000000       -12.441145503044574
 150.000000000000000       -12.445517475396493
 160.000000000000000       -12.450355824119887
 170.000000000000000       -12.455651912728484
 180.000000000000000       -12.461395958156716
 190.000000000000000       -12.467577480759605
 200.000000000000000       -12.474185631772290
 210.000000000000000       -12.481209433079817
 220.000000000000000       -12.488637944213785
 230.000000000000000       -12.496460382117039
 240.000000000000000       -12.504666200775763
 250.000000000000000       -12.513245148565540
 260.000000000000000       -12.522187305638875
 270.000000000000000       -12.531483089162577
 280.000000000000000       -12.541123282853817
 290.000000000000000       -12.551099023014853
 300.000000000000000       -12.561401803902744
 310.000000000000000       -12.572023463118960
 320.000000000000000       -12.582956178281728
 330.000000000000000       -12.594192450938506
 340.000000000000000       -12.605725095282651
 350.000000000000000       -12.617547223787613
 360.000000000000000       -12.629652237303226
 370.000000000000000       -12.642033809682635
 380.000000000000000       -12.654685867308775
 390.000000000000000       -12.667602594212557
 400.000000000000000       -12.680778402245291
 410.000000000000000       -12.694207926318938
 420.000000000000000       -12.707886016778957
 430.000000000000000       -12.721807720268778
 440.000000000000000       -12.735968275935306
 450.000000000000000       -12.750363110559508
 460.000000000000000       -12.764987812268057
 470.000000000000000       -12.779838139559216
 480.000000000000000       -12.794910006773678
 490.000000000000000       -12.810199474315976
 500.000000000000000       -12.825702741190497
 510.000000000000000       -12.841416144812369
 520.000000000000000       -12.857336149667857
 530.000000000000000       -12.873459336753479
 540.000000000000000       -12.889782410581516
 550.000000000000000       -12.906302178986968
 560.000000000000000       -12.923015559829221
 570.000000000000000       -12.939919570263964
 580.000000000000000       -12.957011323056985
 590.000000000000000       -12.974288020431732
 600.000000000000000       -12.991746959270859
 610.000000000000000       -13.009385515634538
 620.000000000000000       -13.027201144100841
 630.000000000000000       -13.045191381418082
 640.000000000000000       -13.063353834644902
 650.000000000000000       -13.081686183872867
 660.000000000000000       -13.100186175221467
 670.000000000000000       -13.118851619212057
 680.000000000000000       -13.137680392598538
 690.000000000000000       -13.156670428709633
 700.000000000000000       -13.175819720295607
 710.000000000000000       -13.195126315449654
 720.000000000000000       -13.214588314997384
 730.000000000000000       -13.234203871799599
 740.000000000000000       -13.253971189212693
 750.000000000000000       -13.273888514820646
 760.000000000000000       -13.293954145781113
 770.000000000000000       -13.314166422830201
 780.000000000000000       -13.334523728819875
 790.000000000000000       -13.355024486924648
 800.000000000000000       -13.375667162669217
 810.000000000000000       -13.396450256974150
 820.000000000000000       -13.417372311455230
 830.000000000000000       -13.438431899127480
 840.000000000000000       -13.459627633912701
 850.000000000000000       -13.480958158243041
 860.000000000000000       -13.502422147902358
 870.000000000000000       -13.524018311046664
 880.000000000000000       -13.545745387196741
 890.000000000000000       -13.567602144549921
 900.000000000000000       -13.589587378654226
 910.000000000000000       -13.611699914779486
 920.000000000000000       -13.633938605437701
 930.000000000000000       -13.656302326163045
 940.000000000000000       -13.678789981625995
 950.000000000000000       -13.701400499127699
 960.000000000000000       -13.724132829688706
 970.000000000000000       -13.746985948742404
 980.000000000000000       -13.769958853881958
 990.000000000000000       -13.793050564022124
1000.000000000000000       -13.816260120945943
