# Temperature: 0.000000
# Parameters: -12.421975 0.637632 4.210923 62.220010
  56.528584349906573       -12.226195483101904
  58.332554137219944       -12.335362327085653
  60.174500847799713       -12.399550332532947
  62.054820074596620       -12.421695151136076
  63.973907410561303       -12.406922727005719
  65.932158448644500       -12.358051597278617
  67.929968781796887       -12.278539756736778
  69.967734002969152       -12.172321595235164
  72.045849705111948       -12.039605177268419
  74.164711481176042       -11.886188154184465
  76.324714924112101       -11.712415515932781


# Temperature: 10.000000
# Parameters: -12.421976 0.637631 4.210966 62.220013
  56.528584349906573       -12.226195780556264
  58.332554137219944       -12.335362691907724
  60.174500847799713       -12.399550681808622
  62.054820074596620       -12.421695624782913
  63.973907410561303       -12.406923459759142
  65.932158448644500       -12.358052396363323
  67.929968781796887       -12.278540861567256
  69.967734002969152       -12.172322893877366
  72.045849705111948       -12.039607107094259
  74.164711481176042       -11.886190696538272
  76.324714924112101       -11.712419218047662


# Temperature: 20.000000
# Parameters: -12.421984 0.637620 4.211509 62.220072
  56.528584349906573       -12.226200375034219
  58.332554137219944       -12.335368324884872
  60.174500847799713       -12.399556248454484
  62.054820074596620       -12.421703109853928
  63.973907410561303       -12.406934627252934
  65.932158448644500       -12.358064900847094
  67.929968781796887       -12.278557650637508
  69.967734002969152       -12.172342839902244
  72.045849705111948       -12.039635881398684
  74.164711481176042       -11.886228773805509
  76.324714924112101       -11.712472202234919


# Temperature: 30.000000
# Parameters: -12.422022 0.637566 4.213569 62.220400
  56.528584349906573       -12.226221423816721
  58.332554137219944       -12.335394175430597
  60.174500847799713       -12.399583316801158
  62.054820074596620       -12.421739074884286
  63.973907410561303       -12.406985895118176
  65.932158448644500       -12.358124514017209
  67.929968781796887       -12.278635526676128
  69.967734002969152       -12.172437948601589
  72.045849705111948       -12.039767351043251
  74.164711481176042       -11.886401698430747
  76.324714924112101       -11.712703355364685


# Temperature: 40.000000
# Parameters: -12.422137 0.637409 4.217710 62.221519
  56.528584349906573       -12.226283568976381
  58.332554137219944       -12.335470555906012
  60.174500847799713       -12.399667939975238
  62.054820074596620       -12.421849197255565
  63.973907410561303       -12.407135585137766
  65.932158448644500       -12.358302284972003
  67.929968781796887       -12.278861486273513
  69.967734002969152       -12.172716605296136
  72.045849705111948       -12.040132182442107
  74.164711481176042       -11.886868548383346
  76.324714924112101       -11.713301186805044


# Temperature: 50.000000
# Parameters: -12.422400 0.637097 4.223553 62.224102
  56.528584349906573       -12.226427492319825
  58.332554137219944       -12.335646236388882
  60.174500847799713       -12.399868492617372
  62.054820074596620       -12.422103381851418
  63.973907410561303       -12.407466563743142
  65.932158448644500       -12.358695239799546
  67.929968781796887       -12.279347233387535
  69.967734002969152       -12.173309743798036
  72.045849705111948       -12.040873413830610
  74.164711481176042       -11.887787818124638
  76.324714924112101       -11.714435734733881


# Temperature: 60.000000
# Parameters: -12.422891 0.636610 4.230430 62.228669
  56.528584349906573       -12.226706033971050
  58.332554137219944       -12.335981989810399
  60.174500847799713       -12.400255211267638
  62.054820074596620       -12.422580967108026
  63.973907410561303       -12.408066862914611
  65.932158448644500       -12.359400962185278
  67.929968781796887       -12.280198231653083
  69.967734002969152       -12.174331960731068
  72.045849705111948       -12.042107136359316
  74.164711481176042       -11.889277417733405
  76.324714924112101       -11.716222176173726


# Temperature: 70.000000
# Parameters: -12.423684 0.635955 4.237802 62.235492
  56.528584349906573       -12.227175626307739
  58.332554137219944       -12.336540031807210
  60.174500847799713       -12.400897039006050
  62.054820074596620       -12.423355783892015
  63.973907410561303       -12.409013806275558
  65.932158448644500       -12.360500739046897
  67.929968781796887       -12.281497246968238
  69.967734002969152       -12.175866600319212
  72.045849705111948       -12.043912302913812
  74.164711481176042       -11.891410512690564
  76.324714924112101       -11.718724538434470


# Temperature: 80.000000
# Parameters: -12.424840 0.635150 4.245328 62.244632
  56.528584349906573       -12.227889070069690
  58.332554137219944       -12.337376316964461
  60.174500847799713       -12.401853485360091
  62.054820074596620       -12.424488490091250
  63.973907410561303       -12.410367594649831
  65.932158448644500       -12.362054572214397
  67.929968781796887       -12.283301699424987
  69.967734002969152       -12.177966785630856
  72.045849705111948       -12.046335284244892
  74.164711481176042       -11.894224701434380
  76.324714924112101       -11.721969625574069


# Temperature: 90.000000
# Parameters: -12.426406 0.634220 4.252825 62.256018
  56.528584349906573       -12.228891556554522
  58.332554137219944       -12.338536945525670
  60.174500847799713       -12.403171599939805
  62.054820074596620       -12.426024736140217
  63.973907410561303       -12.412171023117358
  65.932158448644500       -12.364102563095653
  67.929968781796887       -12.285647089734690
  69.967734002969152       -12.180661632991118
  72.045849705111948       -12.049397992478198
  74.164711481176042       -11.897732676041793
  76.324714924112101       -11.725959875267270


# Temperature: 100.000000
# Parameters: -12.428413 0.633186 4.260210 62.269501
  56.528584349906573       -12.230219314044888
  58.332554137219944       -12.340057434785020
  60.174500847799713       -12.404886028404825
  62.054820074596620       -12.427996314416843
  63.973907410561303       -12.414451854430459
  65.932158448644500       -12.366668557787852
  67.929968781796887       -12.288551961637387
  69.967734002969152       -12.183962840544073
  72.045849705111948       -12.053105375513065
  74.164711481176042       -11.901930877424755
  76.324714924112101       -11.730682817232374


# Temperature: 110.000000
# Parameters: -12.430883 0.632069 4.267458 62.284900
  56.528584349906573       -12.231899809911596
  58.332554137219944       -12.341963512989928
  60.174500847799713       -12.407020508027571
  62.054820074596620       -12.430423445598981
  63.973907410561303       -12.417225888908657
  65.932158448644500       -12.369764032639837
  67.929968781796887       -12.292022543018946
  69.967734002969152       -12.187870141928155
  72.045849705111948       -12.057451223082879
  74.164711481176042       -11.906805715961122
  76.324714924112101       -11.736117438961800


# Temperature: 120.000000
# Parameters: -12.433826 0.630884 4.274574 62.302025
  56.528584349906573       -12.233952709307989
  58.332554137219944       -12.344272538208704
  60.174500847799713       -12.409589821356905
  62.054820074596620       -12.433317230849140
  63.973907410561303       -12.420499877833121
  65.932158448644500       -12.373391481293378
  67.929968781796887       -12.296056487410137
  69.967734002969152       -12.192375384613788
  72.045849705111948       -12.062422321788251
  74.164711481176042       -11.912337773167023
  76.324714924112101       -11.742238268205437


# Temperature: 130.000000
# Parameters: -12.437247 0.629645 4.281577 62.320693
  56.528584349906573       -12.236391107480848
  58.332554137219944       -12.346995057115768
  60.174500847799713       -12.412601706351866
  62.054820074596620       -12.436681852147593
  63.973907410561303       -12.424273960084978
  65.932158448644500       -12.377547093845253
  67.929968781796887       -12.300645692029848
  69.967734002969152       -12.197465445370677
  72.045849705111948       -12.068001306305890
  74.164711481176042       -11.918504552372362
  76.324714924112101       -11.749017910142317


# Temperature: 140.000000
# Parameters: -12.441146 0.628363 4.288487 62.340737
  56.528584349906573       -12.239222762081317
  58.332554137219944       -12.350136246660673
  60.174500847799713       -12.416058532283067
  62.054820074596620       -12.440516391220607
  63.973907410561303       -12.428543581606901
  65.932158448644500       -12.382222773732913
  67.929968781796887       -12.305778340581396
  69.967734002969152       -12.203124235752778
  72.045849705111948       -12.074168570558754
  74.164711481176042       -11.925282229244903
  76.324714924112101       -11.756428588546575


# Temperature: 150.000000
# Parameters: -12.445517 0.627044 4.295326 62.362006
  56.528584349906573       -12.242451207323205
  58.332554137219944       -12.353697156743307
  60.174500847799713       -12.419958677143283
  62.054820074596620       -12.444816268100192
  63.973907410561303       -12.433300956764237
  65.932158448644500       -12.387407620860555
  67.929968781796887       -12.311440346994424
  69.967734002969152       -12.209334070181054
  72.045849705111948       -12.080903517646227
  74.164711481176042       -11.932646745220060
  76.324714924112101       -11.764443048514799


# Temperature: 160.000000
# Parameters: -12.450356 0.625697 4.302113 62.384365
  56.528584349906573       -12.246076708531655
  58.332554137219944       -12.357675733166662
  60.174500847799713       -12.424297612785848
  62.054820074596620       -12.449574333517470
  63.973907410561303       -12.438536146228401
  65.932158448644500       -12.393088990826858
  67.929968781796887       -12.317616359722010
  69.967734002969152       -12.216076572816533
  72.045849705111948       -12.088185358928820
  74.164711481176042       -11.940574469777326
  76.324714924112101       -11.773035064314929


# Temperature: 170.000000
# Parameters: -12.455652 0.624326 4.308864 62.407698
  56.528584349906573       -12.250097041535746
  58.332554137219944       -12.362067632267957
  60.174500847799713       -12.429068748575673
  62.054820074596620       -12.454781704262292
  63.973907410561303       -12.444237845697327
  65.932158448644500       -12.399253247370488
  67.929968781796887       -12.324290443709202
  69.967734002969152       -12.223333269359735
  72.045849705111948       -12.095993621877072
  74.164711481176042       -11.949042590136571
  76.324714924112101       -11.782179702638549


# Temperature: 180.000000
# Parameters: -12.461396 0.622934 4.315593 62.431904
  56.528584349906573       -12.254508121779281
  58.332554137219944       -12.366866854175120
  60.174500847799713       -12.434264072937170
  62.054820074596620       -12.460428365346958
  63.973907410561303       -12.450393959039220
  65.932158448644500       -12.405886286801840
  67.929968781796887       -12.331446544712026
  69.967734002969152       -12.231085976746986
  72.045849705111948       -12.104308457890188
  74.164711481176042       -11.958029316470460
  76.324714924112101       -11.791853437644209


# Temperature: 190.000000
# Parameters: -12.467577 0.621526 4.322310 62.456893
  56.528584349906573       -12.259304501805426
  58.332554137219944       -12.372066240291435
  60.174500847799713       -12.439874638401756
  62.054820074596620       -12.466503630179492
  63.973907410561303       -12.456992003535262
  65.932158448644500       -12.412973898679388
  67.929968781796887       -12.339068801261803
  69.967734002969152       -12.239317033237057
  72.045849705111948       -12.113110814342788
  74.164711481176042       -11.967513985547093
  76.324714924112101       -11.802034166503823


# Temperature: 200.000000
# Parameters: -12.474186 0.620102 4.329024 62.482590
  56.528584349906573       -12.264479765098720
  58.332554137219944       -12.377657846409019
  60.174500847799713       -12.445890913992830
  62.054820074596620       -12.472996459782967
  63.973907410561303       -12.464019393860434
  65.932158448644500       -12.420502018697725
  67.929968781796887       -12.347141737440451
  69.967734002969152       -12.248009445583710
  72.045849705111948       -12.122382529936152
  74.164711481176042       -11.977477084567800
  76.324714924112101       -11.812701181419154


# Temperature: 210.000000
# Parameters: -12.481209 0.618666 4.335741 62.508928
  56.528584349906573       -12.270026820430159
  58.332554137219944       -12.383633229798921
  60.174500847799713       -12.452303060915161
  62.054820074596620       -12.479895703246415
  63.973907410561303       -12.471463643150210
  65.932158448644500       -12.428456881042228
  67.929968781796887       -12.355650387251647
  69.967734002969152       -12.257146958476255
  72.045849705111948       -12.132106362681718
  74.164711481176042       -11.987900238730033
  76.324714924112101       -11.823835108472665


# Temperature: 220.000000
# Parameters: -12.488638 0.617219 4.342467 62.535850
  56.528584349906573       -12.275938141271675
  58.332554137219944       -12.389983665824227
  60.174500847799713       -12.459101119111642
  62.054820074596620       -12.487190261480174
  63.973907410561303       -12.479312499808850
  65.932158448644500       -12.436825133432382
  67.929968781796887       -12.364580368207099
  69.967734002969152       -12.266714089778054
  72.045849705111948       -12.142265993010366
  74.164711481176042       -11.998766169770310
  76.324714924112101       -11.835417825749833


# Temperature: 230.000000
# Parameters: -12.496460 0.615762 4.349207 62.563306
  56.528584349906573       -12.282205937842912
  58.332554137219944       -12.396700304440438
  60.174500847799713       -12.466275152362970
  62.054820074596620       -12.494869207441369
  63.973907410561303       -12.487554035605626
  65.932158448644500       -12.445593894125233
  67.929968781796887       -12.373917913455754
  69.967734002969152       -12.276696133635797
  72.045849705111948       -12.152846002007465
  74.164711481176042       -12.010058643106468
  76.324714924112101       -11.847432386643602


# Temperature: 240.000000
# Parameters: -12.504666 0.614296 4.355962 62.591251
  56.528584349906573       -12.288822297028776
  58.332554137219944       -12.403774294566624
  60.174500847799713       -12.473815349857425
  62.054820074596620       -12.502921862829432
  63.973907410561303       -12.496176704751132
  65.932158448644500       -12.454750790263153
  67.929968781796887       -12.383649887330206
  69.967734002969152       -12.287079143896674
  72.045849705111948       -12.163831833065093
  74.164711481176042       -12.021762405652092
  76.324714924112101       -11.859862931758148


# Temperature: 250.000000
# Parameters: -12.513245 0.612822 4.362737 62.619649
  56.528584349906573       -12.295779278767094
  58.332554137219944       -12.411196864926685
  60.174500847799713       -12.481712093558590
  62.054820074596620       -12.511337853016720
  63.973907410561303       -12.505169373953645
  65.932158448644500       -12.464283970310968
  67.929968781796887       -12.393763777055273
  69.967734002969152       -12.297849910270584
  72.045849705111948       -12.175209751461420
  74.164711481176042       -12.033863125703776
  76.324714924112101       -11.872694609104043


# Temperature: 260.000000
# Parameters: -12.522187 0.611340 4.369533 62.648465
  56.528584349906573       -12.303068997926282
  58.332554137219944       -12.418959392453491
  60.174500847799713       -12.489956011063091
  62.054820074596620       -12.520107143323429
  63.973907410561303       -12.514521345220503
  65.932158448644500       -12.474182107165229
  67.929968781796887       -12.404247678238038
  69.967734002969152       -12.308995925164476
  72.045849705111948       -12.186966793575808
  74.164711481176042       -12.046347323500569
  76.324714924112101       -11.885913491184159


# Temperature: 270.000000
# Parameters: -12.531483 0.609851 4.376352 62.677671
  56.528584349906573       -12.310683673017396
  58.332554137219944       -12.427053442709498
  60.174500847799713       -12.498538004620531
  62.054820074596620       -12.529220048345428
  63.973907410561303       -12.524222354821676
  65.932158448644500       -12.484434385717094
  67.929968781796887       -12.415090277248590
  69.967734002969152       -12.320505346371011
  72.045849705111948       -12.199090724395335
  74.164711481176042       -12.059202317329794
  76.324714924112101       -11.899506510735224


# Temperature: 280.000000
# Parameters: -12.541123 0.608357 4.383195 62.707241
  56.528584349906573       -12.318615674906157
  58.332554137219944       -12.435470802015981
  60.174500847799713       -12.507449269789170
  62.054820074596620       -12.538667251646363
  63.973907410561303       -12.534262574326204
  65.932158448644500       -12.495030494560929
  67.929968781796887       -12.426280820127248
  69.967734002969152       -12.332366962866489
  72.045849705111948       -12.211569988802758
  74.164711481176042       -12.072416163414333
  76.324714924112101       -11.913461388177980


# Temperature: 290.000000
# Parameters: -12.551099 0.606856 4.390062 62.737153
  56.528584349906573       -12.326857546505067
  58.332554137219944       -12.444203494035838
  60.174500847799713       -12.516681309945882
  62.054820074596620       -12.548439799539100
  63.973907410561303       -12.544632598165066
  65.932158448644500       -12.505960601120062
  67.929968781796887       -12.437809091856019
  69.967734002969152       -12.344570153353798
  72.045849705111948       -12.224393664937324
  74.164711481176042       -12.085977599945595
  76.324714924112101       -11.927766567358761


# Temperature: 300.000000
# Parameters: -12.561402 0.605349 4.396956 62.767387
  56.528584349906573       -12.335402028684053
  58.332554137219944       -12.453243798429277
  60.174500847799713       -12.526225933176898
  62.054820074596620       -12.558529095903591
  63.973907410561303       -12.555323433266926
  65.932158448644500       -12.517215336100397
  67.929968781796887       -12.449665380083694
  69.967734002969152       -12.357104853096768
  72.045849705111948       -12.237551423774148
  74.164711481176042       -12.099875998371482
  76.324714924112101       -11.942411164764589


# Temperature: 310.000000
# Parameters: -12.572023 0.603837 4.403876 62.797924
  56.528584349906573       -12.344242072707585
  58.332554137219944       -12.462584246708106
  60.174500847799713       -12.536075257459910
  62.054820074596620       -12.568926898041168
  63.973907410561303       -12.566326482475311
  65.932158448644500       -12.528785768616178
  67.929968781796887       -12.461840453360876
  69.967734002969152       -12.369961515572397
  72.045849705111948       -12.251033484557878
  74.164711481176042       -12.114101318830057
  76.324714924112101       -11.957384913556160


# Temperature: 320.000000
# Parameters: -12.582956 0.602320 4.410823 62.828751
  56.528584349906573       -12.353370841271117
  58.332554137219944       -12.472217632599996
  60.174500847799713       -12.546221701336259
  62.054820074596620       -12.579625306310280
  63.973907410561303       -12.577633530038636
  65.932158448644500       -12.540663382352186
  67.929968781796887       -12.474325529010775
  69.967734002969152       -12.383131082414492
  72.045849705111948       -12.264830584746329
  74.164711481176042       -12.128644063510359
  76.324714924112101       -11.972678117965078


# Temperature: 330.000000
# Parameters: -12.594192 0.600797 4.417798 62.859852
  56.528584349906573       -12.362781719901752
  58.332554137219944       -12.482137005829925
  60.174500847799713       -12.556657976655933
  62.054820074596620       -12.590616747543677
  63.973907410561303       -12.589236720881686
  65.932158448644500       -12.552840061053766
  67.929968781796887       -12.487112251364255
  69.967734002969152       -12.396604949211593
  72.045849705111948       -12.278933936480582
  74.164711481176042       -12.143495239341050
  76.324714924112101       -11.988281608727529


# Temperature: 340.000000
# Parameters: -12.605725 0.599270 4.424801 62.891216
  56.528584349906573       -12.372468310739711
  58.332554137219944       -12.492335665901614
  60.174500847799713       -12.567377085468298
  62.054820074596620       -12.601893963647713
  63.973907410561303       -12.601128547132069
  65.932158448644500       -12.565308057434040
  67.929968781796887       -12.500192662739893
  69.967734002969152       -12.410374938559892
  72.045849705111948       -12.293335197565039
  74.164711481176042       -12.158646323788352
  76.324714924112101       -12.004186704736510


# Temperature: 350.000000
# Parameters: -12.617547 0.597738 4.431831 62.922832
  56.528584349906573       -12.382424433574737
  58.332554137219944       -12.502807163133964
  60.174500847799713       -12.578372302402844
  62.054820074596620       -12.613450000201658
  63.973907410561303       -12.613301827391686
  65.932158448644500       -12.578059976591085
  67.929968781796887       -12.513559177533317
  69.967734002969152       -12.424433270006869
  72.045849705111948       -12.308026444520346
  74.164711481176042       -12.174089226508270
  76.324714924112101       -12.020385177803318


# Temperature: 360.000000
# Parameters: -12.629652 0.596202 4.438890 62.954689
  56.528584349906573       -12.392644120663974
  58.332554137219944       -12.513545282078221
  60.174500847799713       -12.589637169487061
  62.054820074596620       -12.625278191947732
  63.973907410561303       -12.625749692226769
  65.932158448644500       -12.591088760461542
  67.929968781796887       -12.527204565634394
  69.967734002969152       -12.438772535177058
  72.045849705111948       -12.323000138381319
  74.164711481176042       -12.189816263435933
  76.324714924112101       -12.036869217419071


# Temperature: 370.000000
# Parameters: -12.642034 0.594661 4.445977 62.986780
  56.528584349906573       -12.403121613622689
  58.332554137219944       -12.524544041517993
  60.174500847799713       -12.601165481636462
  62.054820074596620       -12.637372145171854
  63.973907410561303       -12.638465567585053
  65.932158448644500       -12.604387659837093
  67.929968781796887       -12.541121926516563
  69.967734002969152       -12.453385676007098
  72.045849705111948       -12.338249101895569
  74.164711481176042       -12.205820127765659
  76.324714924112101       -12.053631405880465


# Temperature: 380.000000
# Parameters: -12.654686 0.593115 4.453093 63.019096
  56.528584349906573       -12.413851356169284
  58.332554137219944       -12.535797683068541
  60.174500847799713       -12.612951278363175
  62.054820074596620       -12.649725731485089
  63.973907410561303       -12.651443157176537
  65.932158448644500       -12.617950224000209
  67.929968781796887       -12.555304669544743
  69.967734002969152       -12.468265957798643
  72.045849705111948       -12.353766496722113
  74.164711481176042       -12.222093861967435
  76.324714924112101       -12.070664684087713


# Temperature: 390.000000
# Parameters: -12.667603 0.591566 4.460237 63.051631
  56.528584349906573       -12.424827985833883
  58.332554137219944       -12.547300661848958
  60.174500847799713       -12.624988831338829
  62.054820074596620       -12.662333069167966
  63.973907410561303       -12.664676428999931
  65.932158448644500       -12.631770281032050
  67.929968781796887       -12.569746496356073
  69.967734002969152       -12.483406954708396
  72.045849705111948       -12.369545802702861
  74.164711481176042       -12.238630837058407
  76.324714924112101       -12.087962333925290


# Temperature: 400.000000
# Parameters: -12.680778 0.590012 4.467411 63.084378
  56.528584349906573       -12.436046333958339
  58.332554137219944       -12.559047638190750
  60.174500847799713       -12.637272636103143
  62.054820074596620       -12.675188511769797
  63.973907410561303       -12.678159600832695
  65.932158448644500       -12.645841919156782
  67.929968781796887       -12.584441385313532
  69.967734002969152       -12.498802526946731
  72.045849705111948       -12.385580791951945
  74.164711481176042       -12.255424731874339
  76.324714924112101       -12.105517950278427


# Temperature: 410.000000
# Parameters: -12.694208 0.588453 4.474613 63.117332
  56.528584349906573       -12.447501408076981
  58.332554137219944       -12.571033470382853
  60.174500847799713       -12.649797396517529
  62.054820074596620       -12.688286637744405
  63.973907410561303       -12.691887129866775
  65.932158448644500       -12.660159479486598
  67.929968781796887       -12.599383570777402
  69.967734002969152       -12.514446803158442
  72.045849705111948       -12.401865515382186
  74.164711481176042       -12.272469509231808
  76.324714924112101       -12.123325422377436


# Temperature: 420.000000
# Parameters: -12.707886 0.586891 4.481845 63.150488
  56.528584349906573       -12.459188398135176
  58.332554137219944       -12.583253204307370
  60.174500847799713       -12.662558021655817
  62.054820074596620       -12.701622239049440
  63.973907410561303       -12.705853691980067
  65.932158448644500       -12.674717532183914
  67.929968781796887       -12.614567531704575
  69.967734002969152       -12.530334165912777
  72.045849705111948       -12.418394286122266
  74.164711481176042       -12.289759402454671
  76.324714924112101       -12.141378914105603


# Temperature: 430.000000
# Parameters: -12.721808 0.585324 4.489106 63.183841
  56.528584349906573       -12.471102655760793
  58.332554137219944       -12.595702066184590
  60.174500847799713       -12.675549609221422
  62.054820074596620       -12.715190309745692
  63.973907410561303       -12.720054178627155
  65.932158448644500       -12.689510872315658
  67.929968781796887       -12.629987976102173
  69.967734002969152       -12.546459235120613
  72.045849705111948       -12.435161656715351
  74.164711481176042       -12.307288891536251
  76.324714924112101       -12.159672847416381


# Temperature: 440.000000
# Parameters: -12.735968 0.583754 4.496395 63.217387
  56.528584349906573       -12.483239699446349
  58.332554137219944       -12.608375456354423
  60.174500847799713       -12.688767442438085
  62.054820074596620       -12.728986033559968
  63.973907410561303       -12.734483680256474
  65.932158448644500       -12.704534502234029
  67.929968781796887       -12.645639827553989
  69.967734002969152       -12.562816854560920
  72.045849705111948       -12.452162413936961
  74.164711481176042       -12.325052697957206
  76.324714924112101       -12.178201884714124


# Temperature: 450.000000
# Parameters: -12.750363 0.582179 4.503716 63.251123
  56.528584349906573       -12.495595199002604
  58.332554137219944       -12.621268936839288
  60.174500847799713       -12.702206976576308
  62.054820074596620       -12.743004777666533
  63.973907410561303       -12.749137478018906
  65.932158448644500       -12.719783620175804
  67.929968781796887       -12.661518214856235
  69.967734002969152       -12.579402077370784
  72.045849705111948       -12.469391557030015
  74.164711481176042       -12.343045759811304
  76.324714924112101       -12.196960914344135


# Temperature: 460.000000
# Parameters: -12.764988 0.580600 4.511065 63.285046
  56.528584349906573       -12.508164975558561
  58.332554137219944       -12.634378228234837
  60.174500847799713       -12.715863834807669
  62.054820074596620       -12.757242082322856
  63.973907410561303       -12.764011032367089
  65.932158448644500       -12.735253614043774
  67.929968781796887       -12.677618457507569
  69.967734002969152       -12.596210158790431
  72.045849705111948       -12.486844290449845
  74.164711481176042       -12.361263227659705
  76.324714924112101       -12.215945039191967


# Temperature: 470.000000
# Parameters: -12.779838 0.579017 4.518444 63.319153
  56.528584349906573       -12.520944990160782
  58.332554137219944       -12.647699200382110
  60.174500847799713       -12.729733794731263
  62.054820074596620       -12.771693652578193
  63.973907410561303       -12.779099973727584
  65.932158448644500       -12.750940044823935
  67.929968781796887       -12.693936059490534
  69.967734002969152       -12.613236537507547
  72.045849705111948       -12.504516008317806
  74.164711481176042       -12.379700443802449
  76.324714924112101       -12.235149559064174


# Temperature: 480.000000
# Parameters: -12.794910 0.577430 4.525853 63.353441
  56.528584349906573       -12.533931340664100
  58.332554137219944       -12.661227866148987
  60.174500847799713       -12.743812785264439
  62.054820074596620       -12.786355346872895
  63.973907410561303       -12.794400095245882
  65.932158448644500       -12.766838643476200
  67.929968781796887       -12.710466692688742
  69.967734002969152       -12.630476831511572
  72.045849705111948       -12.522402287166287
  74.164711481176042       -12.398352938132739
  76.324714924112101       -12.254569963433335


# Temperature: 490.000000
# Parameters: -12.810199 0.575839 4.533291 63.387908
  56.528584349906573       -12.547120254476649
  58.332554137219944       -12.674960376248047
  60.174500847799713       -12.758096880424224
  62.054820074596620       -12.801223174965561
  63.973907410561303       -12.809907344495004
  65.932158448644500       -12.782945297460861
  67.929968781796887       -12.727206195850448
  69.967734002969152       -12.647926825656590
  72.045849705111948       -12.540498872465168
  74.164711481176042       -12.417216412590548
  76.324714924112101       -12.274201920037354


# Temperature: 500.000000
# Parameters: -12.825703 0.574244 4.540760 63.422552
  56.528584349906573       -12.560508086486996
  58.332554137219944       -12.688893009908735
  60.174500847799713       -12.772582287926648
  62.054820074596620       -12.816293284459491
  63.973907410561303       -12.825617811038372
  65.932158448644500       -12.799256046592879
  67.929968781796887       -12.744150559042149
  69.967734002969152       -12.665582462333489
  72.045849705111948       -12.558801671366840
  74.164711481176042       -12.436286737016921
  76.324714924112101       -12.294041262442356


# Temperature: 510.000000
# Parameters: -12.841416 0.572645 4.548259 63.457372
  56.528584349906573       -12.574091305590606
  58.332554137219944       -12.703022171768085
  60.174500847799713       -12.787265346077456
  62.054820074596620       -12.831561960802691
  63.973907410561303       -12.841527727466250
  65.932158448644500       -12.815767069568345
  67.929968781796887       -12.761295920539308
  69.967734002969152       -12.683439834214973
  72.045849705111948       -12.577306743378367
  74.164711481176042       -12.455559933607573
  76.324714924112101       -12.314083982787686


# Temperature: 520.000000
# Parameters: -12.857336 0.571042 4.555788 63.492366
  56.528584349906573       -12.587866499871975
  58.332554137219944       -12.717344386688586
  60.174500847799713       -12.802142516517135
  62.054820074596620       -12.847025613814324
  63.973907410561303       -12.857633455922192
  65.932158448644500       -12.832474683964479
  67.929968781796887       -12.778638555425664
  69.967734002969152       -12.701495174927727
  72.045849705111948       -12.596010293106499
  74.164711481176042       -12.475032170694329
  76.324714924112101       -12.334326221421666


# Temperature: 530.000000
# Parameters: -12.873459 0.569435 4.563347 63.527533
  56.528584349906573       -12.601830364167512
  58.332554137219944       -12.731856290430343
  60.174500847799713       -12.817210380075190
  62.054820074596620       -12.862680777684718
  63.973907410561303       -12.873931481884481
  65.932158448644500       -12.849375333802517
  67.929968781796887       -12.796174870411107
  69.967734002969152       -12.719744853870292
  72.045849705111948       -12.614908660929835
  74.164711481176042       -12.494699759635854
  76.324714924112101       -12.354764262755870


# Temperature: 540.000000
# Parameters: -12.889782 0.567824 4.570938 63.562871
  56.528584349906573       -12.615979696956254
  58.332554137219944       -12.746554628614657
  60.174500847799713       -12.832465628478753
  62.054820074596620       -12.878524099574665
  63.973907410561303       -12.890418414166144
  65.932158448644500       -12.866465586438423
  67.929968781796887       -12.813901397613106
  69.967734002969152       -12.738185365848791
  72.045849705111948       -12.633998315743840
  74.164711481176042       -12.514559141344103
  76.324714924112101       -12.375394522828021


# Temperature: 550.000000
# Parameters: -12.906302 0.566209 4.578558 63.598380
  56.528584349906573       -12.630311398287027
  58.332554137219944       -12.761436252578310
  60.174500847799713       -12.847905062279718
  62.054820074596620       -12.894552340651863
  63.973907410561303       -12.907090970404965
  65.932158448644500       -12.883742125307919
  67.929968781796887       -12.831814788338166
  69.967734002969152       -12.756813330040510
  72.045849705111948       -12.653275851851568
  74.164711481176042       -12.534606881102189
  76.324714924112101       -12.396213544119858


# Temperature: 560.000000
# Parameters: -12.923016 0.564591 4.586210 63.634059
  56.528584349906573       -12.644822465632730
  58.332554137219944       -12.776498109009310
  60.174500847799713       -12.863525582563332
  62.054820074596620       -12.910762363653783
  63.973907410561303       -12.923945979136350
  65.932158448644500       -12.901201741635061
  67.929968781796887       -12.849911804790404
  69.967734002969152       -12.775625478593202
  72.045849705111948       -12.672737979635823
  74.164711481176042       -12.554839664418685
  76.324714924112101       -12.417217990374997


# Temperature: 570.000000
# Parameters: -12.939920 0.562968 4.593893 63.669907
  56.528584349906573       -12.659509983526073
  58.332554137219944       -12.791737243056168
  60.174500847799713       -12.879324190948202
  62.054820074596620       -12.927151133924109
  63.973907410561303       -12.940980371501912
  65.932158448644500       -12.918841336505098
  67.929968781796887       -12.868189319035132
  69.967734002969152       -12.794618653515817
  72.045849705111948       -12.692381519340598
  74.164711481176042       -12.575254288736206
  76.324714924112101       -12.438404640380377


# Temperature: 580.000000
# Parameters: -12.957011 0.561341 4.601607 63.705924
  56.528584349906573       -12.674371129778137
  58.332554137219944       -12.807150787963632
  60.174500847799713       -12.895297982331298
  62.054820074596620       -12.943715714230597
  63.973907410561303       -12.958191177103764
  65.932158448644500       -12.936657908427355
  67.929968781796887       -12.886644302634590
  69.967734002969152       -12.813789799423512
  72.045849705111948       -12.712203397961801
  74.164711481176042       -12.595847658249278
  76.324714924112101       -12.459770380711282


# Temperature: 590.000000
# Parameters: -12.974288 0.559710 4.609352 63.742109
  56.528584349906573       -12.689403162004831
  58.332554137219944       -12.822735966109116
  60.174500847799713       -12.911444138669411
  62.054820074596620       -12.960453255437244
  63.973907410561303       -12.975575518822394
  65.932158448644500       -12.954648552298805
  67.929968781796887       -12.905273827684374
  69.967734002969152       -12.833135964574073
  72.045849705111948       -12.732200641992268
  74.164711481176042       -12.616616780795066
  76.324714924112101       -12.481312199512770


# Temperature: 600.000000
# Parameters: -12.991747 0.558075 4.617129 63.778463
  56.528584349906573       -12.704603422809026
  58.332554137219944       -12.838490081747716
  60.174500847799713       -12.927759931051989
  62.054820074596620       -12.977360999613566
  63.973907410561303       -12.993130608670953
  65.932158448644500       -12.972810455258367
  67.929968781796887       -12.924075056449167
  69.967734002969152       -12.852654287394380
  72.045849705111948       -12.752370376385336
  74.164711481176042       -12.637558760598379
  76.324714924112101       -12.503027185463258


# Temperature: 610.000000
# Parameters: -13.009386 0.556437 4.624938 63.814985
  56.528584349906573       -12.719969328379857
  58.332554137219944       -12.854410519975779
  60.174500847799713       -12.944242710373315
  62.054820074596620       -12.994436269670329
  63.973907410561303       -13.010853745722400
  65.932158448644500       -12.991140889431920
  67.929968781796887       -12.943045241362752
  69.967734002969152       -12.872341999589686
  72.045849705111948       -12.772709813154158
  74.164711481176042       -12.658670793089545
  76.324714924112101       -12.524912519483109


# Temperature: 620.000000
# Parameters: -13.027201 0.554794 4.632778 63.851674
  56.528584349906573       -12.735498373674869
  58.332554137219944       -12.870494741548777
  60.174500847799713       -12.960889906296067
  62.054820074596620       -13.011676471432411
  63.973907410561303       -13.028742308854529
  65.932158448644500       -13.009637215041581
  67.929968781796887       -12.962181720882286
  69.967734002969152       -12.892196415779349
  72.045849705111948       -12.793216256553826
  74.164711481176042       -12.679950164904415
  76.324714924112101       -12.546965474734625


# Temperature: 630.000000
# Parameters: -13.045191 0.553147 4.640650 63.888532
  56.528584349906573       -12.751188119982887
  58.332554137219944       -12.886740279772026
  60.174500847799713       -12.977699024142053
  62.054820074596620       -13.029079086383808
  63.973907410561303       -13.046793757786386
  65.932158448644500       -13.028296865895733
  67.929968781796887       -12.981481911196914
  69.967734002969152       -12.912214936606111
  72.045849705111948       -12.813887088571411
  74.164711481176042       -12.701394243520086
  76.324714924112101       -12.569183404184937


# Temperature: 640.000000
# Parameters: -13.063354 0.551497 4.648555 63.925558
  56.528584349906573       -12.767036202179005
  58.332554137219944       -12.903144741537110
  60.174500847799713       -12.994667640746492
  62.054820074596620       -13.046641668558365
  63.973907410561303       -13.065005624786856
  65.932158448644500       -13.047117355607597
  67.929968781796887       -13.000943309337027
  69.967734002969152       -12.932395037335413
  72.045849705111948       -12.834719775144515
  74.164711481176042       -12.723000478291342
  76.324714924112101       -12.591563745788141


# Temperature: 650.000000
# Parameters: -13.081686 0.549842 4.656492 63.962753
  56.528584349906573       -12.783040317323904
  58.332554137219944       -12.919705797994050
  60.174500847799713       -13.011793403421596
  62.054820074596620       -13.064361843503338
  63.973907410561303       -13.083375514674675
  65.932158448644500       -13.066096272413079
  67.929968781796887       -13.020563483846436
  69.967734002969152       -12.952734273037525
  72.045849705111948       -12.855711854760587
  74.164711481176042       -12.744766396304939
  76.324714924112101       -12.614104014193876


# Temperature: 660.000000
# Parameters: -13.100186 0.548183 4.664462 64.000116
  56.528584349906573       -12.799198227773116
  58.332554137219944       -12.936421185587719
  60.174500847799713       -13.029074025810864
  62.054820074596620       -13.082237304133701
  63.973907410561303       -13.101901102745565
  65.932158448644500       -13.085231269842950
  67.929968781796887       -13.040340074782367
  69.967734002969152       -12.973230266150425
  72.045849705111948       -12.876860941566195
  74.164711481176042       -12.766689597197479
  76.324714924112101       -12.636801798674478


# Temperature: 670.000000
# Parameters: -13.118852 0.546520 4.672465 64.037649
  56.528584349906573       -12.815507757031334
  58.332554137219944       -12.953288705021432
  60.174500847799713       -13.046507281670522
  62.054820074596620       -13.100265808659282
  63.973907410561303       -13.120580127517258
  65.932158448644500       -13.104520071904975
  67.929968781796887       -13.060270790606189
  69.967734002969152       -12.993880709589085
  72.045849705111948       -12.898164717075622
  74.164711481176042       -12.788767750046127
  76.324714924112101       -12.659654757942851


# Temperature: 680.000000
# Parameters: -13.137680 0.544854 4.680500 64.075352
  56.528584349906573       -12.831966784570268
  58.332554137219944       -12.970306214001946
  60.174500847799713       -13.064091011088081
  62.054820074596620       -13.118445177475495
  63.973907410561303       -13.139410392802342
  65.932158448644500       -13.123960464792493
  67.929968781796887       -13.080353404037702
  69.967734002969152       -13.014683363636191
  72.045849705111948       -12.919620930170860
  74.164711481176042       -12.810998593368613
  76.324714924112101       -12.682660620152463


# Temperature: 690.000000
# Parameters: -13.156670 0.543183 4.688569 64.113224
  56.528584349906573       -12.848573247901507
  58.332554137219944       -12.987471631385173
  60.174500847799713       -13.081823110118075
  62.054820074596620       -13.136773289017624
  63.973907410561303       -13.158389761489707
  65.932158448644500       -13.143550298957278
  67.929968781796887       -13.100585752055135
  69.967734002969152       -13.035636050760003
  72.045849705111948       -12.941227392955909
  74.164711481176042       -12.833379927868249
  76.324714924112101       -12.705817177715211


# Temperature: 700.000000
# Parameters: -13.175820 0.541508 4.696672 64.151268
  56.528584349906573       -12.865325140503659
  58.332554137219944       -13.004782926811918
  60.174500847799713       -13.099701529745634
  62.054820074596620       -13.155248081833683
  63.973907410561303       -13.177516155544547
  65.932158448644500       -13.163287480818131
  67.929968781796887       -13.120965728640172
  69.967734002969152       -13.056736652505087
  72.045849705111948       -12.962981979720352
  74.164711481176042       -12.855909617470349
  76.324714924112101       -12.729122285228577


# Temperature: 710.000000
# Parameters: -13.195126 0.539829 4.704808 64.189483
  56.528584349906573       -12.882220504567371
  58.332554137219944       -13.022238126926434
  60.174500847799713       -13.117724278995759
  62.054820074596620       -13.173867547329429
  63.973907410561303       -13.196787553935501
  65.932158448644500       -13.183169975870145
  67.929968781796887       -13.141491287887222
  69.967734002969152       -13.077983110528736
  72.045849705111948       -12.984882622793643
  74.164711481176042       -12.878585585176534
  76.324714924112101       -12.752573857402769


# Temperature: 720.000000
# Parameters: -13.214588 0.538146 4.712978 64.227870
  56.528584349906573       -12.899257435141035
  58.332554137219944       -13.039835308121434
  60.174500847799713       -13.135889416641923
  62.054820074596620       -13.192629730804788
  63.973907410561303       -13.216201987452527
  65.932158448644500       -13.203195801429738
  67.929968781796887       -13.162160436748433
  69.967734002969152       -13.099373421418838
  72.045849705111948       -13.006927309435833
  74.164711481176042       -12.901405808919019
  76.324714924112101       -12.776169865951442


# Temperature: 730.000000
# Parameters: -13.234204 0.536459 4.721182 64.266430
  56.528584349906573       -12.916434072875798
  58.332554137219944       -13.057572596538103
  60.174500847799713       -13.154195051206058
  62.054820074596620       -13.211532728344574
  63.973907410561303       -13.235757540779753
  65.932158448644500       -13.223363030780348
  67.929968781796887       -13.182971237106555
  69.967734002969152       -13.120905634621025
  72.045849705111948       -13.029114082873996
  74.164711481176042       -12.924368323633464
  76.324714924112101       -12.799908336482421


# Temperature: 740.000000
# Parameters: -13.253971 0.534768 4.729421 64.305164
  56.528584349906573       -12.933748609207703
  58.332554137219944       -13.075448164956805
  60.174500847799713       -13.172639341994985
  62.054820074596620       -13.230574684745648
  63.973907410561303       -13.255452345240490
  65.932158448644500       -13.243669785917447
  67.929968781796887       -13.203921800592800
  69.967734002969152       -13.142577853475098
  72.045849705111948       -13.051441038156522
  74.164711481176042       -12.947471215040425
  76.324714924112101       -12.823787349534131


# Temperature: 750.000000
# Parameters: -13.273889 0.533072 4.737694 64.344074
  56.528584349906573       -12.951199277029842
  58.332554137219944       -13.093460231760664
  60.174500847799713       -13.191220492881863
  62.054820074596620       -13.249753794553323
  63.973907410561303       -13.275284582942945
  65.932158448644500       -13.264114235475700
  67.929968781796887       -13.225010287550418
  69.967734002969152       -13.164388228996469
  72.045849705111948       -13.073906319043839
  74.164711481176042       -12.970712620681770
  76.324714924112101       -12.847805034357028


# Temperature: 760.000000
# Parameters: -13.293954 0.531373 4.746002 64.383158
  56.528584349906573       -12.968784353801640
  58.332554137219944       -13.111607061971991
  60.174500847799713       -13.209936752306179
  62.054820074596620       -13.269068293769974
  63.973907410561303       -13.295252480561647
  65.932158448644500       -13.284694596801804
  67.929968781796887       -13.246234905998270
  69.967734002969152       -13.186334959876163
  72.045849705111948       -13.096508118008416
  74.164711481176042       -12.994090724738557
  76.324714924112101       -12.871959569950040


# Temperature: 770.000000
# Parameters: -13.314166 0.529670 4.754345 64.422420
  56.528584349906573       -12.986502158439579
  58.332554137219944       -13.129886959997298
  60.174500847799713       -13.228786414310180
  62.054820074596620       -13.288516465037160
  63.973907410561303       -13.315354309337467
  65.932158448644500       -13.305409132845215
  67.929968781796887       -13.267593910594403
  69.967734002969152       -13.208416290407964
  72.045849705111948       -13.119244674161902
  74.164711481176042       -13.017603758031026
  76.324714924112101       -12.896249181951271


# Temperature: 780.000000
# Parameters: -13.334524 0.527962 4.762724 64.461860
  56.528584349906573       -13.004351050280764
  58.332554137219944       -13.148298273772999
  60.174500847799713       -13.247767812320316
  62.054820074596620       -13.308096632453491
  63.973907410561303       -13.335588385077607
  65.932158448644500       -13.326256148012444
  67.929968781796887       -13.289085596417490
  69.967734002969152       -13.230630510488412
  72.045849705111948       -13.142114269109427
  74.164711481176042       -13.041249999055028
  76.324714924112101       -12.920672142638020


# Temperature: 790.000000
# Parameters: -13.355024 0.526250 4.771138 64.501478
  56.528584349906573       -13.022329429082928
  58.332554137219944       -13.166839388546862
  60.174500847799713       -13.266879321220086
  62.054820074596620       -13.327807160538203
  63.973907410561303       -13.355953060900614
  65.932158448644500       -13.347233989203483
  67.929968781796887       -13.310708304148964
  69.967734002969152       -13.252975950434680
  72.045849705111948       -13.165115229022460
  74.164711481176042       -13.065027765690619
  76.324714924112101       -12.945226763671780


# Temperature: 800.000000
# Parameters: -13.375667 0.524534 4.779588 64.541276
  56.528584349906573       -13.040435730878729
  58.332554137219944       -13.185508729987276
  60.174500847799713       -13.286119354240771
  62.054820074596620       -13.347646453194740
  63.973907410561303       -13.376446734491370
  65.932158448644500       -13.368341042702522
  67.929968781796887       -13.332460413854458
  69.967734002969152       -13.275450984093839
  72.045849705111948       -13.188245922565940
  74.164711481176042       -13.088935419347756
  76.324714924112101       -12.969911402316805


# Temperature: 810.000000
# Parameters: -13.396450 0.522814 4.788074 64.581256
  56.528584349906573       -13.058668427975745
  58.332554137219944       -13.204304759001133
  60.174500847799713       -13.305486361924991
  62.054820074596620       -13.367612953710738
  63.973907410561303       -13.397067837736826
  65.932158448644500       -13.389575734177953
  67.929968781796887       -13.354340342910955
  69.967734002969152       -13.298054021587889
  72.045849705111948       -13.211504753643309
  74.164711481176042       -13.112971360820600
  76.324714924112101       -12.994724454185125


# Temperature: 820.000000
# Parameters: -13.417372 0.521090 4.796598 64.621419
  56.528584349906573       -13.077026027920045
  58.332554137219944       -13.223225973806665
  60.174500847799713       -13.324978831090295
  62.054820074596620       -13.387705139575910
  63.973907410561303       -13.417814841908131
  65.932158448644500       -13.410936528682372
  67.929968781796887       -13.376346549116063
  69.967734002969152       -13.320783513459455
  72.045849705111948       -13.234890169687912
  74.164711481176042       -13.137134030287511
  76.324714924112101       -13.019664355309393


# Temperature: 830.000000
# Parameters: -13.438432 0.519361 4.805156 64.661765
  56.528584349906573       -13.095507073496202
  58.332554137219944       -13.242270905787754
  60.174500847799713       -13.344595284829149
  62.054820074596620       -13.407921524554885
  63.973907410561303       -13.438686253514932
  65.932158448644500       -13.432421923397586
  67.929968781796887       -13.398477524469460
  69.967734002969152       -13.343637946526082
  72.045849705111948       -13.258400651298736
  74.164711481176042       -13.161421904201775
  76.324714924112101       -13.044729577997190


# Temperature: 840.000000
# Parameters: -13.459628 0.517629 4.813752 64.702296
  56.528584349906573       -13.114110138581573
  58.332554137219944       -13.261438119493921
  60.174500847799713       -13.364334279399666
  62.054820074596620       -13.428260658687215
  63.973907410561303       -13.459680613268947
  65.932158448644500       -13.454030453853182
  67.929968781796887       -13.420731798282171
  69.967734002969152       -13.366615842843810
  72.045849705111948       -13.282034716386118
  74.164711481176042       -13.185833494255167
  76.324714924112101       -13.069918629794588


# Temperature: 850.000000
# Parameters: -13.480958 0.515892 4.822387 64.743014
  56.528584349906573       -13.132833830219159
  58.332554137219944       -13.280726213676756
  60.174500847799713       -13.384194401116320
  62.054820074596620       -13.448721122068818
  63.973907410561303       -13.480796496083961
  65.932158448644500       -13.475760686671531
  67.929968781796887       -13.443107930958016
  69.967734002969152       -13.389715758670754
  72.045849705111948       -13.305790917062465
  74.164711481176042       -13.210367350487243
  76.324714924112101       -13.095230054522579


# Temperature: 860.000000
# Parameters: -13.502422 0.514151 4.831058 64.783920
  56.528584349906573       -13.151676784471901
  58.332554137219944       -13.300133816107788
  60.174500847799713       -13.404174271532080
  62.054820074596620       -13.469301527961253
  63.973907410561303       -13.502032507966549
  65.932158448644500       -13.497611222677078
  67.929968781796887       -13.465604519175729
  69.967734002969152       -13.412936283430666
  72.045849705111948       -13.329667839642250
  74.164711481176042       -13.235022050921065
  76.324714924112101       -13.120662430204231


# Temperature: 870.000000
# Parameters: -13.524018 0.512405 4.839767 64.825015
  56.528584349906573       -13.170637669531953
  58.332554137219944       -13.319659585651335
  60.174500847799713       -13.424272541219855
  62.054820074596620       -13.490000519682445
  63.973907410561303       -13.523387286016074
  65.932158448644500       -13.519580692750631
  67.929968781796887       -13.488220188633989
  69.967734002969152       -13.436276038676516
  72.045849705111948       -13.353664099459886
  74.164711481176042       -13.259796210891047
  76.324714924112101       -13.146214366991822


# Temperature: 880.000000
# Parameters: -13.545745 0.510656 4.848514 64.866302
  56.528584349906573       -13.189715181574980
  58.332554137219944       -13.339302211228080
  60.174500847799713       -13.444487890808917
  62.054820074596620       -13.510816772679533
  63.973907410561303       -13.544859499461120
  65.932158448644500       -13.541667760938640
  67.929968781796887       -13.510953596124260
  69.967734002969152       -13.459733676017638
  72.045849705111948       -13.377778348124707
  74.164711481176042       -13.284688473715111
  76.324714924112101       -13.171884504057573


# Temperature: 890.000000
# Parameters: -13.567602 0.508902 4.857300 64.907780
  56.528584349906573       -13.208908044760163
  58.332554137219944       -13.359060407669364
  60.174500847799713       -13.464819027875624
  62.054820074596620       -13.531748989346740
  63.973907410561303       -13.566447844477354
  65.932158448644500       -13.563871118234639
  67.929968781796887       -13.533803430567223
  69.967734002969152       -13.483307878156156
  72.045849705111948       -13.402009261083853
  74.164711481176042       -13.309697514840396
  76.324714924112101       -13.197671513739341


# Temperature: 900.000000
# Parameters: -13.589587 0.507143 4.866125 64.949453
  56.528584349906573       -13.228215008120911
  58.332554137219944       -13.378932918826463
  60.174500847799713       -13.485264690052691
  62.054820074596620       -13.552795900061804
  63.973907410561303       -13.588151046260379
  65.932158448644500       -13.586189483615675
  67.929968781796887       -13.556768404721369
  69.967734002969152       -13.506997355777706
  72.045849705111948       -13.426355549022960
  74.164711481176042       -13.334822038733980
  76.324714924112101       -13.223574096358501


# Temperature: 910.000000
# Parameters: -13.611700 0.505381 4.874987 64.991321
  56.528584349906573       -13.247634850746996
  58.332554137219944       -13.398918516534168
  60.174500847799713       -13.505823640883502
  62.054820074596620       -13.573956262149544
  63.973907410561303       -13.609967857989309
  65.932158448644500       -13.608621606115157
  67.929968781796887       -13.579847264510828
  69.967734002969152       -13.530800847551435
  72.045849705111948       -13.450815945429042
  74.164711481176042       -13.360060775773601
  76.324714924112101       -13.249590982292787


# Temperature: 920.000000
# Parameters: -13.633939 0.503614 4.883891 65.033387
  56.528584349906573       -13.267166374529573
  58.332554137219944       -13.419015995428648
  60.174500847799713       -13.526494669822091
  62.054820074596620       -13.595228861954720
  63.973907410561303       -13.631897057717495
  65.932158448644500       -13.631166260677155
  67.929968781796887       -13.603038778661109
  69.967734002969152       -13.554717121166426
  72.045849705111948       -13.475389213845478
  74.164711481176042       -13.385412487429782
  76.324714924112101       -13.275720927830594


# Temperature: 930.000000
# Parameters: -13.656302 0.501843 4.892832 65.075652
  56.528584349906573       -13.286808407270451
  58.332554137219944       -13.439224176056729
  60.174500847799713       -13.547276590160301
  62.054820074596620       -13.616612507587041
  63.973907410561303       -13.653937452518218
  65.932158448644500       -13.653822245047113
  67.929968781796887       -13.626341744917660
  69.967734002969152       -13.578744967113144
  72.045849705111948       -13.500074144762729
  74.164711481176042       -13.410875959010857
  76.324714924112101       -13.301962716207402


# Temperature: 940.000000
# Parameters: -13.678790 0.500067 4.901815 65.118117
  56.528584349906573       -13.306559798536398
  58.332554137219944       -13.459541905912324
  60.174500847799713       -13.568168243173487
  62.054820074596620       -13.638106033066878
  63.973907410561303       -13.676087869156866
  65.932158448644500       -13.676588387026849
  67.929968781796887       -13.649754982790883
  69.967734002969152       -13.602883203865561
  72.045849705111948       -13.524869551472642
  74.164711481176042       -13.436450001735814
  76.324714924112101       -13.328315155532922


# Temperature: 950.000000
# Parameters: -13.701400 0.498288 4.910837 65.160786
  56.528584349906573       -13.326419425877688
  58.332554137219944       -13.479968051145020
  60.174500847799713       -13.589168490865529
  62.054820074596620       -13.659708297288832
  63.973907410561303       -13.698347164455186
  65.932158448644500       -13.699463535146695
  67.929968781796887       -13.673277339774689
  69.967734002969152       -13.627130673735458
  72.045849705111948       -13.549774275250570
  74.164711481176042       -13.462133452734305
  76.324714924112101       -13.354777081900373


# Temperature: 960.000000
# Parameters: -13.724133 0.496503 4.919900 65.203658
  56.528584349906573       -13.346386183427420
  58.332554137219944       -13.500501503815059
  60.174500847799713       -13.610276219078115
  62.054820074596620       -13.681418181948885
  63.973907410561303       -13.720714212854176
  65.932158448644500       -13.722446561774797
  67.929968781796887       -13.696907685127945
  69.967734002969152       -13.651486242872423
  72.045849705111948       -13.574787178100390
  74.164711481176042       -13.487925172973780
  76.324714924112101       -13.381347352131508


# Temperature: 970.000000
# Parameters: -13.746986 0.494715 4.929005 65.246737
  56.528584349906573       -13.366458991229347
  58.332554137219944       -13.521141177747641
  60.174500847799713       -13.631490335417881
  62.054820074596620       -13.703234590507972
  63.973907410561303       -13.743187915741919
  65.932158448644500       -13.745536365189960
  67.929968781796887       -13.720644911947318
  69.967734002969152       -13.675948800227420
  72.045849705111948       -13.599907146900220
  74.164711481176042       -13.513824046223075
  76.324714924112101       -13.408024848958732


# Temperature: 980.000000
# Parameters: -13.769959 0.492922 4.938152 65.290024
  56.528584349906573       -13.386636789019326
  58.332554137219944       -13.541886008532915
  60.174500847799713       -13.652809771329277
  62.054820074596620       -13.725156450264830
  63.973907410561303       -13.765767195235020
  65.932158448644500       -13.768731861290233
  67.929968781796887       -13.744487935094437
  69.967734002969152       -13.700517257552793
  72.045849705111948       -13.625133092365974
  74.164711481176042       -13.539828980088831
  76.324714924112101       -13.434808475842981


# Temperature: 990.000000
# Parameters: -13.793051 0.491124 4.947339 65.333521
  56.528584349906573       -13.406918538298166
  58.332554137219944       -13.562734951453134
  60.174500847799713       -13.674233476912420
  62.054820074596620       -13.747182706137448
  63.973907410561303       -13.788450994178616
  65.932158448644500       -13.792031991884322
  67.929968781796887       -13.768435690159448
  69.967734002969152       -13.725190548365843
  72.045849705111948       -13.650463944905676
  74.164711481176042       -13.565938901869785
  76.324714924112101       -13.461697160082995


# Temperature: 1000.000000
# Parameters: -13.816260 0.489322 4.956568 65.377231
  56.528584349906573       -13.427303220258779
  58.332554137219944       -13.583686981482646
  60.174500847799713       -13.695760422995956
  62.054820074596620       -13.769312325845195
  63.973907410561303       -13.811238276146369
  65.932158448644500       -13.815435716400188
  67.929968781796887       -13.792487136570310
  69.967734002969152       -13.749967627948818
  72.045849705111948       -13.675898656692294
  74.164711481176042       -13.592152762702487
  76.324714924112101       -13.488689849706038


