        0.000000000000000        62.220010182218331
       10.000000000000000        62.220013399925705
       20.000000000000000        62.220072180695645
       30.000000000000000        62.220399583830535
       40.000000000000000        62.221518612025690
       50.000000000000000        62.224101924091272
       60.000000000000000        62.228669348673684
       70.000000000000000        62.235491653678480
       80.000000000000000        62.244632144861335
       90.000000000000000        62.256018053555024
      100.000000000000000        62.269501233208800
      110.000000000000000        62.284899933801682
      120.000000000000000        62.302024767599576
      130.000000000000000        62.320693280807419
      140.000000000000000        62.340737272197913
      150.000000000000000        62.362005663413413
      160.000000000000000        62.384364930663871
      170.000000000000000        62.407698208443577
      180.000000000000000        62.431903749371088
      190.000000000000000        62.456893284704073
      200.000000000000000        62.482590316312198
      210.000000000000000        62.508928496284867
      220.000000000000000        62.535850265856034
      230.000000000000000        62.563305618308931
      240.000000000000000        62.591251043498069
      250.000000000000000        62.619648552917631
      260.000000000000000        62.648464828581744
      270.000000000000000        62.677670899152162
      280.000000000000000        62.707241098900887
      290.000000000000000        62.737152978587353
      300.000000000000000        62.767386615884888
      310.000000000000000        62.797924485255024
      320.000000000000000        62.828751006020418
      330.000000000000000        62.859852373151298
      340.000000000000000        62.891216326845701
      350.000000000000000        62.922831946326092
      360.000000000000000        62.954689493082284
      370.000000000000000        62.986780178544407
      380.000000000000000        63.019096463127958
      390.000000000000000        63.051631189755199
      400.000000000000000        63.084378201464318
      410.000000000000000        63.117332034441574
      420.000000000000000        63.150487574162511
      430.000000000000000        63.183840524212663
      440.000000000000000        63.217386922389707
      450.000000000000000        63.251122984357799
      460.000000000000000        63.285045820033687
      470.000000000000000        63.319152521205666
      480.000000000000000        63.353440523040739
      490.000000000000000        63.387907680145538
      500.000000000000000        63.422552091989743
      510.000000000000000        63.457372025624075
      520.000000000000000        63.492365914566633
      530.000000000000000        63.527532622301656
      540.000000000000000        63.562870837613396
      550.000000000000000        63.598379851947946
      560.000000000000000        63.634058735574847
      570.000000000000000        63.669906888135067
      580.000000000000000        63.705923830943114
      590.000000000000000        63.742109361967756
      600.000000000000000        63.778463022142361
      610.000000000000000        63.814984656712568
      620.000000000000000        63.851674464178281
      630.000000000000000        63.888532327748315
      640.000000000000000        63.925558461815143
      650.000000000000000        63.962753091427537
      660.000000000000000        64.000116497182617
      670.000000000000000        64.037649192596831
      680.000000000000000        64.075351568191337
      690.000000000000000        64.113224216166188
      700.000000000000000        64.151267685722189
      710.000000000000000        64.189482719619079
      720.000000000000000        64.227869998708087
      730.000000000000000        64.266430333189263
      740.000000000000000        64.305164460718245
      750.000000000000000        64.344073633356643
      760.000000000000000        64.383158471766549
      770.000000000000000        64.422420126006017
      780.000000000000000        64.461859540856025
      790.000000000000000        64.501478004004355
      800.000000000000000        64.541276487136528
      810.000000000000000        64.581256343420421
      820.000000000000000        64.621418627094684
      830.000000000000000        64.661765007264620
      840.000000000000000        64.702296383239457
      850.000000000000000        64.743014131943511
      860.000000000000000        64.783920012818911
      870.000000000000000        64.825015328363889
      880.000000000000000        64.866301599155605
      890.000000000000000        64.907780184632074
      900.000000000000000        64.949452831235917
      910.000000000000000        64.991321395552617
      920.000000000000000        65.033386935861628
      930.000000000000000        65.075651898208477
      940.000000000000000        65.118117476273540
      950.000000000000000        65.160785672307313
      960.000000000000000        65.203658330362543
      970.000000000000000        65.246737086856925
      980.000000000000000        65.290023910953906
      990.000000000000000        65.333521120796775
     1000.000000000000000        65.377230512407237
