   0.000000000000000        -0.002915395974838
  10.000000000000000        -0.002915378786765
  20.000000000000000        -0.002915064796779
  30.000000000000000        -0.002913315906914
  40.000000000000000        -0.002907338438479
  50.000000000000000        -0.002893539536780
  60.000000000000000        -0.002869143324852
  70.000000000000000        -0.002832705231181
  80.000000000000000        -0.002783889823546
  90.000000000000000        -0.002723089296411
 100.000000000000000        -0.002651098970227
 110.000000000000000        -0.002568893872346
 120.000000000000000        -0.002477489820151
 130.000000000000000        -0.002377865436563
 140.000000000000000        -0.002270922969448
 150.000000000000000        -0.002157472917638
 160.000000000000000        -0.002038231714248
 170.000000000000000        -0.001913826522663
 180.000000000000000        -0.001784803482176
 190.000000000000000        -0.001651636490408
 200.000000000000000        -0.001514736352844
 210.000000000000000        -0.001374459463186
 220.000000000000000        -0.001231115098244
 230.000000000000000        -0.001084972047925
 240.000000000000000        -0.000936264273091
 250.000000000000000        -0.000785196129399
 260.000000000000000        -0.000631946926838
 270.000000000000000        -0.000476672680917
 280.000000000000000        -0.000319511673799
 290.000000000000000        -0.000160584949790
 300.000000000000000         0.000000000000000
 310.000000000000000         0.000162148529042
 320.000000000000000         0.000325776419426
 330.000000000000000         0.000490808969818
 340.000000000000000         0.000657179760035
 350.000000000000000         0.000824829545984
 360.000000000000000         0.000993705418489
 370.000000000000000         0.001163759563106
 380.000000000000000         0.001334950836585
 390.000000000000000         0.001507240168827
 400.000000000000000         0.001680593829113
 410.000000000000000         0.001854981793517
 420.000000000000000         0.002030375920427
 430.000000000000000         0.002206752426631
 440.000000000000000         0.002384089322591
 450.000000000000000         0.002562365583671
 460.000000000000000         0.002741564932512
 470.000000000000000         0.002921671013793
 480.000000000000000         0.003102669302642
 490.000000000000000         0.003284547502905
 500.000000000000000         0.003467294622635
 510.000000000000000         0.003650900564495
 520.000000000000000         0.003835356118432
 530.000000000000000         0.004020654348371
 540.000000000000000         0.004206787403858
 550.000000000000000         0.004393750614108
 560.000000000000000         0.004581538146917
 570.000000000000000         0.004770145906978
 580.000000000000000         0.004959570440553
 590.000000000000000         0.005149809748960
 600.000000000000000         0.005340860481672
 610.000000000000000         0.005532720887319
 620.000000000000000         0.005725391067629
 630.000000000000000         0.005918869465170
 640.000000000000000         0.006113156258130
 650.000000000000000         0.006308251676048
 660.000000000000000         0.006504156235048
 670.000000000000000         0.006700871666717
 680.000000000000000         0.006898399051392
 690.000000000000000         0.007096740519420
 700.000000000000000         0.007295897968421
 710.000000000000000         0.007495874301353
 720.000000000000000         0.007696672088430
 730.000000000000000         0.007898294567575
 740.000000000000000         0.008100744588012
 750.000000000000000         0.008304027676928
 760.000000000000000         0.008508146051306
 770.000000000000000         0.008713104683050
 780.000000000000000         0.008918907460433
 790.000000000000000         0.009125560049004
 800.000000000000000         0.009333066453066
 810.000000000000000         0.009541432653379
 820.000000000000000         0.009750663059043
 830.000000000000000         0.009960765268219
 840.000000000000000         0.010171742855315
 850.000000000000000         0.010383601868344
 860.000000000000000         0.010596350329156
 870.000000000000000         0.010809993865937
 880.000000000000000         0.011024539225162
 890.000000000000000         0.011239992299748
 900.000000000000000         0.011456360976156
 910.000000000000000         0.011673653693422
 920.000000000000000         0.011891874730115
 930.000000000000000         0.012111035546392
 940.000000000000000         0.012331141087061
 950.000000000000000         0.012552200470740
 960.000000000000000         0.012774221975163
 970.000000000000000         0.012997212783002
 980.000000000000000         0.013221181779461
 990.000000000000000         0.013446139632290
1000.000000000000000         0.013672094285485
