   1  32   1   0  0.1694903E+02  0.1000000E-03
  CAR 
 unknown system                          
   0   0   0
   1   1
 256 256 256
 256
  0.1000000E-09
  0.6250000E-11
   0
  0.5000000E-15  0.8155144E-09  0.8155144E-09  0.8155144E-09
  0.0000000E+00  0.0000000E+00
  0.000
  0.000
  0.000
  0.000
  0.000
  0.000
  0.000
  0.000
  0.000
  0.000
  0.000
  0.000
  0.000
  0.000
  0.000
  0.000
  0.000
  0.000
  0.000
  0.000
  0.000
  0.000
  0.000
  0.000
  0.000
  0.000
  0.000
  0.000
  0.000
  0.000
  0.000
  0.000
  0.000
  0.000
  0.000
  0.000
  0.000
  0.000
  0.000
  0.000
  0.000
  0.000
  0.000
  0.000
  0.000
  0.000
 30.659
  0.000
  0.000
  0.000
  0.000
  0.000
  0.000
  0.000
  0.000
  0.000
  0.000
  0.000
  0.000
  0.000
  0.000
  0.000
  0.000
  0.000
  0.000
  7.726
  0.000
  0.000
  0.000
  0.000
  0.000
  0.000
  0.000
  0.000
  0.000
  0.000
  0.000
  0.000
  0.000
 20.760
  0.213
  0.000
  0.000
  0.000
  0.000
  0.000
  0.000
  0.000
  0.000
  0.000
  0.000
  0.000
  7.748
  0.000
  0.000
  0.000
  0.000
  0.000
  0.000
  0.000
  0.000
  0.000
  0.000
 12.377
  0.000
  0.000
  0.000
  0.000
  0.000
  0.000
  0.000
  0.000
  0.109
  3.324
  0.000
  0.000
  0.000
  0.000
  0.000
  0.000
  0.000
  0.374
 17.303
  0.000
  0.000
  0.000
  0.000
  0.000
  0.000
  0.000
  0.000
  0.000
  0.000
  0.000
  0.000
  0.000
  0.000
  0.000
 10.368
  0.000
  0.000
  0.000
  0.000
  0.000
  0.000
  6.198
  0.064
  0.000
  0.000
  0.000
  0.000
  0.000
  0.178
  5.451
  0.000
  0.000
  0.000
  0.000
  0.000
  5.212
  0.000
  0.000
  0.000
  0.000
  0.000
  0.000
 14.348
  0.000
  0.000
  0.000
  0.000
  0.000
  0.000
  0.000
  0.000
  0.000
  0.000
  0.000
  8.323
  0.000
  0.000
  0.000
  0.000
  0.000
  0.000
  0.000
  0.000
  0.000
  0.000
  0.000
  7.307
  0.000
  0.000
  0.000
  0.000
  4.336
  0.000
  0.000
  0.000
  0.000
  0.103
  9.695
  0.000
  0.000
  0.000
  0.000
  3.109
  0.000
  0.000
  0.000
  0.000
  5.928
  0.000
  0.000
  0.000
  0.000
  2.829
  0.000
  0.000
  0.000
  0.000
  5.405
  0.000
  0.000
  0.000
  0.000
  0.000
  0.000
  0.000
  0.000
  8.734
  0.000
  0.000
  0.000
  0.000
  2.391
  0.000
  0.000
  0.000
  9.246
  0.000
  0.000
  0.000
  0.047
  4.390
  0.000
  0.000
  0.000
  2.147
  0.000
  0.000
  0.000
  0.000
  0.000
  0.000
  0.000
