   1  32   1   0  0.1927700E+02  0.1000000E-03
  CAR 
 unknown system                          
   0   0   0
   1   1
 256 256 256
 256
  0.1000000E-09
  0.6250000E-11
   0
  0.5000000E-15  0.8512618E-09  0.8512618E-09  0.8512618E-09
  0.0000000E+00  0.0000000E+00
  0.000
  0.000
  0.000
  0.000
  0.000
  0.000
  0.000
  0.000
  0.000
  0.000
  0.000
  0.000
  0.000
  0.000
  0.000
  0.000
  0.000
  0.000
  0.000
  0.000
  0.000
  0.000
  0.000
  0.000
  0.000
  0.000
  0.000
  0.000
  0.000
  0.000
  0.000
  0.000
  0.000
  0.000
  0.000
  0.000
  0.000
  0.000
  0.000
  0.000
  0.000
  0.000
  0.000
  0.000
  0.000
  0.000
  0.000
  0.000
 32.053
  0.000
  0.000
  0.000
  0.000
  0.000
  0.000
  0.000
  0.000
  0.000
  0.000
  0.000
  0.000
  0.000
  0.000
  0.000
  0.000
  0.000
  0.000
  0.086
  7.951
  0.000
  0.000
  0.000
  0.000
  0.000
  0.000
  0.000
  0.000
  0.000
  0.000
  0.000
  0.000
  0.000
  0.000
 21.628
  0.000
  0.000
  0.000
  0.000
  0.000
  0.000
  0.000
  0.000
  0.000
  0.000
  0.000
  0.000
  8.097
  0.000
  0.000
  0.000
  0.000
  0.000
  0.000
  0.000
  0.000
  0.000
  0.000
 13.049
  0.000
  0.000
  0.000
  0.000
  0.000
  0.000
  0.000
  0.000
  0.000
  3.527
  0.112
  0.000
  0.000
  0.000
  0.000
  0.000
  0.000
  0.000
  0.000
 18.553
  0.000
  0.000
  0.000
  0.000
  0.000
  0.000
  0.000
  0.000
  0.000
  0.000
  0.000
  0.000
  0.000
  0.000
  0.000
  0.000
 10.833
  0.000
  0.000
  0.000
  0.000
  0.000
  0.000
  0.000
  6.484
  0.000
  0.000
  0.000
  0.000
  0.000
  0.000
  5.928
  0.000
  0.000
  0.000
  0.000
  0.000
  0.000
  5.440
  0.000
  0.000
  0.000
  0.000
  0.000
  0.000
 15.029
  0.000
  0.000
  0.000
  0.000
  0.000
  0.000
  0.000
  0.000
  0.000
  0.000
  0.000
  0.000
  8.671
  0.000
  0.000
  0.000
  0.000
  0.000
  0.000
  0.000
  0.000
  0.000
  0.000
  0.000
  7.654
  0.000
  0.000
  0.000
  0.000
  0.000
  4.507
  0.000
  0.000
  0.000
  0.000
 10.200
  0.106
  0.000
  0.000
  0.000
  0.000
  3.247
  0.000
  0.000
  0.000
  0.000
  6.203
  0.000
  0.000
  0.000
  0.000
  2.935
  0.031
  0.000
  0.000
  0.000
  5.558
  0.117
  0.000
  0.000
  0.000
  0.000
  0.000
  0.000
  0.000
  0.000
  9.125
  0.000
  0.000
  0.000
  0.000
  2.502
  0.000
  0.000
  0.000
  0.000
  9.613
  0.000
  0.000
  0.000
  4.656
  0.000
